71
1578
3068
3164
3189
4775
2
162
2971
3179
3182
3801
3
144
162
1192
3179
4
143
144
1192
4706
5
143
2536
2782
4706
6
2536
2609
2781
2782
7
232
2609
2781
2802
8
232
233
2802
2920
9
233
1122
2920
4165
10
433
1122
1123
4165
4540
11
431
433
891
1123
2408
4248
12
2408
3094
4248
13
1364
1366
3093
3094
4248
14
1364
3093
3244
4558
15
1089
3244
3245
4486
4558
4592
16
1089
1090
4187
4592
17
1090
3941
4187
4188
18
3941
3942
4188
4415
19
1040
3699
3701
3942
4415
20
1040
1041
3488
3701
4105
21
1041
1342
3488
3489
22
1342
3489
3811
4676
23
3368
3369
3811
4504
4676
24
3368
4504
4774
25
3368
4120
4121
4462
4774
26
2386
3829
4121
4462
27
2386
3706
3829
4401
28
2843
3596
3706
4401
29
2843
2844
2896
3596
30
2844
2896
2898
3542
3914
31
2673
2898
3061
3542
32
1681
2288
2672
2673
3542
33
2288
2520
2672
34
2167
2288
2520
3077
3176
35
2166
2167
3176
4067
36
2166
2193
4067
4068
4135
37
2190
2193
3418
4135
38
2190
3361
3418
3556
39
2410
3361
3556
3590
40
2048
2410
3202
3590
41
2048
2049
2926
3085
3202
42
2049
2422
3085
3212
43
989
990
2422
3212
4660
44
990
4004
4660
4736
45
3289
3598
4004
4736
46
2029
3289
3598
3599
47
1422
2029
3540
3599
48
1422
1427
3360
3504
3540
49
3360
3504
3702
4290
50
3702
3703
4208
4210
4290
51
3703
3803
4210
4428
4631
52
3802
3803
4162
4631
53
557
3802
4162
4179
54
556
557
558
4177
4179
55
558
4177
4178
56
558
898
899
3514
4178
57
899
3512
3514
3773
58
3512
3772
3773
4388
4393
59
4173
4388
4393
4398
4475
60
4398
4475
4476
4514
61
3348
4476
4514
4554
62
3148
3348
4553
4554
63
3148
3778
3887
4553
64
2703
3778
3779
3887
4045
65
736
2703
2704
3779
66
735
736
2464
2704
3733
67
735
2464
2465
2707
68
712
2465
2706
2707
69
125
127
712
2706
2725
70
127
2525
2725
2742
71
482
2525
2669
2742
2743
482
1578
2743
3185
3188
4775
73
74
78
395
396
490
536
74
78
334
339
754
757
334
490
900
76
77
87
88
89
90
418
77
90
678
2411
89
677
678
1153
395
754
963
80
81
82
284
2114
81
82
1159
1532
2073
284
285
290
1159
1532
2003
2005
2114
84
85
86
2106
2110
85
86
202
294
371
372
293
294
2110
2373
2526
91
92
372
2106
88
89
412
413
2772
412
418
423
1153
2771
2772
417
418
1546
2411
92
93
372
1118
93
815
2105
2106
2891
699
815
1118
1120
95
96
315
1337
1338
96
315
316
317
317
867
868
1337
98
99
1154
2467
3522
99
100
1154
2747
4086
4087
100
3522
4596
4753
2746
2747
2749
4596
102
103
1852
2639
2640
3111
3291
103
108
1852
2235
108
837
3111
105
106
2670
2671
3734
3742
106
107
1963
3734
4313
107
123
124
1957
2671
1955
1956
1957
1963
541
542
837
838
2235
110
111
112
2081
2899
111
112
177
178
1577
2076
350
1577
1918
2080
2081
177
180
2899
114
115
890
892
2921
4684
115
910
4081
4377
4684
890
910
911
117
118
813
814
1717
1718
118
813
963
1037
1200
997
1037
1718
120
121
324
325
327
121
147
327
477
478
3017
147
325
811
812
123
124
128
1253
1255
1813
124
128
2671
1253
1957
126
127
2706
3005
3043
127
2525
2748
3043
3327
4029
2525
707
708
1508
1813
2671
130
131
132
2311
2840
131
132
377
378
379
379
566
2311
2531
377
512
1678
2840
134
135
136
1488
2067
135
136
349
1106
1529
1785
1785
1915
2066
2067
349
1487
1488
1489
138
139
146
1565
2938
3079
139
146
1161
1927
2337
1565
1927
2735
2736
3125
141
142
145
773
1131
1133
142
145
1773
2494
2635
2638
2702
1133
1355
2635
2637
144
219
2536
2861
162
2861
2863
953
1131
2494
1160
1161
2938
477
502
812
1875
149
150
715
1046
1060
1130
150
155
156
157
517
1046
155
715
719
152
153
184
1589
1590
1871
153
154
616
623
1589
154
182
183
184
183
623
1023
1024
517
704
719
944
157
313
517
703
1048
1046
1047
1048
159
160
425
528
1567
160
161
424
425
1722
2890
161
528
821
821
1720
1721
1722
2863
3219
3230
3801
164
165
390
2365
2399
3001
165
768
2365
2381
2382
390
768
770
167
168
173
518
519
1535
168
173
974
975
2306
2840
519
897
2306
170
171
172
2936
2937
171
172
227
229
3927
3928
227
228
2937
3571
2936
3650
3928
4382
975
1535
1536
175
176
181
527
1035
176
181
698
957
2312
2318
343
344
957
1035
178
179
180
1935
1883
1934
1935
2076
180
1492
1935
1936
2187
2187
2899
2959
2960
526
527
696
698
183
184
507
902
2248
507
508
663
1023
442
1871
2248
186
187
1070
1071
1780
1781
187
188
1070
1877
1878
188
1354
1598
1781
3260
1354
1877
2350
2665
190
191
192
1569
2449
191
192
2194
2221
3170
3425
2185
2186
2194
2449
2450
1569
2219
2221
2597
194
195
196
2452
3346
3634
195
196
2579
3149
3150
3149
3634
3885
2452
2453
2454
2579
198
199
200
407
416
3231
199
268
406
407
1012
200
649
650
1012
415
416
485
649
729
202
203
230
231
235
244
448
203
244
294
371
373
338
373
439
448
205
206
356
400
3016
3137
206
397
417
3016
340
356
397
1168
2570
208
209
210
215
3931
4583
4584
209
2955
3480
3481
3931
210
2954
2955
215
2954
3371
3372
3604
212
213
214
1385
1386
1387
2180
2181
213
214
1398
2741
1398
2181
2493
2982
1387
1750
2718
2741
3604
4250
4584
217
218
334
339
466
467
468
218
468
756
823
901
334
755
756
220
221
2536
2861
3080
3469
221
469
2536
2609
469
1132
3469
4670
223
224
225
1632
1832
3904
224
226
1832
1833
1834
225
226
1059
2038
2901
1059
1632
1633
1834
2038
2998
2999
228
229
1419
1420
1419
2035
3570
3571
1420
2278
3927
231
235
342
458
1206
335
448
1206
233
234
469
2609
3456
234
4165
4749
3456
4713
4749
244
341
342
237
238
370
372
1118
1286
238
239
526
1118
1120
239
1036
1286
3139
526
527
1034
1036
241
242
479
1232
1234
1398
2263
242
243
421
422
1530
2263
243
479
480
422
480
1504
2074
293
294
341
246
247
992
993
1261
247
259
260
992
1421
259
927
1061
1062
1261
249
250
251
917
1097
2302
250
251
354
355
2446
3174
257
354
917
918
1096
1097
2446
253
254
258
449
450
2916
254
258
1376
1377
1452
4626
1057
1058
1376
2916
256
257
1735
1736
2439
2984
257
918
925
2438
2439
354
918
1735
450
1450
1452
3006
260
926
927
985
396
536
985
1421
262
263
264
2529
2970
3007
263
264
2948
3559
4453
2948
2950
2951
3007
1239
1240
2970
3559
266
267
1000
2082
2361
267
268
914
915
2082
268
1000
1007
1152
2468
406
915
1012
2468
270
271
272
1141
1460
1989
2358
271
272
1143
2121
3315
1458
1459
1460
2120
2121
1141
1142
1143
274
275
289
292
2134
2419
275
1607
1608
2419
2540
289
2540
3083
3107
277
278
402
704
944
1247
278
401
402
614
615
544
615
1245
1247
280
281
2164
2165
2166
2167
281
282
807
808
2164
282
2166
2191
2193
808
1257
1258
2191
284
285
628
629
2458
3243
285
2114
2458
2459
290
291
629
287
288
313
314
322
388
288
314
852
854
1404
2400
388
2399
2400
292
2456
3107
3108
291
1159
1468
1469
629
635
1320
1321
1469
2133
2134
2455
2456
294
341
2526
296
297
308
1340
2403
297
298
299
308
777
864
864
1021
1022
2403
299
308
642
645
1380
645
777
778
1147
301
302
303
1389
2174
2272
302
303
830
832
1451
1453
1451
1470
1563
2174
3087
832
2272
3848
305
306
429
1471
2553
3073
306
307
631
1723
3073
3337
307
2553
2556
1662
1664
1792
2556
3337
1340
1341
1379
1380
310
311
1051
1759
4754
311
312
1051
1053
4274
4275
312
437
1758
1759
2445
437
438
4274
314
322
703
1048
926
1048
1404
316
403
404
1338
3118
317
403
584
1092
868
1092
1256
319
320
321
538
539
964
320
321
1520
1525
2914
964
1899
2914
539
540
1491
1520
388
389
465
703
324
325
1001
2943
3404
325
327
328
796
2943
811
1001
327
328
1126
1127
1128
328
1126
3017
796
797
1128
330
331
332
3308
3309
4306
331
332
333
1802
2440
2779
2440
3882
4306
333
2478
3309
4113
2779
3971
4113
339
755
900
336
337
338
448
1206
2793
337
338
1075
3118
1338
2793
3118
439
448
1075
1076
466
757
1025
341
342
356
1167
1168
342
1167
2526
356
457
458
344
345
955
956
957
345
869
870
1035
870
956
2430
347
348
349
888
1106
1183
2152
348
349
1489
2154
2152
2153
2154
2155
1106
1489
351
352
353
1674
2080
2081
352
353
436
2448
436
1674
2407
2409
2080
2232
2447
2448
355
1735
1735
2244
2245
3174
400
457
358
359
360
1904
3329
359
360
361
1345
4473
1345
1351
1904
3851
4768
361
1422
1427
3329
1422
2029
4473
363
364
1214
1216
1217
3425
364
365
1217
1630
2017
365
374
3425
374
375
1629
1630
367
368
380
383
634
2375
2910
368
369
2275
2375
2961
369
383
1298
1844
3142
1296
1298
2961
371
372
373
1286
1287
372
373
1118
439
1287
375
376
3170
3425
376
654
1629
2030
2030
2185
2194
2430
3170
378
512
1198
1528
379
1198
1199
2532
2531
2532
381
382
383
2910
382
383
3142
3178
3201
1791
1792
2909
2910
3178
3142
385
386
387
528
529
821
2801
386
821
1073
1315
387
391
1072
1073
391
2800
2801
3486
389
390
2399
390
409
465
770
770
2399
398
1072
1074
3486
393
394
1447
2084
2108
2420
394
399
1447
1448
2518
398
399
2108
2109
2521
396
962
963
1421
536
1421
417
418
423
2570
399
1074
2521
3486
2518
3486
456
457
913
3137
402
411
464
614
1151
464
704
404
582
584
1462
1075
1462
3118
406
407
408
544
615
3231
407
408
2468
3231
614
615
2468
410
411
464
465
770
411
769
770
1151
1156
464
1151
413
414
423
1207
1208
414
1238
1399
1400
2772
2912
452
1208
1237
1238
416
485
666
845
846
545
666
3231
418
1546
3016
423
420
421
1330
1530
1825
2667
2848
421
422
2074
2075
2666
2667
422
1530
2074
1207
2570
425
426
523
1807
2890
426
1567
2744
1596
1807
2715
2744
428
429
430
1654
2553
2555
429
430
1388
1389
1470
2174
1470
1471
2553
1388
1654
3052
432
433
1367
4248
4734
433
4510
4511
4734
4511
4540
435
436
437
2445
2448
436
437
438
3269
3270
2409
2448
3270
438
2445
3269
3516
3886
4274
1076
1197
1198
1287
441
442
447
673
720
833
442
447
1871
3089
3317
833
1871
2248
444
445
446
804
806
1008
1009
1010
445
446
3330
3331
4078
1009
3330
3945
4144
806
3959
4078
720
1356
1358
3317
450
632
1724
2371
2374
2916
1724
3006
452
453
454
1169
2110
2373
453
454
1208
1237
2097
2097
2107
2110
3026
1167
1168
1169
1207
1208
2570
456
457
458
463
916
1222
457
913
916
458
463
1206
460
461
462
2432
2435
461
462
1447
2421
3390
2044
2046
2421
2432
2435
3390
3531
4151
1206
1222
1227
1228
2793
465
703
704
703
467
1025
2939
468
2006
2939
3004
513
823
3004
1132
2609
3456
3457
471
472
506
578
798
1357
2504
472
484
575
576
578
2750
484
1891
2418
2504
474
475
476
2267
2434
3532
475
476
608
609
2806
2267
2268
2806
609
1209
1604
2434
2492
478
502
1086
1088
1088
2307
3017
480
1398
1505
2493
1504
1505
482
483
1474
1578
2332
3068
483
1578
2669
1474
2669
3775
4030
2357
2418
2619
2750
729
846
1690
487
488
489
1870
3612
3844
4227
488
489
3832
4309
3612
3613
4309
4745
1104
1870
2429
3832
536
842
900
2310
492
493
889
2077
2908
3867
4251
493
1621
2908
3938
4338
2077
2078
2079
4338
495
496
497
1390
1754
1755
1756
496
497
789
2879
2880
788
789
1756
1388
1390
2880
499
500
2503
3147
3175
3254
500
501
1827
2561
3147
501
575
2170
3123
3175
1827
1828
1829
3123
1086
1875
2737
3120
504
505
673
2501
2928
2930
505
506
2501
2502
3255
506
673
720
798
578
798
3255
508
756
901
902
662
663
755
756
510
511
2064
2065
2441
511
531
537
1133
2065
2297
531
2441
3312
582
1462
1528
1678
514
515
823
1150
3004
515
516
1148
1150
2927
516
822
823
824
824
2927
2928
2930
703
704
519
520
1535
2755
2757
520
521
897
521
2757
2765
2767
885
897
2758
2765
523
524
2890
3033
3067
3177
524
525
1807
2890
525
2173
3033
3034
3035
1807
2401
2402
3035
527
696
699
1120
1034
1035
529
530
821
1567
530
2260
2801
1566
1567
2260
537
1884
2093
3312
533
534
1311
2119
2812
2813
534
535
838
2812
3020
535
2119
2206
2189
2206
2207
2846
3020
3198
842
985
1133
1355
1884
539
794
964
1557
540
1069
1557
2705
1069
1491
1492
542
543
838
1437
2188
2189
3020
543
2235
3375
1435
1437
1438
3375
545
546
615
1245
3231
546
555
666
3231
555
772
1245
1246
2962
548
549
3009
3010
3920
4269
549
550
1383
3508
4269
550
3010
4374
4542
4543
2111
2112
3508
4374
552
553
4042
4534
4535
553
554
577
2262
4042
554
4535
4554
4721
577
4553
4554
666
771
772
973
557
558
894
4616
894
896
3802
3804
898
4616
560
561
562
563
1313
1548
2305
561
1708
1709
1710
2304
2305
3112
562
1710
1842
2907
563
1840
1841
1842
1548
1840
1992
3674
565
566
570
2531
2551
566
570
883
884
2581
883
2311
2531
568
569
1124
1125
2568
2569
2855
569
1125
4343
4731
4732
2780
2855
4343
2551
2581
2582
3572
572
573
1081
4410
4417
4699
573
574
1523
4699
574
1081
4332
4356
4357
1523
3262
4357
4737
576
2169
2170
2750
3175
578
3175
3255
1676
2261
2262
3778
3779
4553
3255
580
581
594
596
3675
3852
581
3852
3853
4597
4598
596
1293
1294
4597
583
584
1462
1678
584
974
976
1091
1678
1091
1092
586
587
588
3827
3995
587
588
4462
4503
4504
4774
3992
3994
3995
4503
3827
3828
3829
4462
590
591
638
1185
3042
3259
591
592
1854
3042
592
2933
3059
3259
1851
1854
2564
2906
2933
594
595
3187
3675
3905
4080
4389
595
596
3675
596
2725
2742
3905
1293
2725
598
599
1866
3680
4097
599
600
2759
2761
4023
4097
600
1124
3218
3680
1124
1125
4022
4023
602
603
879
2264
2265
603
608
841
2264
2806
2892
2893
608
609
877
879
605
606
607
3322
3499
3500
3967
606
607
4555
4648
3499
3569
4012
4648
3967
4508
4555
4556
609
2806
877
1209
611
612
613
2211
4444
4445
612
1830
1831
2211
2680
613
1830
2254
3303
1013
1015
1732
3303
4437
4445
615
1151
1152
2468
617
618
622
623
1589
618
639
1589
2481
3091
622
2365
2480
2481
620
621
713
714
2771
2912
621
713
772
2962
2963
979
1399
2912
2963
623
1024
2365
2395
1024
625
626
627
1441
1671
3029
626
1440
1441
3030
3032
627
654
3032
3106
654
1629
1630
1671
629
630
2451
3243
630
635
635
636
2451
3362
632
633
1723
1724
2909
3337
633
634
1724
2374
634
2909
2910
2374
2375
2910
636
1321
2407
2407
2409
3270
3362
638
639
640
1186
2964
2965
639
640
1185
2472
3091
3259
1589
2964
3091
1184
1185
1186
642
643
644
645
2503
3147
643
645
1380
2560
2559
2560
2561
3147
645
1147
2501
2502
2503
2927
1147
647
648
865
875
1149
2006
648
782
2006
2939
782
865
866
867
1229
650
651
652
729
651
915
928
1012
652
653
928
2630
653
729
730
731
759
759
1116
2630
2632
1629
2030
3103
3106
656
657
930
932
2423
2424
657
665
2424
3334
4053
665
930
2817
3897
659
660
1110
3246
4174
4175
660
661
1719
1770
3246
661
1110
1111
3782
1137
1719
3761
3762
3782
663
664
755
843
900
2310
664
1023
843
853
855
1023
2817
2818
3333
3334
4561
845
973
668
669
873
1267
1740
1741
4344
669
873
874
1269
2270
3549
1267
1268
1269
671
672
1060
1061
1260
1261
672
677
678
1060
1130
1146
678
1260
2411
2412
720
833
2930
675
676
697
816
2738
2745
676
2312
2313
2738
2739
697
698
2312
678
1146
1153
2411
680
681
686
1224
1225
2276
681
682
686
2694
3606
682
986
2276
3224
2047
3224
3606
684
685
2967
3729
3875
3948
685
3012
3013
3729
2583
2967
2971
3013
3171
3182
1224
1348
1350
1952
2693
2694
688
689
1289
1290
3078
689
690
695
2549
3002
3078
690
1290
1774
1779
695
738
1779
2888
692
693
694
4072
4184
4201
693
694
1244
1695
4182
1695
4184
4723
4724
2507
2508
4072
4182
738
2548
2549
4707
697
698
699
698
699
815
816
2312
815
1120
701
702
1979
1980
2229
702
705
2227
2228
2229
2459
705
706
1391
1979
704
944
706
2458
2459
3243
1391
1392
1393
3243
708
709
711
1507
1508
3981
709
1813
2300
710
711
2300
4142
711
4037
4038
4142
4748
3384
3981
4705
4748
2465
2725
2726
714
715
719
1246
2962
715
1146
1153
2771
719
1130
1146
717
718
1001
1856
3404
718
978
979
980
1001
1002
771
973
980
1856
944
1246
1247
798
1356
722
723
724
2287
3638
3753
4259
723
724
4048
4049
1796
1797
2285
2287
4049
4411
3502
4048
4259
726
727
728
3027
3060
727
728
2004
2228
2229
3058
2797
2799
3058
3060
2002
2004
3027
3028
731
1690
731
759
886
1119
3079
886
948
1564
1690
733
734
1679
2296
2768
2770
734
741
1679
1680
2562
741
2233
2296
3206
736
2699
2700
2707
3217
1675
2699
3779
738
739
740
1691
1694
739
740
2888
4507
4707
1026
1691
4108
4507
1694
2886
2887
2888
1680
2233
2234
2578
743
744
748
785
786
2593
3119
744
2325
2523
2593
748
753
1715
1716
2523
746
747
1933
2940
2941
747
1827
1933
2889
1827
2559
2561
2941
753
3119
3934
3935
750
751
752
2534
3350
3351
751
752
941
1299
1212
1299
2534
3669
3670
941
942
943
3350
4100
1716
3935
4149
757
758
963
1200
756
900
901
758
1025
1230
1200
1230
1231
2625
1116
1117
1119
761
762
1157
4303
4751
762
763
1999
3894
3909
4303
763
1157
1158
4272
1999
3222
4272
765
766
2389
2475
2513
4119
766
767
1586
1587
1588
2475
767
1988
4116
4117
4119
1586
4116
4265
769
770
2223
2381
770
1006
1155
1156
2223
772
973
980
2963
2962
2963
774
775
776
1131
1133
775
776
3658
4125
953
954
1131
4125
1133
2297
3479
3658
3659
778
863
864
865
875
875
1147
1148
1149
1150
780
781
2781
2802
4200
781
4200
4632
4669
4726
2802
2920
2921
4726
1025
1229
1230
2939
784
785
2773
3119
3825
3826
4738
785
786
791
3825
4180
786
3119
791
2592
2593
788
789
790
1044
1925
3153
3165
789
790
1756
2783
1044
2879
1924
1925
2783
2540
2592
3083
4180
793
794
795
964
2383
2384
794
795
1554
1557
3731
964
1557
2384
3730
3731
4741
797
1575
1576
2943
1128
1575
2735
3003
1356
1357
800
801
2983
3610
4385
4422
801
802
1067
1068
4422
802
2987
2990
3610
4606
1067
2789
2990
804
805
806
2182
2183
3818
805
806
1010
1010
1894
3398
3818
2182
3959
808
809
2164
3248
809
1257
3075
2271
3075
3076
3248
3252
811
812
1002
1236
2007
812
1001
1002
1875
2007
814
1200
2625
2642
1222
1228
1717
2642
816
2891
1087
2745
2891
818
819
820
1584
1585
3983
819
820
1204
3899
4689
3721
3983
4293
4689
1204
1205
1584
2858
1315
1720
823
824
833
902
2248
901
902
833
2930
826
827
828
3764
3765
3926
827
828
848
1515
1516
1515
3428
3765
4525
4526
848
849
3926
4077
830
831
1449
1453
3865
4093
4094
831
832
1453
832
3235
3863
3864
3865
3235
3848
2248
2930
835
836
2214
2218
2695
3550
3607
836
2693
2694
2695
2693
3550
3551
3925
4647
838
2033
2812
3111
2812
3020
840
841
850
851
2823
3355
841
2268
2269
3355
850
2268
2806
2892
843
844
984
985
2310
844
853
2310
852
853
984
846
949
973
1856
2436
948
949
1690
848
849
1767
1768
4633
849
1516
4633
1767
3250
4077
851
1095
1705
2892
1705
1706
1707
2823
853
854
984
1404
854
855
855
2400
2935
1023
1024
2935
857
858
2142
2143
2144
3853
858
3852
3853
4052
4524
2144
3564
4052
4755
860
861
1826
3709
3870
4490
861
862
1623
1624
1628
1826
862
2236
2237
3709
1628
2237
3993
4609
864
865
866
868
1022
1256
1022
866
875
867
868
868
1229
1337
1256
870
1035
2385
3124
3273
2430
3105
3124
3543
872
873
1511
1512
1513
1514
873
874
1511
3835
874
1514
1741
2951
3549
3835
1149
877
878
879
903
912
1757
1837
878
879
1209
1324
903
1323
1324
1837
2265
881
882
2862
3080
4002
4271
882
3080
3469
4548
4549
4271
4522
4548
884
885
897
2306
2311
885
2581
2881
897
2758
2881
1564
1565
3079
888
889
1106
1529
2339
889
1106
1183
4251
2339
3866
3867
4251
891
892
911
2853
892
1123
2408
2853
1122
1123
2921
894
895
3472
3473
3474
3839
4616
895
896
4616
896
2716
3474
4710
4766
3804
4710
2306
899
3839
3840
4616
3773
3840
2310
902
2248
912
1288
1323
2495
905
906
4441
4614
4690
906
907
3376
4441
4644
907
1064
4690
1064
1066
3602
3608
4644
909
910
2063
3794
3824
910
911
2676
2677
3824
911
3794
4081
2677
2853
1757
2118
2479
2486
2495
916
1714
3137
3138
915
928
1454
1672
2082
2633
928
1012
1222
1714
1717
918
919
2302
919
920
925
920
943
2302
4100
4158
925
1858
2437
4158
922
923
924
3041
3792
4245
923
924
2653
2654
4099
4772
3791
3792
3895
4772
2653
4159
4245
2437
2438
927
984
985
1048
1404
1047
1048
1062
2630
2633
930
931
932
4196
4325
4697
931
932
3897
3897
4196
4197
4198
2423
3776
4697
934
935
2298
2299
4143
4687
935
936
2298
4234
4235
4236
4237
936
3292
4687
1625
3292
4237
938
939
3553
3891
4104
4419
939
940
3386
3553
4756
940
2577
3817
4104
2577
3671
4053
4756
942
1299
1300
3676
943
2405
3676
2405
4100
4158
1247
946
947
3963
3964
4089
4556
947
3612
3613
4089
3613
4555
4556
4648
949
950
951
1564
1690
950
1576
2436
951
1575
1576
1564
1565
1575
2736
953
954
1277
3725
3727
3797
4719
954
1131
1277
2494
4125
4127
4719
956
957
1432
1433
2186
2318
2185
2186
2430
2318
959
960
1378
2351
2352
2394
960
961
2352
3037
961
2101
2102
2394
4637
2098
2102
3037
3748
963
992
997
1037
1421
1037
1200
1899
2383
966
967
4107
4559
4715
4716
967
4107
4109
4110
4659
4110
4326
4347
4716
969
970
1498
1499
4334
4335
970
971
1498
4160
4712
971
972
3847
4335
972
3429
3430
4160
3430
3846
3847
4177
1856
975
976
1678
2840
976
977
1536
2404
977
1091
1021
1091
2403
2404
979
1002
1236
1399
1400
980
1399
2963
2963
982
983
1011
1986
1987
3511
983
1011
1461
2346
2347
1461
1987
4577
4743
985
1404
987
988
989
2276
3224
988
989
990
4004
4005
1225
1291
2276
4005
990
2422
3224
4004
992
993
997
1308
1718
2679
993
997
1421
1260
1261
1308
995
996
1751
3953
3960
4652
996
2824
3498
3758
4652
1751
1752
2824
1037
1718
999
1000
1006
1007
1155
1476
1000
1476
2359
2361
1007
2361
1002
3404
1236
1004
1005
1513
1514
4491
4651
1005
1514
3754
3755
4541
3662
3663
3754
4651
1007
1155
1156
1151
1152
1156
1009
1010
2590
2591
3947
3944
3945
3946
3947
2590
3398
2347
3495
3496
3511
3563
1014
1015
1394
1396
3303
1015
1019
1396
3446
1019
1730
1731
1732
1017
1018
1081
4330
4331
4332
1018
3090
3113
4136
4331
4456
1080
1081
3090
1731
3446
3561
3568
1021
1022
1091
1092
1256
1022
1091
2403
1256
1024
2395
2935
1230
2939
1027
1028
1691
1692
4016
4108
1028
1029
1646
4016
1029
1692
3783
3838
1645
1646
1651
3783
1031
1032
2060
2062
2676
3824
1032
1033
2062
3150
4286
1033
2676
2678
3141
4479
3141
4285
4286
1035
1036
2385
2541
2385
2541
3139
1039
1040
1041
1042
1461
2346
3618
1040
3011
3618
3942
1041
3942
1042
1342
1342
1461
4577
1044
1045
1050
1550
1553
2066
1045
1550
2634
2879
3165
1049
1050
2878
2879
1047
1060
1062
1048
1062
1050
1652
1653
1654
2878
1653
2066
2067
1052
1053
3874
4754
1053
1054
3874
3875
3876
3877
3878
1054
4275
3876
4047
4275
4530
1056
1057
1569
1592
2219
2607
1057
1058
1568
1569
1593
2293
1058
1376
1592
2293
2916
1633
2763
2764
2901
4582
1061
1062
1130
1062
1261
1064
1065
1538
3220
3221
4691
1065
1066
1538
4690
1066
2621
3220
3435
2620
2621
3602
1068
2789
2791
4420
4575
4420
4421
4422
4423
1492
1936
2586
2705
1071
1573
1836
1878
1570
1572
1573
1780
1073
1074
1218
2362
2364
1218
1219
1315
2364
2521
1076
1462
1528
3118
1198
1528
1078
1079
3879
4207
4363
4414
1079
4044
4412
4414
3021
3879
4044
1081
1932
2905
3090
4410
4436
4332
4410
1083
1084
1262
1263
3101
3102
1084
3101
4623
4624
1262
3301
3795
4551
4623
4763
1086
1087
2105
2107
2891
3120
1087
1088
3120
1088
2745
2891
2307
2309
2738
2745
1090
3245
4546
3941
4546
4557
1092
1256
1094
1095
2208
2892
2893
1095
1705
1906
2207
2208
2845
2846
1705
2892
1097
2132
2446
2557
2666
2668
2131
2132
2302
2303
1099
1100
1101
1657
2516
2517
1100
1101
1673
2631
1655
1656
1657
1673
2517
2631
2769
2979
1103
1104
1105
1870
3843
3873
1104
1105
1445
2428
3129
3130
3131
1870
2428
2429
1445
1446
3873
1529
1108
1109
1744
1745
2496
2497
1109
1743
1744
3831
3834
2496
3387
3834
4679
1111
3134
4175
3132
3134
3325
3326
3782
1113
1114
1115
3836
3837
1114
1115
3358
3359
3374
4169
3836
4167
4168
4169
4471
1271
3359
3837
4312
1117
2632
2979
1119
1121
2768
2769
2979
1120
1121
2277
3079
2277
2295
2296
2768
1123
2920
2921
1125
2568
3218
4022
4732
1127
2307
2308
2697
3017
1128
1129
1297
2697
1129
3003
1295
1297
1843
3003
3135
1146
3457
4403
4498
4670
1355
2297
1135
1136
1144
2083
2084
2884
4291
1136
1144
1145
2686
3463
2045
2083
3463
1138
1139
1719
3761
1139
1140
1273
1719
1771
1140
2839
3573
3761
1272
1273
3413
3573
1142
2358
4267
1143
2085
2086
3735
4267
2085
2089
3315
1145
3665
4276
4291
2686
3664
3665
1153
1148
2927
1150
2927
1150
2006
3004
3004
1152
1156
2468
2771
2462
2467
3982
4087
1476
2223
2224
1158
1281
1845
1984
4751
1984
1985
4272
1468
2073
2629
1161
1162
2277
2295
2938
3206
1162
2337
3136
2233
3051
3114
3136
3151
3206
1164
1165
3405
3407
3694
4375
1165
1166
2989
3409
4375
4376
1166
3694
3695
3841
3409
3841
4133
4134
1168
1169
2526
2570
2373
2526
1171
1172
1352
1353
1891
2504
1172
1177
1353
2026
1177
1178
1357
2504
1174
1175
1203
1600
1601
1175
1176
1600
1602
1959
1961
3819
1176
1201
1202
1203
1201
3661
3692
3819
1178
1358
2026
2027
2614
3049
1356
1357
1358
1180
1181
1184
1185
2851
2852
2856
3042
1181
1182
1184
2025
2615
1182
2851
2981
3144
2024
2025
3144
3181
1620
2152
3098
4251
1185
1186
2615
3042
2615
2616
2965
1188
1189
1190
1191
2406
2729
1189
1190
1761
2766
2949
3216
2727
2729
2949
1191
1857
1861
3216
1857
1858
2405
2406
2567
2568
2569
3179
4706
1194
1195
1196
1926
2833
3152
1195
1196
1503
1669
1928
2323
1669
1670
1926
2342
1374
1503
1631
2833
1198
1199
1286
1287
1199
1528
1286
2532
3139
2625
1202
3661
4372
4373
1203
4372
4759
1601
2647
2648
4759
1205
2538
3898
3899
2858
3898
4295
4581
2793
1208
2570
1324
1604
1211
1212
1299
1981
1212
1213
1979
1980
1981
1213
1299
3379
3670
1391
1979
3379
3380
1215
1216
2221
2222
3425
1216
2222
2821
2841
2842
1217
2841
3092
2017
2020
3092
1219
1220
1233
2362
1220
1221
1315
1720
1221
1233
1234
1527
1526
1527
1720
1228
1717
1224
1225
1226
1291
1292
1950
1225
1226
1952
1291
2276
1949
1950
1951
1952
1228
1338
2792
2793
2642
2792
1230
1231
1337
2626
1231
2625
2626
1233
1234
1235
1398
2741
1234
1235
2362
1527
2263
2362
2363
2718
2741
1237
1238
1400
2007
1238
2007
2097
1400
1240
2924
2925
3558
3559
2925
2970
3169
1242
1243
1244
1695
4028
4339
1243
1244
3199
4563
3199
3837
4028
1695
4181
4182
4563
1246
1247
1247
2962
1249
1250
1333
1334
1335
1502
1250
1251
1335
1818
1251
1502
4001
4612
1817
1818
3884
4001
1253
1254
1255
3288
4146
4148
1254
1255
1957
1955
1957
3288
1813
2298
2301
4148
4234
1258
1259
3075
1259
2191
2192
3557
4453
2948
2950
3075
4453
1261
1308
2412
1263
3794
3795
3102
3794
4081
4307
4308
1265
1266
1270
1911
1914
2393
2588
1266
1270
1712
1713
2154
2589
2587
2588
2589
1268
1696
4344
1269
1696
1697
3247
3252
2270
2271
3252
1914
2154
2155
1272
1273
3359
3414
4312
1273
3413
3414
1771
3357
3359
1275
1276
1772
2202
2203
4298
1276
1277
1772
1773
2494
1277
2202
3726
3727
2494
3727
1279
1280
2130
3605
4500
4501
1280
1285
4124
4501
4538
1285
2001
2128
2130
3223
1282
1283
1845
1984
2058
1283
1284
2058
3786
4084
1284
1845
1846
3752
3750
3752
4084
3223
4122
4123
4124
1287
3139
1289
1290
1323
2495
1290
1323
1603
3078
3095
1774
1776
2495
1292
2156
4005
1950
2156
2157
2225
1294
2725
2726
3636
3636
4205
4597
4747
1296
1297
1298
1843
1297
1298
1763
1764
2961
1764
2696
2697
1843
1844
1300
1981
1981
3154
3155
3676
1302
1303
2381
2382
2471
1303
2470
2471
3059
3072
2223
2224
2381
3072
1305
1306
1510
2552
2558
2601
1306
1307
1309
2124
2125
2601
1307
1510
4397
4451
1309
3353
4396
4397
2412
2679
3065
2124
2533
3353
1311
1312
1313
1547
1993
2814
1312
2119
2398
2813
2814
1313
1314
2397
2398
1314
1547
1548
2305
2304
2305
2397
1720
1317
1318
3025
4427
4468
4469
1318
1319
4427
4431
4510
1319
2831
4054
4468
2732
2831
4510
4734
1321
1322
1469
2959
1322
1674
2407
1674
2081
2899
2959
1324
1603
1603
1604
1326
1327
1331
1751
3960
4202
1327
1331
1332
1879
4640
3547
3548
4202
4640
1329
1330
1890
3067
3241
1330
2243
2848
2849
3241
1825
1890
2848
1332
1751
1752
4190
1879
1880
3915
4190
1334
1502
1728
1729
1733
1734
1335
1336
1734
1766
3233
1336
1818
3200
1688
1766
3200
1338
1339
2626
1339
2792
2793
3118
2625
2626
2642
2792
1341
2178
2403
2404
1379
2178
2179
3811
4577
4743
1344
1345
2685
2985
4473
1345
1346
2685
3318
3617
1346
1351
4473
1351
3318
3518
1348
1349
1350
2644
2646
3925
4764
1349
1350
1952
2956
2956
3681
4764
2693
3925
3518
3851
1353
1354
1891
1892
1893
3260
1354
2026
2028
2350
2350
3260
1884
2637
1357
1358
2504
3049
3317
1360
1361
1362
2681
3696
1361
1362
1363
4014
4220
1363
2680
2681
3690
4448
2796
3459
3696
4014
4220
4448
4573
1365
1366
3244
4513
1366
1367
2730
4457
4513
1367
4248
2730
4248
4734
1369
1370
3994
4502
4503
4688
1370
1371
1922
4502
1371
2538
2539
4688
1922
1923
2538
3401
1373
1374
1375
1378
2394
4727
1374
1503
1725
1726
3880
4727
1375
1503
1631
1378
1631
2150
2151
2351
1377
1591
1592
1591
2977
4093
4626
2351
2394
1380
2179
2560
2941
2560
1382
1383
1384
3621
3987
4268
1383
1384
3508
3509
3508
4268
4269
1879
1880
3509
3621
1386
1387
1753
4348
2180
3405
3406
4348
4349
1747
1750
1753
1389
1390
2880
3052
1390
2174
2272
1755
2272
1393
1979
3380
3381
1393
2451
3243
3468
3381
3467
3468
1395
1396
2253
2254
3303
1396
1397
1770
2253
2255
1397
3446
3808
1770
3246
3808
4174
2493
2741
1400
2912
1402
1403
1649
4476
4520
1403
1649
3640
4170
4593
4170
4171
4475
4476
1406
1407
1408
1997
4500
1407
1408
2571
3991
4252
1997
2094
2095
2571
3605
3990
3991
4500
1410
1411
1412
3256
4079
4080
1411
1412
4406
4407
4080
4389
4406
4524
3256
4407
4532
4533
4552
1414
1415
1416
2377
2752
2753
3272
1415
1416
1417
1418
2376
2740
2376
2377
1418
3036
3180
3272
1418
2740
2917
2918
2968
2968
3036
1420
2035
2036
2037
2037
2256
2278
1427
2029
1424
1425
1426
3908
4604
1425
1426
3528
3529
3530
3537
3537
3626
3629
3908
2936
2937
3529
3999
4604
3329
3360
1429
1430
2156
3541
3597
4005
1430
1431
3505
3506
3541
1431
2156
2157
3745
2664
3505
3745
1433
1434
2186
2450
3823
1434
1948
2312
2318
1947
1948
2241
2546
3823
1436
1437
1438
2425
2981
1437
1835
1839
1876
2188
2425
2426
2188
2851
2981
3375
1440
1441
1442
1443
2799
3060
1441
1442
2709
3030
3232
3029
3060
1443
2708
2709
2708
2797
2798
2799
1445
1446
3762
3781
3782
1446
3131
3762
4709
3781
3872
3873
1448
2420
2421
3390
2416
2518
2519
3390
1450
1451
1452
1453
4093
4626
1451
1452
1563
3006
1453
1563
4626
1455
1456
1672
2082
1456
1457
2082
2092
2360
1457
1655
1672
1673
1655
2090
2091
2092
2724
1459
2120
2811
3628
1460
1990
1994
2811
1989
1990
2346
4577
1528
1464
1465
2108
2109
2884
4291
1465
1466
1821
1822
2109
2379
1466
1467
4276
4291
1467
1782
2379
2380
1782
1784
3268
4276
1469
2629
2882
2883
2882
2959
2960
1471
2174
3087
3073
3074
3087
1473
1474
1932
2905
3588
4702
1474
1932
2332
3090
3113
2332
3588
3775
1476
1477
2359
3069
3167
3168
1477
2224
2359
2224
3069
3070
3072
1479
1480
1804
3491
4655
1480
1485
1804
1805
1806
2714
1485
1486
3320
3491
1482
1483
1833
1834
3426
4529
1483
1484
1588
3314
3426
1484
1834
2991
2992
1737
1738
2991
3314
1486
2713
2714
3635
3320
3518
3635
4000
1488
1489
1711
1872
1652
1653
1872
2067
1711
1713
2154
1491
1492
1493
2187
2882
2883
2960
1492
1493
1520
1936
2187
1520
2022
2698
2883
1495
1496
1497
1954
2565
2566
1496
1497
2376
2377
2378
2641
1953
1954
2376
2396
2565
2639
2641
3291
1499
1500
4712
1500
1501
4229
4334
1501
3574
3575
4233
4712
3582
3584
4228
4229
4233
1728
3989
4138
4612
1928
2195
3880
1505
1506
1510
2074
2552
1506
2493
3316
1510
3316
4384
4385
4451
1508
1509
3383
3980
3981
1509
2670
2671
2670
3743
3980
4020
2552
4451
1512
2527
2530
3835
1513
2530
4405
1514
4405
4491
1741
4541
1516
1517
3427
3428
1517
1518
1519
4633
1518
3190
3427
3451
1519
3450
3451
4739
4765
3686
4633
4739
1525
2022
1522
1523
1524
3484
3485
4698
4699
1523
1524
2663
4737
4699
4737
1580
2510
2662
2663
3485
1801
2022
2023
2914
1527
1530
1720
1721
1825
1530
2263
1785
2338
2339
1825
2263
1532
1533
1534
2073
2627
3056
3057
1533
2005
2073
1534
2005
2934
2019
2020
2934
3056
1536
2176
2755
2175
2176
2178
2404
1538
1539
4613
4614
4615
4690
1539
1540
4056
4690
4691
1540
4058
4615
2777
4056
4057
4058
1542
1543
1544
1545
3546
3744
1543
2349
2457
3744
1544
2457
3739
4424
1545
3738
3739
4765
3544
3545
3546
3686
4739
4765
2411
2412
3016
3065
1548
1991
1993
1991
1992
1550
1551
2147
2634
3062
3458
1551
1552
1553
2634
1552
1581
3062
1553
1579
1581
1582
1582
1915
2066
1555
1556
1557
2477
3731
1556
1715
1716
2477
2478
4149
1557
1715
2524
2705
2705
1559
1560
1561
1881
1882
3842
1560
2828
3842
3845
1561
1562
2828
2829
1562
1881
3420
3861
2829
3420
3447
4528
3006
3074
3087
3482
1565
2736
3079
1567
1702
1703
2259
2260
2857
2744
2857
1569
1593
2241
2449
3823
2219
2449
1571
1572
1634
1780
1572
1634
1707
2822
2823
1573
1574
1706
1707
1574
1836
1706
1835
1836
1838
1906
2845
1576
2735
2736
2436
2943
3404
1916
1917
1918
2076
3068
1580
1581
1582
1583
1970
2662
1581
2509
2510
2662
2509
3062
1583
1915
1785
1915
1970
2338
1585
2290
2330
2858
3822
2289
2290
3983
1587
4265
4599
1588
3426
4529
4599
2475
3314
3426
1590
2964
1871
2964
2965
3089
1592
1945
2807
2977
2607
2608
2807
2241
2242
2293
2294
1595
1596
1635
1702
2857
1596
1597
1598
1635
1780
1781
1597
2715
2744
2857
1598
2355
2715
3064
1781
3064
3260
1600
1601
1602
1744
1746
3656
4758
1601
1602
2647
4758
1961
3656
3793
1604
1605
3095
1605
1606
2492
1606
2994
3095
3096
2431
2487
2492
2994
1608
1609
1883
2076
2419
1609
2476
2540
2592
1883
1934
1937
2326
2476
1611
1612
1613
1622
2161
2162
2944
1612
1613
2825
2826
4682
1622
2825
3684
3937
2161
4681
4682
1615
1616
1617
1701
1704
3711
1616
1617
1819
1820
3341
1820
3194
3711
1704
3339
3340
3341
1619
1620
2722
3097
3098
3099
1620
1621
2722
3913
4539
1621
2908
3098
4251
2908
3913
3938
2008
2944
3937
4467
1624
1823
1824
1826
2139
1628
2139
4589
1626
1627
3292
4237
4466
1627
3533
4466
4643
4720
3292
3533
3536
4658
4589
4609
1630
1671
2017
2018
2151
2833
1633
3904
4050
4634
2762
2763
3809
4634
1635
1636
1780
2822
1636
1702
1780
1702
1703
2822
3109
1638
1639
1640
1641
1642
3371
3372
1639
2226
3371
3399
1642
2226
2230
2482
1641
1642
1897
2246
2484
1895
1897
3372
2482
2484
1644
1645
1646
2052
3856
1645
2052
2053
2054
2344
1646
1651
2280
2344
3856
4016
1648
1649
1650
3888
3890
4520
1649
1650
4060
4061
4593
4520
4593
3890
4061
4412
4413
2280
2282
3783
4762
1653
1654
1872
2103
2104
2067
2104
2555
2878
3052
1656
1673
2724
1657
2724
2917
2918
2516
2917
2969
1659
1660
3203
3205
3891
3892
4419
1660
1661
3205
3849
1661
3553
4419
4761
3849
3850
4361
4746
4761
1663
1664
1665
1791
1792
1664
1665
2587
2929
2966
2554
2556
2832
2929
1791
2966
3051
3115
1667
1668
4186
4187
4477
4481
1668
4477
4478
4493
2974
3311
4186
4493
1670
1802
2323
2440
1802
2342
2778
2018
3029
1673
2631
2633
2631
2081
2407
1676
1677
2699
3779
3973
1677
2261
3779
2261
3973
4157
2840
2516
2517
2562
2624
2770
1847
1912
2562
2578
1682
1683
2288
3542
1683
1688
1689
2021
2288
1689
3542
3815
3816
3914
1685
1686
1687
2456
3108
4424
1686
1687
3128
3220
3221
3220
3436
3740
4424
3108
3126
3127
3128
1689
1766
2021
3200
1766
3442
3816
1692
1693
1694
1693
3565
3566
3838
1694
3015
3565
2886
3015
4339
4724
1697
3277
3527
4344
2069
3247
3277
1699
1700
3555
3924
4310
4311
1700
1701
1704
3455
4310
1701
2942
3196
3555
1704
3196
3711
1703
2857
2259
3109
3339
3455
3609
1706
1906
1707
1906
2823
1709
1710
1757
1874
2479
1757
1837
3039
3112
1874
2907
1712
1713
1872
1873
1713
1873
2589
2832
2154
1717
1718
2679
3138
1716
2523
2524
4149
1718
2679
1770
1771
1721
1722
1825
1889
1889
2890
1724
3073
3074
3482
3006
3482
1726
1727
3282
4727
1727
2201
2652
3880
4282
2016
3282
4166
4282
1729
2042
3338
3989
1733
2042
3225
1731
1732
3528
3530
3530
3568
4400
3528
4437
1734
2996
2997
3225
2997
3233
1736
2244
2701
2427
2701
2889
2984
1738
1739
2320
2514
3314
1739
2991
2997
3441
2319
2320
3441
1741
1742
3211
4344
1742
4541
3211
3755
3756
4541
1744
3830
3831
4564
4758
1745
1746
4758
1746
2497
3655
3655
3656
1748
1749
1750
1753
2900
4351
1749
2379
2380
2900
1750
2363
2379
2932
2363
2718
1752
3960
2824
3294
3296
4190
4348
4351
1755
1756
2522
2612
2865
2272
2865
2866
2522
2783
1837
2479
1759
1974
1975
2444
2445
1974
3299
4754
1761
1762
2708
2727
2798
2919
2949
1762
1765
2765
2766
2949
1765
2708
2709
1764
2274
2961
4092
4096
2696
2815
4096
2709
2758
2765
3434
3233
3442
1768
1769
3250
1769
2760
3443
3544
3686
4633
2760
2761
3250
3251
1771
2255
3246
2255
3357
1773
2702
2875
4298
2494
2702
1775
1776
1777
1778
1779
1776
1778
2486
2980
4773
2486
2495
1778
1779
2887
4006
4700
4700
4773
2887
2888
1781
1783
1784
2380
1784
1786
2380
3173
3420
1786
2203
3268
4298
1915
2338
2875
3420
3447
4298
1788
1789
1790
4054
4468
4469
1789
3600
3601
4054
4055
1790
3601
3679
3982
4139
3678
3679
4469
4574
1792
3115
3178
2909
3337
1794
1795
1796
1797
4037
4091
4663
1795
1796
4063
4464
4037
4038
4464
4465
1797
4063
4411
2285
4663
1799
1800
1944
2469
3293
1800
1801
1803
1943
1944
1801
2023
2847
3055
3293
1803
2023
2914
2440
2778
2779
1943
2914
2915
1805
3437
4651
4655
1806
3437
3855
3924
2714
3555
3924
2401
2715
1809
1810
1811
2279
3466
3787
1810
2256
2278
2279
1811
1812
2278
3930
1812
2774
2776
3787
2776
3930
4442
2300
2301
1815
1816
1817
3883
4068
1816
1817
1818
2021
3077
3200
3077
3176
4067
4068
1818
3883
3884
3200
1820
3341
4073
4074
4075
1908
3194
3356
4075
1822
2109
2521
3116
2379
2932
3116
1824
2139
2140
3277
3278
1826
3278
4641
1889
1890
3869
3870
4641
1828
2561
2889
1829
2427
2889
2427
2958
3123
1831
2254
2952
2953
2680
2953
3389
3690
1833
3903
3904
1834
3903
4529
4600
2992
2998
1836
1838
1839
1876
1876
1878
2265
3039
1839
2845
2846
3198
2188
2189
3198
1841
3674
3932
4266
1842
3860
3917
3932
2907
3860
1844
3135
3135
3142
3249
1846
4751
2710
2711
3752
4751
1848
1849
1850
1912
2562
2563
1849
1850
1913
2911
2947
3313
1911
1912
1913
1914
2563
2594
2947
1852
1853
1854
1855
2564
1853
1855
2235
3291
2564
2565
3291
1855
2856
3042
2235
2852
2856
3375
2436
3404
1858
1859
1860
1861
2437
2405
2437
4158
1860
1861
2756
3122
2437
2438
3122
2756
3063
3216
1863
1864
2148
3798
3799
4683
1864
1869
2575
3776
4545
4683
1869
2053
2148
2149
1866
1867
1868
3012
3923
1867
1868
3422
3680
4097
3012
3013
3184
3680
1974
1976
3299
3422
3923
2149
3776
4697
3843
3844
3089
1873
2103
2103
2554
2832
2117
2118
2341
2479
2907
2007
2737
1877
1878
2426
1878
2426
2665
1880
3621
4640
3509
3915
3916
1882
3861
3862
4350
3694
3695
3842
4349
4350
1934
2076
1885
1886
2093
2637
1886
1887
1888
2636
2637
3713
1887
2057
2093
1888
2055
2056
2057
2056
2163
3713
1890
2890
3177
3067
3177
1892
2418
2504
1893
2355
2356
2357
2418
2355
3064
3260
1895
1896
3398
3603
3818
1896
1897
3372
3603
1897
2247
2322
3818
2246
2247
1899
1900
2383
2442
2443
1900
2383
2914
2915
1943
2443
2915
2978
1902
1903
1904
1905
3266
3424
1903
1904
4111
4768
3264
3266
3400
4111
1905
3329
4768
3297
3298
3300
3329
3424
2845
1908
1909
2717
3356
4708
4770
1909
1910
3356
3452
4075
1910
2716
2717
2716
3452
3454
4270
1912
1914
2393
2578
2578
1914
2885
2911
2922
2155
2885
2066
1917
1918
1940
2292
2076
2134
2292
2419
1940
2080
2232
1920
1921
3700
4105
4189
1921
1922
1923
4189
4238
1922
3488
3489
4105
4502
1923
4502
3401
4238
1925
1926
2342
2783
2784
1926
3152
3153
2342
3152
2337
3125
3249
2195
2197
2323
1930
1931
2618
2815
2816
1931
1947
2550
2815
4096
1947
1948
2313
2816
2905
3090
2889
2940
3117
3197
1935
1936
1937
1936
1937
2586
2324
2326
2586
1939
1940
1942
2133
2292
2348
1940
1941
1942
2231
3710
2231
2232
2292
1942
3253
3438
3440
3710
4603
2348
3253
3744
1944
1945
2915
2978
1945
1946
2469
1946
2807
2977
2978
2469
2608
2807
2821
1948
2546
2550
2312
2313
1950
1951
2226
3399
2225
2226
1952
2956
3399
2956
1954
2090
2091
2396
3081
3166
2566
3140
3166
1956
1957
3288
4249
1963
2160
3608
4249
4644
1959
1960
3692
3693
3819
4635
1960
1961
1962
3819
1962
3940
4635
4678
1962
3285
3793
3279
3285
3940
2158
2160
4313
1965
1966
2463
3238
3643
3786
1966
2058
2059
2064
3786
2064
2441
3236
3238
1968
1969
1977
2035
2036
4015
1969
2012
2390
4015
1977
1978
2390
2391
2392
1971
1972
1973
2338
2662
2663
1972
1973
3866
4041
2663
3263
4041
4771
2338
2339
3866
1975
1976
3299
1976
2444
4602
3421
3422
4602
1978
2035
3570
4630
2392
2473
2474
4630
1980
1981
1982
2229
2860
1982
2867
3154
2859
2860
2867
1984
1985
2059
2065
3479
3659
1985
2058
2059
3659
4272
4273
1987
1988
3511
4116
4264
1988
4418
4743
3373
4116
4117
4418
1990
1991
1992
2358
3674
1991
1994
1992
1993
1994
3674
1994
2050
2814
2850
2050
2051
2811
1996
1997
1998
2095
2096
4230
4232
4244
1997
1998
4500
4501
4538
2095
4500
4244
4390
4538
2000
2001
3222
3223
3909
2001
2599
3014
3909
2128
2599
3223
2003
2004
2005
2934
3028
2004
2005
2114
2227
2227
2228
2934
2939
3004
2097
2737
2009
2010
3937
4467
4586
2010
2011
3937
4043
4498
2011
3023
3024
4586
4587
3024
4333
4403
4498
2013
2014
2390
4015
4692
2014
2015
2016
4015
4166
2015
3284
4137
4692
2016
3282
3283
3284
3282
4166
2018
2019
2020
2019
3027
3028
3029
2020
2934
3028
3056
3092
2288
3077
3200
2023
2628
2698
2628
2847
2025
2026
2028
3181
2026
2027
2615
2027
2028
2614
2615
2350
2665
3181
3289
4473
2430
3103
3543
2032
2033
2034
2050
2051
2850
3800
2033
2640
2641
2803
3111
3800
2034
2812
3111
2812
2813
2850
2036
3570
2037
2897
4015
4164
2256
2258
2897
2039
2040
2901
2999
2040
2041
2042
2999
3225
2041
2901
4260
4665
2042
3338
4176
4665
3225
3338
2044
2045
2046
2573
3336
4040
2045
2046
2083
2421
2083
2573
3463
2432
2433
4040
2048
2049
2422
3224
3606
3962
2049
2217
2410
3962
2422
2051
2850
2805
2811
3800
2053
3856
3858
4252
4305
2054
2148
2149
4305
2149
2344
2345
2056
2057
2136
2162
3770
2161
2162
2163
2093
2135
2136
3312
2059
3786
2064
2065
2061
2062
2063
3824
2062
2063
3149
3301
3302
3885
4551
3149
3150
3794
3795
3824
4551
2065
2441
2297
3479
2067
2069
2070
2071
2072
2141
2675
3019
2070
2072
3247
3277
2071
3247
3248
3385
2674
2675
3385
2140
2141
3277
2627
2629
2075
2552
2552
2557
2558
2666
2419
2078
3370
3867
4041
2079
3370
4369
4518
4338
4369
4370
4562
2232
2899
2360
2361
2084
2420
2421
2108
2420
2884
2086
2087
2088
2089
2087
3735
4106
2088
3938
4106
4338
4562
2089
3913
3938
4539
2719
2723
3315
4539
2091
2092
3166
3490
2724
3081
2360
3490
3312
2095
2096
2542
2543
2571
4294
2096
2542
3646
4230
2737
3026
2099
2100
2102
3630
3748
4474
2100
2511
2512
3630
2101
2102
2512
4636
4694
2102
4636
4637
2104
2554
2555
2555
2106
2107
2891
2107
2110
2110
3026
3120
2109
2884
2521
2373
2112
2113
2734
4320
4374
2113
2115
3508
3510
2115
2734
3306
4484
2227
2459
3306
3510
4185
2117
2118
2340
2980
3227
4773
2118
2340
2341
2479
2486
2980
2205
2206
2398
2121
2122
3271
3628
2122
2123
3315
2123
3267
3271
3272
2721
2723
3145
3267
3315
2125
2126
2533
2534
3351
2126
2131
2132
2601
2131
2303
3350
3351
2128
2129
2130
3605
3990
2129
2130
2598
2599
2598
3799
3990
4683
3605
2132
2303
2557
2558
2601
2134
2292
2348
2349
2455
2292
2419
2136
2137
3312
3526
4750
2137
3770
4611
4280
4611
4750
2139
2140
2141
3000
3018
3019
2140
3000
4589
2141
3277
3019
2143
2144
2284
2690
4769
2690
3853
4598
2284
4755
4762
2146
2147
2150
2151
2353
3062
3088
2147
2151
3152
3153
3458
3062
3458
3798
3991
4305
2345
4697
2151
2351
2353
2833
3152
2153
3097
3098
2155
2885
3097
2155
2885
2157
4005
2225
3290
3745
2159
2160
3191
4313
2160
2620
2621
2622
2623
3191
2620
3602
3608
2162
2163
4681
2944
3770
2830
3713
3728
4681
2165
3248
3385
3688
2167
2520
3688
2167
2193
2520
2169
2170
2171
2172
2173
2958
3123
2170
2171
2750
3123
2173
2619
2750
3035
2173
2958
3034
3053
3034
3035
2176
2177
2178
2179
2177
2754
2755
2179
2754
2931
2940
3117
2179
2404
2940
2941
2181
2983
3406
3611
2982
2983
2183
2184
3796
3959
2184
2322
3161
3818
3160
3161
3162
3796
2186
2194
2430
2450
2960
2189
3020
3198
2191
2192
2193
3556
2192
2193
3556
3557
3170
2196
2197
2201
3880
2197
2201
2220
3444
3445
2323
3444
3882
2199
2200
2794
2795
2796
4014
2200
2795
3159
3403
4095
3156
3159
4013
4014
2220
2652
3880
2203
2204
3664
3665
3726
2204
3268
4298
3268
3665
4276
2206
2207
2208
2398
3048
2207
2208
2846
2893
3047
3048
2210
2211
2212
2473
4443
4444
2211
2212
2213
2681
3696
2680
2681
4444
2213
2473
2474
3673
3460
3673
3696
2215
2216
2217
2218
3607
2216
2218
3417
3418
3419
3968
2217
2410
3361
3418
2410
3607
3962
3550
3968
2597
2607
2257
2651
2652
3445
2222
2597
3425
2597
2607
2821
2224
2381
3072
2226
2230
3290
2230
3399
2228
2459
2229
2860
3058
2482
3290
2232
2447
3710
2447
2234
3151
3206
2393
2578
3050
3151
3375
2237
2238
3708
3709
4580
2238
2239
3993
2239
2240
4295
4580
2240
2913
3992
3993
2539
2913
3898
4295
2242
2546
3823
2294
2545
2546
2244
2245
2849
3082
3241
2245
2701
2957
3053
3082
2849
3174
2247
2484
3416
4452
2322
3416
4131
2250
2251
2252
2808
2809
3477
2251
2252
2488
3487
4065
4722
2488
2490
2808
3476
3477
3498
4722
2254
2255
2952
3689
2952
3303
3357
3689
2257
2258
2278
2279
2258
2279
2651
3445
3465
2651
2897
2260
2498
2499
3109
2499
2500
2801
2262
4154
4155
4157
4042
4155
2265
2266
2893
3047
2266
3038
3039
2397
3038
3047
2268
2269
3531
3532
4150
2269
2806
2413
3354
3355
4150
2271
3076
3549
3076
3252
2866
3848
2274
2275
2294
2370
2372
2545
2275
2545
2961
4092
2370
2375
2961
2295
2938
3079
3927
3930
3465
3466
2281
2282
2343
2344
2282
2283
2343
4324
2283
2284
4762
2284
4324
4426
4769
4762
4769
2286
2287
4663
2287
4658
4663
4664
4687
3753
4658
3077
2290
2291
3520
3720
3983
2291
2328
2330
2328
2329
3519
3520
2294
2372
2916
2372
2545
2296
3206
2768
3206
3479
2299
2301
4234
2300
2301
4142
4143
2301
4142
2303
4100
3350
4100
2305
2397
3038
3112
2311
2840
2308
2309
3017
2309
2618
2697
2618
2738
2739
2816
2840
2313
2318
2739
2816
2315
2316
3640
3641
4373
4387
2316
2317
3640
4060
4593
2317
4371
4372
4373
4060
4246
4371
2320
2321
3441
3815
3816
2321
2514
2515
2843
2843
2844
3815
3914
3161
3818
4131
2440
3882
2325
2326
2524
2586
2326
2476
2523
2524
2593
2476
2328
2329
2331
3697
3767
4216
2329
2330
2331
3519
3685
3767
3768
2331
2751
3822
2751
3697
3698
3068
3113
3164
2334
2335
3591
3592
4509
4515
2335
2336
4047
4509
4530
4733
2336
4337
4515
4221
4337
4459
4733
3136
3142
3201
3249
2339
3866
2341
3226
3227
4695
2907
3860
4695
4696
2778
2784
2344
2345
4324
4325
2345
4325
4697
2347
3618
3619
4059
3563
4059
4483
2349
3744
2455
2457
3744
2665
2352
2353
2353
2354
2605
3037
2354
3088
2509
2510
2605
3088
2356
2401
2715
3064
2357
2401
2402
2402
2418
2619
3674
4266
4267
2360
2361
3167
2361
3167
3490
2363
2364
2364
2718
2932
3116
2521
3116
2382
2395
2480
3001
2367
2368
2369
2574
2686
2687
2368
2687
3275
3276
3725
3797
2369
3275
4243
4572
2572
2574
4571
4572
2371
2372
2374
2375
2372
2374
2916
2916
2526
2375
2377
2396
2740
2378
2752
2641
2752
2803
2380
2932
2900
3172
3173
2382
2471
2480
2384
2442
2442
3863
3864
4741
2541
3273
2387
2388
3706
4121
2388
2389
2513
2515
3706
2389
4119
4120
4121
2513
4119
2391
4692
4693
2392
3461
3673
4693
2474
3673
2578
2588
3050
4637
4727
2935
3001
2740
3081
2398
3038
3047
3048
3048
2400
2935
3001
2935
2402
2715
2619
3035
2404
2406
3676
4158
2729
3155
3676
2409
2853
3094
3270
3361
2412
3065
2414
2415
2417
3354
4150
2415
2416
2417
2499
2500
2519
2416
3390
4150
4151
2519
3390
2498
2499
3354
2421
3224
2424
2575
3776
2575
2576
2577
4053
2426
2981
3144
2665
3144
3181
2701
2889
2957
2958
2429
3129
3609
3833
3832
3833
3543
2432
2433
2434
2435
2487
2492
2433
2435
2487
4040
4516
2435
2492
3532
3531
3532
3404
2438
2439
3121
3122
2984
3121
3197
3882
3236
3312
3526
2443
3863
3865
2978
3146
3865
4094
2445
2447
3710
4602
2447
2448
2668
2849
3174
2448
3710
2450
3823
3823
3243
3362
3468
3517
2454
3346
3347
3349
2454
2579
3717
3718
3737
3349
3718
4258
2456
2457
2457
3108
4424
4424
2459
3243
2461
2462
2463
3237
3238
2462
3237
3679
3982
4139
4279
4497
2463
2467
3982
2467
3238
3524
3643
2465
2466
3732
3733
2466
2726
2726
3636
3732
3522
3524
2821
2842
3293
2471
2472
3059
3259
2472
2480
2481
2481
3091
3259
2474
4443
4630
4767
3673
2513
2514
3314
2592
2593
2478
3731
4113
4114
3309
3936
4113
4149
2481
3091
2483
2484
2485
3290
4316
2484
2485
2661
4452
4452
2657
2661
4316
2495
2980
2993
2994
4516
2489
2490
2491
3487
2490
2491
3667
3977
3979
2808
3666
3667
2659
3487
3624
3977
4066
4547
2982
3316
2497
3040
3644
3965
4679
3040
3041
3655
2499
3109
3110
3354
2500
2519
2800
2801
2502
2927
2928
2503
3254
3255
3147
3254
2506
2507
3454
3473
3474
4270
2507
2508
3454
4183
4289
2508
3473
4072
4182
4183
2510
3062
3088
2605
3485
2512
3411
3630
3986
4429
4430
4429
4694
2514
2515
2515
3314
2843
3706
2517
2624
2969
2769
2770
2519
2800
3486
2800
2672
3688
3116
2610
2612
2783
2784
2524
2586
2705
2669
2748
2528
2529
2530
3007
3835
2529
2530
3213
3214
3215
2970
2972
3007
3215
3214
4405
2532
2541
2551
2541
3139
2534
2535
3352
3353
2535
2537
3351
3669
2537
3352
4342
2609
3669
3670
4342
4355
2539
3401
3898
3899
2913
3898
4688
2592
3083
2551
3139
3273
2543
2544
3045
3646
2544
4294
4505
4506
3045
3046
4505
2546
2550
4092
2550
2548
2549
3002
3044
3046
3304
2549
3046
4505
4707
3002
4092
4096
3273
3572
2558
2554
2555
2556
2555
2556
2832
2558
2666
2601
2560
2561
2941
2941
3147
2563
2624
2594
2595
2624
2969
2565
2566
2906
3066
2566
3291
3066
3140
2568
3179
3183
3218
2569
3218
2855
4706
3859
4252
4294
2573
2574
3336
4571
4701
2574
3336
3463
2686
3463
2576
3776
4545
2577
3817
4523
4545
3817
4053
3150
3737
4286
4527
2581
2582
2881
3030
3031
3232
2582
2881
3031
3104
3143
3572
2584
2585
2967
2971
3219
2585
3219
3230
4003
2967
4003
4085
4438
4439
2705
2588
2589
2929
2966
2966
3050
2832
2929
2591
3397
3398
3397
3947
4585
4605
2593
2595
2596
2945
2947
2596
2968
2969
2945
2968
3036
2607
2599
2600
4523
4683
2600
3014
3014
3817
4191
4523
2603
2604
2606
3708
4580
4675
2604
2606
3910
4103
4686
3708
4101
4102
4103
4490
3037
3484
3485
3821
3910
4675
2608
2821
2807
2821
2611
2612
2613
2778
2784
2612
2613
2864
3971
3972
2864
2865
2778
2779
3971
2615
2616
2617
3049
2616
2617
2965
2965
3049
3089
3317
2696
2697
2815
2816
2750
3035
2621
3602
2622
3435
2623
3435
3448
3449
3190
3191
3449
3451
2969
2626
2642
2628
2629
2847
3057
2629
2698
2847
2698
2883
2631
2632
2633
2632
2633
2979
2979
3165
3458
2636
2637
2638
2637
2638
3713
2702
3712
3713
3714
2640
2641
3291
2641
3111
2803
2792
2644
2645
4138
4579
4612
4647
2645
2646
3925
4647
2646
3988
3989
4138
3483
3988
4764
2648
2649
4564
4758
2649
2650
4759
2650
4560
4564
3974
4560
4717
4718
4759
2652
2897
3881
3881
4282
2654
3534
3535
4159
3534
3959
4098
4099
4140
2656
2657
2664
3579
4070
4071
2657
2661
3321
3575
3579
2661
2664
4316
2659
2660
3757
4066
4569
2660
3487
3760
4065
4066
3239
3240
3757
3760
3321
3408
4452
2663
3263
4737
3505
3745
4069
4070
4316
3181
2667
2668
2668
2848
2848
2849
2748
4030
2671
3742
3743
2673
2674
3688
2674
2675
3061
2675
3385
3688
3019
3061
2677
2678
3824
2678
2853
2854
2854
4383
4479
4487
3065
3138
2681
3690
3696
2683
2684
2685
2985
2986
3086
2684
2972
3086
3169
2685
2972
3213
3215
3617
2985
3617
2687
3463
3664
3664
3725
3726
2689
2690
2691
2692
4426
4769
2690
2692
3478
3525
4747
3478
4598
4769
2692
3615
4199
4426
3525
3615
4321
2694
3925
2695
3606
3606
3607
2697
2815
2883
2700
3973
3217
3969
3970
3973
2957
2875
3714
2704
3021
4045
3021
3733
2707
3005
3005
3217
2709
2798
3232
3434
2711
2712
3752
4129
2712
3204
4302
4751
3204
4129
4367
2714
2942
3195
3196
3400
3635
2942
3555
2717
3474
4270
4766
4607
4608
4766
4770
2741
2720
2721
2722
2723
4539
2721
2722
2946
3313
4112
2723
2946
3145
3099
4112
4539
3315
2918
3081
2726
2742
3636
2728
2729
2919
2949
2729
2797
2859
2867
2919
3154
3154
3155
2731
2732
2733
4457
4734
2732
2733
2734
2831
4115
2831
4734
2734
4320
4450
4457
4115
4320
4484
2736
3003
3125
3135
3026
3120
2739
2745
2816
2918
3081
2743
3905
3188
3905
2857
2747
2749
3307
3687
3915
3919
3305
3307
4086
4029
4030
3295
3687
4596
3698
3821
3822
2753
2803
2804
2804
3271
3272
2755
2756
2931
2756
2757
2757
2931
3063
3122
2767
3063
2765
2881
3434
2760
2761
3423
3439
4097
2761
3439
3443
3251
4023
2763
3809
3810
3946
2764
3946
4296
4296
4582
4619
2766
2767
2767
3216
3063
3216
2769
2770
2770
2979
2772
2912
2912
2774
2775
3788
3826
4738
2775
2776
3787
3788
2776
2777
3826
4057
2777
4058
4442
4057
4058
2779
2784
3971
2781
2782
2855
4200
4343
2782
2802
4200
2855
4706
2784
2786
2787
3785
3918
4204
2787
4203
4204
4329
4566
3785
3997
3998
4329
2789
2790
2990
3951
4440
2790
2791
2990
2791
3716
3951
4118
3715
3716
4575
2795
2796
3459
3460
3462
3402
3403
3412
3462
3459
4014
2798
2799
2859
2919
3058
2919
3060
2801
3486
2920
2804
2805
3800
2805
3271
3628
2811
3628
3800
2809
2810
3666
2810
3391
3477
4621
3666
4254
4621
4642
3628
2813
2814
2850
2850
4096
2818
2819
3896
3897
2819
2820
4561
2820
3896
3955
3956
3975
3974
3975
4561
4718
2842
2823
3109
3110
3110
3354
3355
3294
3497
3498
2826
2827
3682
3683
3684
2827
4425
4682
3682
4134
4425
4521
2829
2830
3845
4725
2830
3728
4528
3728
4681
4725
4054
4115
2929
3152
2835
2836
2837
4391
4392
4618
2836
2837
2838
2839
3413
3573
3413
4392
4460
4492
2838
3538
4618
2839
3538
4709
3573
3761
3762
4709
2842
3055
3056
3092
3293
3293
2844
3706
3914
2846
3198
3055
3057
2849
3174
2852
2981
3375
2856
3375
2854
3094
3094
4383
4706
3042
3822
4581
2860
2867
3058
3058
2862
2863
3080
2863
3080
3230
4002
3230
2865
2866
3234
3972
4740
2866
3234
3235
3848
3154
2869
2870
2871
3228
3586
3780
2870
2871
4017
4031
4032
4364
3780
4017
4019
3586
4008
4031
4033
2873
2874
2876
2877
3495
3784
2874
2877
3581
3705
4253
3495
3496
4253
4657
3447
3714
4298
4528
2877
3784
3900
3902
4601
3705
3902
4674
2879
2880
3052
2880
3052
3232
3434
2883
2960
4291
2922
3097
2887
3015
4006
4007
4629
2888
4006
2984
3197
3177
2893
3047
2895
2896
3000
3018
3594
3595
3596
2896
2898
3018
3019
3061
2898
3596
3881
4164
3061
2959
3172
4351
4260
4582
2903
2904
3163
4136
4455
4456
2904
3163
3257
3507
4649
3164
3189
3507
4136
4317
4436
4702
2933
3066
3070
3071
3860
4251
2910
3337
2922
2923
3313
3992
4688
2915
2918
2968
2969
3081
2921
4684
4726
2923
3097
3097
3099
3313
4112
2925
2926
3202
3558
3590
2926
3084
3086
3169
3084
3085
3202
2928
2930
3117
3121
3122
3116
3059
3070
3072
3028
3001
2937
4382
4604
3571
3999
4728
3079
2941
3117
3196
3555
3404
3769
3770
4467
2946
2947
3036
3145
3180
2947
3145
3313
3313
2950
4453
2951
3075
3076
3549
3007
3549
3835
2953
3689
4447
3389
4447
2955
2956
3371
3399
2956
3480
3681
3399
3681
2958
3053
3053
3123
2960
2965
3089
3050
3051
3948
3949
4439
2969
3036
2972
3169
3182
3219
3801
3169
3215
2974
2975
2976
4239
4242
4263
2975
2976
3311
4284
4493
4263
4283
4284
4454
3310
3311
4189
4239
2978
3146
4093
3146
4773
3144
2983
3316
4385
3610
3611
4385
3197
2986
4473
4736
3086
3212
4660
4736
2988
2989
2990
4376
4606
2989
2990
4319
4438
4440
3409
4319
4376
4440
2992
2996
2997
2996
2998
2994
2995
4516
4568
2995
3096
3096
3304
3657
4568
2997
2998
3225
3233
3441
2999
3225
3225
3018
3595
4589
3078
3096
3304
3135
3043
3217
3328
3482
3835
3009
3010
3011
3941
3942
4557
3010
3011
3920
4543
4557
3618
3920
3942
3013
3729
3923
3171
3184
3893
3909
4191
3565
4629
3065
3137
3138
3019
3061
3733
3879
4044
4045
3023
3024
3025
4333
4404
4427
4576
3024
3025
4574
4587
4742
4333
4427
4469
4574
3120
3028
3029
3060
3060
3031
3032
3232
3032
3104
3104
3106
3034
3054
3067
3053
3054
3180
3484
3748
4698
3039
3112
3112
3041
3965
3978
4156
4245
3655
3792
4245
3327
3328
3045
3046
3304
3648
3657
3046
3646
3647
3648
4505
3048
3317
3051
3151
3114
3115
3151
3054
3082
3067
3082
3241
3056
3057
3293
3057
3092
3072
3259
3088
3216
3260
3138
3071
3140
3177
3241
3164
3070
3071
3140
3168
3071
3072
3140
3074
3087
3482
3076
3549
3176
3095
3096
3469
3241
3107
4180
3085
3086
3212
3212
3169
3212
3317
3113
3094
4383
4558
4383
3096
3304
3098
3099
4112
3101
3102
3763
3765
4526
4760
3102
4624
4760
3763
4308
3104
3105
3106
3543
3105
3106
3143
3124
3143
3543
3108
3127
4180
3127
3110
3354
3164
4136
3115
3136
3178
3201
3178
3121
3197
3934
4738
3122
3197
3143
3273
3135
3249
3127
3128
3825
4082
4180
4180
3221
4082
4083
3130
3339
3539
3609
3131
3538
3539
3538
4709
3133
3134
3325
3533
3536
3639
3134
3533
3560
4643
3560
4175
3249
3201
3138
3166
3168
4285
4477
4478
4479
3201
3249
3273
3572
3181
3180
3267
4093
4094
3348
3887
3888
4520
3150
3885
4286
3153
3165
3458
3155
3676
3157
3158
3159
4013
4218
3158
3159
4463
4531
4218
4463
4536
4544
4591
4095
4531
3161
3162
3367
4132
4131
4132
3367
3790
3796
4099
4455
4649
4714
4744
3189
4136
3458
3168
3490
3168
3490
3490
3425
3182
3183
3184
3173
3861
3862
4351
3420
3861
3254
3255
4067
3201
3182
3183
3267
3272
3183
3184
3218
3218
3680
3186
3187
3188
3189
4775
3187
3189
3507
4079
3188
3905
4079
4080
3905
3507
4775
3191
3192
3427
3451
3192
3193
4313
3193
3427
3428
3805
3734
3805
3806
4313
3195
3196
3264
3265
3356
3711
3196
3264
3400
3711
3414
3837
4312
4492
4563
3590
3204
3205
3892
4302
3205
4302
4367
3849
4367
3208
3209
3322
3323
3365
3749
4102
3209
3210
3211
3749
3756
3210
3868
4102
3211
3868
3869
3871
3756
3871
4344
4660
3214
3215
3318
3617
3318
3319
4405
3328
3969
3680
3230
3801
3221
3435
3436
4083
4691
3223
4122
4272
4273
4122
3227
3228
3780
4695
3228
3229
4773
3229
3586
3780
3586
4008
4700
4773
4002
4003
3434
3441
3442
3235
4740
4741
3848
3864
4741
3237
3238
3526
4750
3238
4497
4750
3240
3242
3759
3760
3952
3242
3757
3921
3922
3921
3952
3961
4394
3245
4513
4458
4513
4546
4174
3248
3252
3252
3385
3251
4021
4077
4021
4022
4023
3438
3546
3744
3255
3257
3258
4079
4532
3258
3507
4079
4649
4434
4532
4649
3262
3263
4358
4590
4771
3263
4357
4358
4737
4737
4771
3265
3266
3400
3266
3356
4708
3424
4708
4770
3272
4276
3270
3362
3516
3517
3362
3272
3628
3572
3275
3276
4244
4390
4673
4719
3276
4243
4244
3797
4719
3278
3527
3527
4641
3280
3281
3285
3366
3940
3281
3285
3791
3895
3366
3367
3791
3283
4637
4727
3284
4636
4637
4137
4636
4694
3793
3895
3287
3288
3376
3377
3723
3288
3723
4146
4287
3376
4146
4249
4473
4736
3745
4316
4658
4687
3295
3296
3497
4315
3296
3687
4315
4596
3687
4190
3298
3329
3360
4208
4290
3300
4208
4209
4211
3923
4754
3424
4211
4608
4770
3302
3654
4551
4763
3633
3654
3885
3657
3306
3307
3600
3601
4086
4087
3307
3600
3943
4185
4484
3919
4185
3309
3464
3933
4306
4638
3933
3936
3311
3700
3707
4189
3707
4186
3526
4112
4385
3319
3320
3518
3617
3320
3491
4405
3491
3518
3408
3575
4233
3323
3365
3500
3967
4686
4102
4103
4686
3325
3326
3638
3872
4039
4259
3326
3638
3639
3781
3782
3872
3328
4029
4297
4680
3969
4680
3360
3331
3332
4144
4569
3332
4078
4140
3623
4140
4547
4569
3334
3335
3830
4560
4561
3335
3671
4053
3671
3672
3830
3831
4040
4677
4701
3988
3989
4176
3340
3539
3609
3341
3539
4617
4073
4617
3343
3344
3774
4402
4723
4724
3344
3345
4339
4724
3345
4402
4535
4721
4339
4340
4341
4535
3347
3382
3632
3634
3349
3382
4627
4704
4705
4476
4520
4258
4627
3351
4100
3353
4222
4223
4342
4396
4396
3355
4708
3358
3359
3689
3359
3374
3689
4290
3418
3517
3364
3365
3470
3471
3499
3500
3365
3470
3662
3749
3754
3500
3749
3367
3583
3585
3940
4132
3790
3791
4132
3369
3373
4120
3373
3811
4418
4743
4041
4518
4590
3372
3399
3603
3604
4117
4120
4418
3689
4169
4447
3377
4249
4441
4644
3723
3724
4441
3379
3380
3381
3592
4353
4355
3380
3670
4355
3381
3467
3592
3383
3384
3632
4705
3384
3631
3632
3980
3981
3981
4705
3688
3387
3388
3553
3554
4756
3388
3554
3834
4679
3671
3672
3834
4756
3690
4447
4448
4449
4151
3392
3393
3477
3751
4314
4621
3393
3750
3751
3777
4752
4314
4595
4752
3395
3396
3668
4255
4361
4362
4746
3396
3644
3965
4156
4362
4654
3644
3645
4746
3398
4250
4584
4585
3603
4250
3635
4111
3899
4238
4240
3403
3411
3412
4430
4494
4095
4494
3406
3407
3694
4349
3407
3611
3610
3611
4375
4606
3415
3416
4233
4452
4133
4277
4319
3411
3412
4137
4429
4692
4693
3412
4429
4430
3462
4693
3414
3573
4492
4312
4492
3416
3584
4130
4233
4130
4131
4452
3418
3419
3883
4068
4135
4135
3883
3884
3968
3447
3861
3422
3423
4163
4602
3423
4097
3439
4097
4163
4770
4529
3428
3805
4525
3430
4160
4162
4179
4177
4179
3432
3433
3501
3964
4048
4049
4088
3433
3766
3964
4217
3766
3820
4049
4063
4411
3436
3448
3448
3740
3663
3855
4651
3439
3440
3443
3545
3546
3440
3443
4163
4163
4603
3442
3816
3816
3544
3545
3445
3464
3465
3882
4306
3465
3561
3562
3808
4528
3449
3450
3738
3740
3450
3451
3451
3738
4765
3453
3454
4074
4075
3454
4073
4074
4288
4289
4270
4289
3609
3833
4310
3457
4713
4403
4404
4713
3460
3696
3461
3462
3673
3696
3462
3673
4693
4693
3465
3466
4306
4638
3466
3787
3789
4638
3468
3517
3592
3593
3517
4549
4670
3471
3662
3663
3854
3499
3569
3854
4009
3473
3839
3840
4072
4201
3474
4072
4270
3476
3477
3497
4314
4315
3477
3497
3498
4314
4597
4598
4747
3659
3481
3483
3681
4764
3483
3931
4176
4645
3988
4176
4764
3485
4698
4065
3489
4105
4502
4676
4405
4655
3493
3494
4024
4025
4026
4485
3494
4024
4304
4386
4387
3691
3692
4304
4485
3496
3511
3784
3563
4482
4657
3498
4315
3758
4722
3500
3569
3502
3503
4048
4088
4090
3503
3966
4039
4048
4259
3843
3844
3966
4090
3505
3506
3540
3702
4069
3506
4069
3540
3541
4079
3509
3510
3510
3916
3916
4185
3784
4264
3513
3514
3515
4388
3514
3515
4025
4026
4327
3846
4178
4327
4026
4172
4173
4388
3517
3593
3886
3593
3851
4000
3520
3521
3685
3521
3719
3720
4257
3685
4257
4512
4650
4667
3523
3524
4753
3524
3642
3777
4752
4753
3642
3643
4206
4321
4360
4747
4750
3871
4344
4641
3529
3530
4437
4730
3999
4730
3537
4400
3532
4150
4151
3536
4643
3535
3623
3624
4140
3624
3976
3977
3978
4159
3639
3753
4658
3626
4400
3539
4617
4618
4709
4617
3541
3599
3597
3599
3914
3545
3686
3546
3744
3548
3580
3581
4202
4253
3620
4253
4640
4657
3551
3552
3884
3968
3552
4579
4647
3884
4001
4579
3554
4419
4761
3645
4679
4761
3924
3557
3558
3590
3558
3559
4453
3559
3590
4453
3561
3562
4175
4643
4720
3562
3568
3637
4720
3808
4175
4482
4483
3565
3566
3567
4052
4408
4755
3566
3567
4261
4629
3838
4755
4261
4262
4408
3637
4399
4400
4009
4010
4012
3571
4630
4630
4728
3575
3579
4656
4712
3579
4233
3577
3578
4378
4632
4669
4731
3578
3926
4076
4731
3764
3926
4378
4071
4656
3581
3954
3961
4141
4202
3705
4141
4253
3583
3584
3585
4228
3584
3585
4130
4132
4130
4233
3940
4228
4008
3588
3589
4035
4036
4594
4702
3589
3775
4702
3775
4299
4594
3592
3593
3886
4509
3593
4353
4515
3886
3595
3596
3828
4401
3828
4589
4610
4401
3598
3599
4005
3599
4004
4005
3601
3943
4055
3982
4087
3608
3604
4250
4250
3990
4500
3607
3962
3962
4644
3833
3611
4606
3613
4089
4227
4012
4648
4745
3615
3616
3813
3814
4321
4359
3616
4199
4321
3814
4199
4416
3619
3920
3920
4059
4268
4269
3621
3622
4482
4640
4657
3622
3987
4640
3987
4482
4483
3624
4140
4547
3977
4547
3626
3627
3629
3939
4352
4646
3627
3629
4400
4352
4399
4400
3906
3908
3939
3984
3985
3986
4474
3632
3633
3653
3980
4020
3633
3634
3634
3653
3654
3885
3885
4000
4111
3732
4205
4399
4720
3639
3753
4259
3753
3641
4170
4593
4170
4386
4387
3643
3750
3777
4084
3786
4084
3645
3965
4679
4679
4746
4761
3647
4230
3648
4230
4231
4570
3657
4568
4570
3650
3651
3722
4046
4064
4703
3651
3928
4046
4382
3722
3907
4382
4604
3653
3654
3741
3743
4020
4625
3654
4020
4625
4763
3656
3792
3792
3793
4568
3659
3660
4125
4128
3660
4273
4122
4123
4128
4273
3692
4304
4373
3663
3754
3854
3855
4651
3665
3726
4276
3667
3668
4254
4255
3668
3979
4362
4255
4362
3670
4355
3672
4053
4756
3831
3834
4266
3852
4389
3678
3679
4279
4280
4496
4742
3679
4574
4742
4139
4279
4764
3683
4521
4522
3684
4043
4488
4522
4548
3937
4043
3768
3820
4512
4633
4739
3915
4190
4447
4448
3692
3693
4336
4485
3693
3819
4304
4334
4336
4635
3695
4349
3841
3842
3698
4216
4318
4565
3821
4318
4685
3700
3701
3707
4186
4415
3701
3707
4105
4189
4105
3703
3704
4069
3704
4428
4069
4070
4071
4428
4499
4141
4674
4186
3709
4490
4580
4490
4602
4603
3713
3714
3728
4528
3728
4528
3716
4226
4459
4575
4668
4118
4668
3718
3719
3720
3721
3736
3737
3719
4258
3720
4257
4258
3721
3983
3736
3983
4292
4293
3723
3724
3907
4064
3724
3906
3907
4287
4064
4441
3726
3727
3797
3727
4528
3874
3875
3923
3731
4114
4740
4741
4114
3733
3879
4205
4207
3879
3742
3806
4313
4671
4106
4267
4281
4489
3737
4292
4454
4454
4527
3739
3740
4765
3740
4424
4424
3742
3743
4622
4625
4671
3743
4671
4020
4316
3747
3748
4417
4435
4698
4699
3748
3984
4435
4474
4474
4698
3754
3755
3756
3751
3752
3777
4084
3752
4129
4621
4129
4658
3755
3756
4541
3922
4409
4569
3759
3760
4652
4722
3760
3952
3953
4652
4065
4722
3762
3782
4709
3764
3765
4308
4378
3765
3926
4378
4526
3767
3768
3820
4217
3768
4216
4217
3820
3770
4467
4586
4611
4611
3772
3773
3774
3840
4184
4723
3773
3774
4393
3840
4393
4398
4402
4723
4030
4299
4697
4752
3779
4553
4019
4203
4204
4695
3782
3872
3838
4755
4762
4264
4265
4601
3917
3918
3932
3996
3997
4084
3788
3789
3789
4639
4738
4638
4639
3791
4099
4772
3895
4772
3793
3895
3895
3795
4081
4551
3959
4098
4099
4719
3799
3990
3991
3990
4683
3803
3804
3804
4210
4212
4212
4710
3806
3807
4525
3807
4622
4671
4525
4622
4624
4760
4174
4175
3810
4366
4634
4711
3944
3946
4365
4366
4743
3813
3814
3955
3956
3957
3958
3814
3958
4359
4413
4414
3955
4416
3816
3914
4104
4191
4523
4063
4464
4512
3822
3910
4675
4685
4581
4675
3826
4082
4180
4057
4082
3828
3995
4609
4610
3829
4401
4610
4401
4462
3831
4560
4564
3834
3833
4309
4310
4310
3837
4027
4470
4471
4027
4028
4312
4755
3840
4616
4184
4201
3842
3845
4134
4425
3845
3844
3873
3966
4090
4227
4425
4682
4725
3847
4177
4178
4327
4328
4328
4335
3850
4256
4367
4255
4256
4361
4000
4111
4768
3853
4389
4524
4598
3855
4009
4550
3924
4550
3857
3858
4016
3858
3859
4016
4108
4294
4506
3859
4252
4252
4294
3917
3918
4696
3862
4350
4351
3864
3865
4741
4094
3867
4041
4041
3869
3870
4101
4102
3870
3871
4641
4101
4490
4344
4641
3873
4039
3966
4039
3875
3923
4754
3878
3948
3877
4047
4668
3878
3950
4118
4668
3948
3950
4207
4164
4166
4282
4306
3884
4068
3968
4001
4274
4509
3888
3889
4045
3889
3890
4520
3890
4044
4045
4044
4412
3892
3893
4104
4419
3893
3894
4302
4303
3894
3909
4104
4191
3909
4303
3897
3955
4198
4416
4198
4295
4240
4241
4689
3901
3902
3903
4599
4600
4601
3902
3903
3904
4050
4051
4051
4674
3904
4600
4050
3907
3908
3939
4147
4287
3908
4604
4604
3911
3912
4685
4686
3912
4318
4508
4661
4685
3967
4508
4686
3938
4539
3916
3919
4190
3919
4185
3918
3932
4204
4696
4185
4269
3922
4366
4394
4711
4365
4366
4409
4754
4311
4550
4647
4076
4077
3928
3929
3930
3929
4046
3930
4046
4058
4442
4615
4442
4583
4620
4645
3996
4266
4267
3934
3935
3936
4638
3935
4638
4639
4738
3936
4149
4149
4043
4338
4145
4147
4646
4228
4678
3942
4557
4055
4115
4484
3945
3946
4365
4144
4365
3947
4296
4296
4605
3949
3950
3950
3951
4438
4439
4440
3951
4118
4118
4440
3953
3954
3961
3954
3960
4652
3960
3961
4202
3956
4416
3957
3975
4247
3958
4062
4246
4247
4061
4062
4413
4078
4098
4140
4202
4141
4394
3964
4216
4217
4556
4565
4661
4088
4089
4217
4156
4039
4508
4686
3970
4536
4680
3973
4536
4544
4578
3972
4113
4114
4114
4740
4157
4578
3975
4247
4717
4718
4247
3977
3978
3979
4156
4654
3979
4156
4159
4245
4362
4654
4020
4087
4139
3985
4435
4474
3986
4035
4317
4435
4035
4036
4430
4059
4268
4483
3989
4176
4138
3991
4252
4305
3993
3994
3995
4688
3995
4609
4503
4688
4609
3997
4267
4281
3998
4281
4380
4489
4109
4329
4380
4728
4729
4730
4111
4579
4612
4003
4271
4662
4085
4537
4662
4005
4007
4008
4700
4008
4628
4629
4033
4628
4700
4010
4011
4311
4550
4011
4012
4309
4745
4309
4310
4311
4648
4745
4014
4218
4219
4219
4220
4164
4166
4108
4018
4019
4346
4364
4433
4019
4203
4346
4566
4203
4022
4076
4077
4732
4023
4732
4026
4172
4386
4026
4327
4328
4485
4172
4028
4340
4341
4470
4339
4340
4030
4297
4299
4300
4299
4032
4033
4034
4034
4364
4533
4552
4034
4261
4628
4261
4262
4407
4552
4036
4317
4702
4430
4495
4594
4038
4091
4142
4465
4748
4259
4516
4677
4590
4771
4155
4301
4534
4588
4488
4498
4045
4412
4613
4615
4703
4530
4668
4733
4049
4411
4051
4395
4634
4395
4674
4406
4408
4524
4055
4115
4468
4115
4057
4083
4691
4082
4083
4442
4615
4268
4483
4061
4062
4246
4593
4062
4413
4246
4411
4464
4441
4614
4703
4722
4547
4569
4068
4135
4070
4071
4499
4656
4201
4074
4288
4617
4618
4075
4077
4731
4732
4140
4080
4389
4307
4377
4083
4691
4319
4438
4537
4087
4089
4090
4090
4227
4227
4142
4143
4663
4664
4096
4094
4626
4494
4495
4531
4653
4099
4772
4102
4490
4103
4686
4191
4379
4489
4562
4368
4519
4559
4659
4506
4507
4110
4329
4380
4381
4659
4326
4329
4566
4768
4114
4740
4484
4264
4265
4119
4120
4668
4120
4121
4123
4273
4124
4126
4128
4126
4538
4672
4126
4127
4128
4127
4128
4672
4672
4673
4719
4367
4621
4642
4131
4132
4132
4134
4277
4278
4521
4425
4521
4456
4429
4692
4694
4612
4394
4395
4674
4143
4664
4687
4365
4409
4569
4146
4147
4148
4234
4235
4236
4646
4147
4148
4287
4287
4234
4151
4153
4154
4155
4192
4301
4322
4323
4154
4157
4192
4193
4480
4591
4155
4157
4301
4654
4480
4578
4245
4161
4162
4712
4162
4499
4656
4712
4179
4499
4631
4602
4603
4166
4540
4749
4282
4168
4322
4323
4471
4472
4169
4214
4215
4323
4215
4447
4449
4171
4172
4386
4172
4173
4475
4173
4386
4388
4475
4175
4645
4665
4178
4179
4182
4183
4460
4461
4563
4183
4289
4461
4201
4723
4187
4188
4415
4188
4481
4592
4415
4238
4239
4193
4194
4214
4323
4194
4195
4218
4591
4195
4213
4214
4573
4218
4219
4220
4573
4197
4324
4325
4198
4199
4324
4426
4199
4416
4416
4426
4343
4632
4204
4566
4695
4696
4206
4207
4747
4207
4360
4747
4360
4363
4209
4210
4290
4210
4211
4212
4212
4212
4607
4608
4607
4710
4214
4215
4448
4449
4573
4215
4323
4449
4217
4565
4219
4591
4220
4573
4222
4223
4226
4337
4459
4223
4224
4225
4226
4396
4337
4342
4354
4225
4226
4420
4575
4396
4397
4420
4423
4459
4575
4229
4678
4334
4678
4231
4232
4232
4570
4571
4572
4243
4244
4572
4235
4236
4237
4352
4646
4352
4466
4239
4240
4240
4241
4242
4241
4242
4293
4689
4263
4292
4293
4244
4572
4390
4247
4371
4717
4717
4644
4584
4305
4657
4255
4256
4642
4256
4361
4367
4642
4258
4650
4627
4650
4582
4619
4620
4645
4665
4262
4628
4629
4407
4408
4292
4454
4265
4599
4601
4267
4281
4269
4278
4522
4662
4273
4275
4509
4509
4530
4291
4278
4319
4537
4662
4521
4522
4662
4280
4497
4496
4497
4611
4750
4489
4284
4285
4286
4454
4527
4285
4493
4286
4478
4493
4527
4289
4391
4618
4391
4461
4293
4454
4689
4506
4580
4581
4605
4619
4300
4463
4531
4680
4300
4594
4531
4594
4653
4322
4588
4303
4751
4751
4373
4387
4308
4377
4377
4378
4310
4745
4311
4550
4315
4595
4595
4596
4435
4436
4702
4565
4661
4685
4438
4537
4374
4450
4359
4360
4323
4472
4588
4325
4426
4697
4345
4346
4347
4566
4328
4335
4485
4566
4331
4332
4715
4757
4455
4456
4715
4356
4757
4403
4404
4335
4336
4635
4678
4336
4485
4485
4354
4515
4562
4340
4724
4341
4470
4534
4535
4354
4355
4632
4731
4346
4347
4432
4744
4432
4433
4566
4714
4716
4744
4349
4350
4351
4350
4351
4399
4466
4646
4354
4355
4515
4355
4515
4357
4358
4517
4559
4757
4358
4517
4518
4590
4360
4363
4414
4363
4746
4654
4414
4433
4533
4366
4409
4711
4642
4369
4370
4519
4659
4370
4518
4519
4379
4381
4562
4659
4372
4717
4373
4717
4759
4387
4450
4542
4376
4606
4606
4378
4669
4684
4669
4380
4381
4489
4562
4381
4489
4659
4604
4487
4558
4385
4421
4422
4451
4422
4387
4524
4538
4672
4673
4392
4461
4618
4460
4461
4398
4395
4711
4634
4674
4711
4397
4421
4423
4451
4402
4514
4400
4466
4720
4514
4721
4404
4498
4576
4713
4491
4655
4407
4408
4524
4408
4552
4569
4417
4435
4436
4413
4414
4414
4435
4699
4743
4423
4575
4422
4423
4451
4682
4769
4431
4576
4499
4631
4694
4494
4495
4510
4511
4576
4735
4433
4434
4744
4434
4532
4533
4532
4649
4744
4436
4445
4446
4730
4439
4440
4614
4444
4445
4446
4767
4445
4446
4730
4767
4449
4449
4573
4457
4458
4542
4527
4456
4714
4715
4458
4513
4513
4542
4543
4546
4668
4733
4461
4492
4563
4774
4531
4536
4680
4465
4512
4666
4667
4666
4704
4748
4720
4586
4469
4574
4471
4472
4534
4472
4534
4588
4736
4476
4520
4478
4479
4481
4486
4487
4493
4487
4544
4578
4591
4486
4592
4483
4657
4487
4558
4592
4558
4498
4548
4549
4670
4651
4655
4563
4495
4594
4653
4586
4587
4611
4742
4750
4670
4631
4656
4501
4538
4503
4504
4676
4504
4676
4774
4506
4507
4707
4507
4707
4556
4661
4530
4511
4734
4540
4735
4749
4667
4554
4721
4567
4568
4677
4518
4519
4559
4519
4590
4559
4522
4548
4545
4683
4526
4760
4760
4599
4600
4653
4533
4552
4535
4588
4721
4544
4680
4662
4672
4749
4543
4546
4557
4578
4591
4683
4557
4569
4549
4670
4554
4721
4556
4648
4661
4715
4757
4561
4564
4718
4718
4758
4661
4568
4570
4571
4677
4701
4570
4571
4572
4701
4742
4713
4735
4743
4612
4647
4581
4675
4675
4619
4584
4585
4620
4585
4605
4619
4620
4587
4611
4742
4609
4610
4771
4653
4596
4752
4753
4753
4598
4747
4600
4601
4603
4619
4608
4710
4766
4770
4610
4614
4615
4703
4690
4703
4618
4620
4645
4642
4623
4624
4625
4671
4624
4625
4763
4760
4763
4650
4666
4704
4629
4728
4729
4767
4669
4731
4711
4678
4637
4694
4727
4639
4738
4720
4665
4744
4666
4667
4655
4712
4687
4736
4664
4687
4667
4704
4733
4684
4726
4673
4719
4701
4682
4725
4725
4726
4693
4696
4699
4773
4705
4748
4748
4770
4766
4735
4749
4715
4716
4744
4716
4757
4759
4724
4729
4730
4767
4767
4732
4749
4765
4741
4761
4753
4762
