2
236
723
9
333
434
399
536
4
693
2845
1437
3900
6
354
3449
624
1532
8
2194
3808
333
4688
2799
3395
14
3067
3333
898
1707
3094
13
686
8409
5301
7835
621
2333
18
4209
4662
17
4553
6471
1341
1345
1590
3986
20
1021
8455
52
6155
6873
7568
7992
443
684
2880
37
622
2481
26
4781
9521
2121
2729
4933
1214
2601
28
1295
3627
264
2297
30
1308
2086
2683
2741
36
1317
3420
35
7533
8185
34
847
3008
7529
8134
1878
8442
3884
4407
227
1275
41
668
3347
40
1032
1266
2648
4114
255
2989
254
3017
3277
44
400
2147
441
1135
1890
9538
9547
626
1724
2380
50
3588
4840
49
79
4122
2476
5100
986
3830
56
2901
2903
53
55
1442
6532
55
1545
4409
2399
630
4077
58
249
2648
1266
2363
60
610
1297
1705
1865
62
1835
2761
1809
2047
64
4070
9373
1841
1980
66
1392
3999
196
398
2967
4850
6000
174
183
3229
70
4526
4926
73
2523
72
1539
1880
2166
2167
6801
8296
138
2902
4112
223
3989
5945
77
78
7385
599
1064
2787
6276
80
81
906
7595
6220
9493
84
4499
4778
299
7553
8032
89
2355
86
2987
3751
261
4721
88
884
8355
231
1656
3383
4850
96
1109
2142
92
149
2493
637
8797
95
867
5676
1150
1930
3768
209
2559
97
510
3443
4652
99
2507
2639
2549
8445
101
3531
8795
563
3913
103
934
7197
8327
8927
111
1937
8353
779
2844
3363
107
1523
3668
2782
3731
109
3568
3840
112
2845
347
2870
4153
114
2908
113
2383
941
4199
1495
7046
243
3380
4796
123
713
3410
122
416
4831
119
2963
4690
1389
1630
121
3012
3629
2990
4467
123
2057
3271
125
1170
7714
5529
6354
131
347
737
128
180
898
700
1707
130
2842
5534
272
976
334
2855
2224
3086
3087
134
3555
4813
426
3088
136
1825
8571
137
8362
6599
7226
141
488
140
3004
3099
615
3554
724
5074
151
714
3321
144
3320
3679
472
3166
146
2405
3184
644
4018
148
1092
1772
2075
3197
150
2690
3172
3198
696
738
153
4786
8291
154
7494
909
6736
156
3237
4203
2685
3296
158
3244
3739
1240
2534
160
625
3073
2873
2966
162
3191
3429
3295
3296
164
264
4299
1295
2361
166
3219
4546
3745
3765
168
826
1968
171
2882
170
334
3327
1767
4108
612
4023
176
925
1473
301
536
3334
2911
4086
176
4026
7414
7821
183
711
3325
221
313
3363
180
4354
4707
4736
182
3396
4302
3369
4685
738
220
2875
4766
186
2194
4239
3001
3422
196
233
345
191
995
2911
190
1221
3858
1441
1777
2584
2929
195
2171
4708
194
943
4347
876
2553
2147
2371
3803
7314
7547
8286
200
8270
9353
200
5554
6297
5665
206
1423
2967
205
1602
2867
204
5288
7059
5154
5156
3740
5432
207
617
3554
6000
209
2440
2937
2625
211
1465
2113
3652
4399
213
732
4542
216
492
215
5834
9460
5271
6464
755
2852
220
715
2750
219
4294
5074
4112
4304
222
222
514
3969
666
6043
232
2016
3721
226
5337
6993
749
3850
228
242
2661
6987
231
884
8337
1022
3167
6495
1948
3248
3659
3050
3515
235
5480
7520
1262
9337
268
3101
1443
2420
6314
239
1166
2415
1321
2898
241
3111
4090
3680
4176
1274
3585
247
4850
245
350
3118
3805
4180
247
625
2966
354
249
2642
4580
3984
265
1650
4146
264
3940
4558
253
3936
4041
2478
2834
255
4486
2996
257
1139
3522
3254
3815
259
2695
3328
1208
3839
261
581
643
656
263
2416
2459
823
2881
269
5422
267
1492
2711
2670
3507
301
4917
1460
9433
272
2119
5535
272
609
2058
274
3015
3761
453
1589
280
3264
3469
277
4907
9151
5717
5791
279
5087
7901
291
7187
541
3275
282
5821
7264
6497
8479
293
2932
3766
293
1235
3789
287
3081
4008
5158
7586
9362
3836
4208
289
7677
7914
5850
9417
292
3249
4073
6606
7527
3721
4360
2419
4797
7428
7882
642
1095
4737
297
8488
8587
4733
5931
300
3495
4100
2385
5319
2466
4388
4031
303
4884
7634
3546
7883
305
4440
5919
659
6156
309
3245
3308
308
4053
9384
4978
6212
310
3119
793
8302
312
1227
3877
8922
9323
314
3970
315
2844
3368
4685
318
2869
3096
1453
2808
3222
319
1755
3968
4103
321
3758
3881
337
1088
325
1839
3230
324
4192
4324
2985
4318
326
4198
1854
8872
328
2542
4202
3491
4659
332
3098
4799
332
1893
2480
417
1375
4834
4874
3356
2870
338
397
4235
338
403
4218
3997
4368
382
344
1039
1802
341
648
9520
1133
8731
343
4617
5065
2642
4361
7016
7952
346
1787
541
3666
3719
1625
9247
9490
353
600
781
377
3725
440
2169
4826
353
685
790
4812
4796
356
358
8314
7066
7068
5326
5612
7319
1721
5402
360
2827
4335
363
9113
362
1112
9180
5145
6707
8923
9407
365
3770
4474
2663
3113
368
6088
8543
513
2996
4486
369
2316
879
8581
372
6446
6771
372
8340
9140
8901
2647
2806
4934
376
676
1426
548
2305
3024
901
4723
427
3360
379
5790
6204
5109
6211
381
2769
3773
3350
3472
390
4552
390
481
4480
389
1096
4012
386
2106
4735
8338
8542
388
6228
8279
2658
5476
1097
1586
1104
393
1921
2276
1324
2401
2496
396
2954
395
1546
6260
4459
6924
7306
9402
398
1393
4552
408
3006
822
6971
488
2902
4551
408
1522
3312
3144
4480
405
689
6307
6085
6605
407
6333
6334
1029
5946
2460
411
627
2017
542
3275
4395
688
4766
413
6950
8101
8239
8788
416
2158
3714
6552
6890
8343
3423
760
2486
419
4731
9506
422
1168
421
2417
3173
2525
8512
3581
5343
424
535
2183
1742
6319
426
4227
4609
2498
3741
3805
429
6408
8247
607
8229
431
5527
7233
6425
7337
433
2782
9066
3861
7140
685
4805
442
1376
2540
443
1531
4675
476
2381
3113
439
9218
9228
739
1025
476
3770
822
3157
623
1275
733
445
3936
3983
450
2478
447
3639
6115
6563
8332
449
6478
9117
2793
9355
3907
4530
8086
8125
8696
453
2920
3986
2671
462
2242
8982
550
2677
4939
1787
3050
4116
458
6561
8365
6565
8332
462
1120
4248
461
2675
4706
571
4132
2772
1505
5115
9235
465
7596
8656
1060
9405
467
775
3423
468
475
3459
4832
470
3459
3923
1687
3095
472
2981
4623
1811
474
4756
6174
5524
6686
2158
3599
3548
478
494
7257
2407
4583
5512
6416
6566
484
487
3820
1011
4282
646
6730
7832
746
7572
7814
4008
4348
486
6746
9118
6270
9290
1662
2193
491
490
6494
6749
4769
8743
1668
3274
696
1969
2883
3983
8810
499
830
496
5874
8717
6263
7841
498
5446
6381
6210
8003
1167
3716
502
732
3025
509
563
1449
1127
4542
504
1728
1946
507
5504
506
8029
9100
2054
9434
1929
3287
510
2364
2429
2718
3414
2668
512
6667
7382
1038
6991
514
2750
515
522
3363
517
5597
6902
3569
5418
519
4152
6086
8456
9197
521
6924
6925
3920
5192
780
2995
5397
6637
8001
525
2514
4116
526
1019
1020
4383
528
6133
7584
6951
9271
530
3165
3166
3679
4223
532
1756
2706
5566
8955
534
584
3108
536
3006
3140
8491
5206
5211
7610
539
8667
9281
540
8443
3898
5642
543
543
1238
1788
545
3674
4371
1836
3747
547
608
887
548
2800
1250
566
1361
8944
551
1519
2379
3903
554
1632
6481
554
4453
5031
3384
557
945
2068
2269
6677
9090
585
2266
562
3499
4471
605
2223
2540
6176
6609
7460
562
727
3297
4370
567
565
6587
7059
1989
5079
4171
9487
692
3010
570
1383
4642
6652
7650
7915
4193
8821
576
3801
573
2092
4481
3409
3512
576
1272
4039
1504
2460
4738
4617
578
7079
8025
3220
9014
580
1764
4935
3043
5903
582
583
1744
3263
3534
4721
586
3156
586
908
680
589
7018
8880
589
842
935
5737
594
2037
3174
592
710
3277
2431
3017
594
2687
3060
1432
596
6233
7038
5102
7361
598
1573
3981
1475
2839
4651
6346
601
801
602
3338
709
3630
604
3374
6942
4664
6262
608
3024
607
5809
5813
7242
889
3406
4200
611
3039
8836
9371
613
614
1968
2518
1917
2267
616
3005
617
994
736
7621
7779
7886
5867
7649
7915
784
6674
8920
624
653
623
3087
2223
625
627
5168
4106
629
2723
5437
3849
4029
643
3263
643
2663
4474
633
7538
8494
6339
7002
642
2093
4220
2391
2830
3056
637
1832
4419
1658
639
1906
2712
2572
7351
641
1808
8525
6970
9326
3451
645
2684
646
712
982
1157
1883
7436
649
7470
8657
8886
651
5855
6349
7504
9346
654
3144
3605
2986
3067
657
3689
656
2987
3074
3757
1634
3841
746
4226
6913
660
6691
7680
8260
662
2637
3555
663
4813
2621
3922
668
2516
2659
667
8101
8442
8035
8968
7533
8788
4723
674
1452
8584
671
7241
8889
1255
4211
673
5558
8927
7544
8327
675
7879
4414
8080
2372
2659
679
2832
3714
682
1373
2158
682
4280
684
2268
725
1852
3970
2622
685
2374
3356
3156
8177
8628
691
2022
3297
691
2876
690
7625
9284
9292
727
1393
2718
2383
4385
695
2479
3884
3016
3310
711
698
5722
7631
3832
5260
701
1972
3047
2633
4220
3306
4399
705
851
1895
704
4163
9105
7662
7663
706
2743
857
4532
708
2330
2949
3558
4454
710
2517
2669
732
2406
5452
3423
3512
3047
3398
717
3327
718
2950
3491
4108
4766
3677
4659
721
2152
3781
721
1770
2568
3331
847
6676
7228
724
3274
2460
726
4369
727
2876
729
1087
1708
1318
2285
731
736
4767
3486
4770
3122
3336
735
7662
9201
4163
7749
4298
2148
3007
3072
740
6929
2334
9246
1969
2852
4778
744
3001
4967
749
1108
5973
2566
2936
747
1547
2616
6914
7374
8458
751
1578
2300
793
751
2889
3237
4204
753
1967
2518
754
4449
2427
3704
759
2515
757
805
5624
1337
8397
759
3272
3448
4757
761
2866
762
2487
2375
2955
764
2001
2195
9128
9130
891
1394
3262
2452
3189
8446
768
3278
6572
7905
7906
770
897
2762
779
2721
772
7929
8315
7495
9077
774
2388
5443
7930
8565
776
3512
2952
4481
778
4253
7033
8843
9474
780
1110
782
2430
812
3338
812
945
2142
785
7998
5617
5686
789
3749
4357
788
1114
9490
1625
4528
1751
1818
796
2374
792
8817
9160
1255
7786
8356
795
1180
1561
8986
9508
801
2659
800
7438
7439
799
1243
8781
4584
9421
6306
8713
2516
829
3073
3751
829
3486
4767
3608
8023
8024
806
5435
1513
1813
4339
7425
7878
809
3622
3921
1239
2535
811
1546
6924
2617
7599
816
2775
4245
4692
815
2002
3578
817
5960
2068
3022
4014
4336
819
3213
3342
820
998
3048
6550
826
1966
3158
823
826
825
5844
5949
7818
8312
828
2342
2897
2133
3456
2873
831
3609
7257
8408
834
6892
8264
3426
7445
8304
835
3559
1276
5857
837
962
1148
838
8315
3868
7449
840
2948
3094
2397
3447
870
3271
3683
6323
8149
844
4184
5958
849
7251
846
5996
8672
8372
9360
1890
849
4786
5509
4792
851
852
1288
4310
4264
9524
854
7533
8186
8909
9433
856
857
2207
3596
4532
3077
859
860
2089
7724
8749
7363
8518
862
3508
8263
5955
7224
864
6063
6906
1934
8210
866
963
8993
869
1065
868
1476
1034
7279
7063
9411
871
2703
2057
4284
873
7932
8754
4997
8242
875
1538
5688
2167
8428
877
2753
878
1534
1628
3014
881
8459
881
3988
8580
3980
883
1607
4638
5719
8820
886
886
2195
2595
1877
2323
3036
889
1385
2540
890
891
2323
2999
1110
2989
2995
6898
7655
7793
1518
2149
2379
896
1973
6164
5400
9019
901
1110
2948
900
5869
7141
8115
8202
3109
903
2164
2186
905
8710
905
2546
3872
8851
907
8374
8273
9493
913
3108
912
1406
911
5305
9302
5020
8378
3715
7493
1109
3443
915
4468
8406
6673
8500
2294
3430
5086
918
1803
3053
919
3015
2580
3760
921
3404
3759
922
2129
2125
4445
924
8221
8486
4827
6970
926
2628
1907
3796
928
929
1009
2626
6522
2791
8172
931
1089
1450
1347
4510
933
2473
4327
934
4674
1717
6325
9265
981
4650
4707
938
1978
5571
939
1740
3699
5540
942
2383
2991
942
2897
4118
944
1533
2941
4081
1109
1323
1688
4641
1633
2811
3790
951
1207
8139
950
3887
7077
6458
8621
952
2131
4066
8855
955
2741
3957
955
2683
4018
4592
957
3478
3479
2969
3303
959
1339
1735
3343
4494
961
7120
8387
5829
6434
6355
7929
964
8784
1062
1318
966
1948
8337
969
3607
968
2603
8780
2077
5049
7668
7733
972
4756
5321
972
6017
6174
6966
974
4378
8849
975
8431
7827
9339
979
2056
978
7674
8485
7029
8806
2979
8010
983
2427
3092
994
3653
1191
1695
1616
3238
985
2638
7448
2470
2843
987
1142
988
3239
3746
3830
990
6449
7031
5122
9453
993
5823
8802
993
4134
9021
6961
4298
996
3395
1780
2667
998
999
2295
2925
2933
3789
1001
2779
2780
1002
1379
2091
8019
1004
1129
1863
2124
2182
1006
2271
5987
1007
1281
3855
4392
1009
2861
4690
4725
1011
2914
4151
1121
1612
2416
2585
1037
1573
3792
1015
2263
4372
1017
9374
1017
1303
2233
8836
1019
1020
4065
4516
3141
1558
3148
3019
3882
1027
1898
2980
1028
8768
8801
1026
2335
9023
9047
1028
1379
8019
1030
8845
1031
7911
1860
6128
1033
4547
4186
4818
1035
2570
1036
4321
1476
3981
1594
1648
1039
1801
6639
1041
4839
9088
1042
2132
8575
8673
1044
7711
7772
7946
8232
1046
1314
8408
1047
2890
3135
8596
1049
1936
2575
1280
1862
1051
1056
7403
2501
8432
1053
1219
9209
9176
9198
1055
5237
8136
4895
9196
4937
5431
1059
8520
8653
4107
4173
5941
1060
6369
6439
1091
2631
4368
1065
2284
1064
4651
6828
8316
2304
1118
1188
2918
1069
3453
7317
1070
6150
6152
1070
2378
3825
1072
1421
7049
1075
9068
1074
7613
7797
7967
8309
1076
3220
4629
8534
1078
1715
3060
3294
3611
1080
2145
3291
1906
2441
1082
5478
9269
4787
7777
1084
1196
2850
3289
4421
5352
5983
8416
1087
1203
1727
1682
1091
3241
1090
3412
2257
3290
3996
1447
1771
4219
5496
6345
1095
3654
3940
3673
2028
3767
1979
3153
1102
3487
4128
1100
3520
7341
4955
9156
1102
1174
1391
8548
1104
1121
2514
2428
1107
7079
8278
1107
8320
8322
8592
1314
3134
1112
6245
7906
7174
1114
4810
8514
8437
1116
4914
6504
1119
8736
1118
2332
8640
9089
3954
4509
1122
8916
4383
1123
3057
4222
8447
1125
2923
7143
1268
3766
1130
1269
2308
1407
3026
1129
8639
9000
3106
1817
4356
1407
2878
3055
1133
8371
8889
1178
1136
3091
3157
1136
2389
4228
1138
3361
3859
4192
4752
1142
4840
1141
9428
9429
8560
8891
2555
1146
4037
6355
1145
4193
4597
1382
9445
1147
3387
1148
4543
3407
1150
2118
2588
3851
1152
3601
3908
7352
9063
1154
6120
9491
7457
7916
1157
4748
7710
1158
4381
6840
1158
1885
1160
2403
2781
1162
4145
3559
5862
9516
1163
2136
8428
8429
1165
1320
3160
1166
1916
2524
1232
1867
2277
2953
1170
8829
9054
7640
1173
2447
2679
3622
8379
8712
2728
4027
1175
9025
3868
5121
1177
7190
8365
3445
8474
1179
3441
7587
8890
1181
6611
2347
3428
1184
1882
9394
1184
1185
7015
8695
1785
8373
1187
8670
8673
1188
9088
8848
1192
3817
5539
1191
1308
8042
2684
6375
8998
1194
5117
5637
7235
8206
1197
3217
4421
1197
2851
4049
1199
5071
8902
1200
7999
6821
8678
1202
2292
3660
1204
1396
2211
4655
2291
3446
1206
1207
3918
4159
5013
8137
1209
1762
2373
4708
1211
7340
7933
1212
6856
5879
6510
1214
6771
9385
8707
1216
3211
8866
1217
4854
3284
4374
1219
5147
9102
7330
1743
3032
4944
1223
1618
1224
7175
8091
2599
3238
6728
8653
1226
3064
3680
1806
3560
1228
4815
2512
4408
1230
6543
7385
6276
7076
1233
2233
2453
2407
2751
1234
3931
4076
4418
1236
4745
1237
7924
2419
5430
1250
1251
1241
3919
1242
2535
1242
3013
3065
1244
9504
8065
8112
1246
1939
2424
1961
7247
1249
3566
4627
1249
3894
4384
4285
4212
1824
2305
1768
2286
2568
1254
2275
3169
1263
2788
1256
8476
8890
1260
8236
9278
1259
6714
9062
7642
7755
4618
9413
1262
8525
8652
4776
2568
4351
1266
3041
4186
1267
1269
1469
3957
4592
4765
8040
2279
1274
1275
1386
1272
4103
4114
2641
3040
3170
4424
2161
1277
6586
1278
6255
4998
7426
1281
6002
9036
3702
3775
8054
1283
1462
2564
1284
3718
4525
7807
1286
3467
7444
1287
4228
3091
3238
1289
1894
1290
3365
1712
3497
1292
4704
7542
1294
1674
2376
2437
3139
5545
6152
3076
1298
8376
9206
8670
8911
1299
8871
3885
5242
1303
3057
3777
1302
3700
9531
4500
8423
8447
1306
1939
3729
1306
2366
2424
1753
1308
8048
8766
1310
1647
3147
1477
1558
1312
5202
5356
1313
6800
4904
9352
3575
1316
1696
3125
6388
8512
1691
2975
1319
1680
4842
1321
1627
3014
1332
4297
7111
2413
2871
2944
3432
1326
3774
4110
2111
8310
1331
1583
3642
1331
3475
9050
1330
2293
2597
1856
3833
7007
1333
2856
2031
4470
1335
1585
8397
1336
3807
1337
3901
8714
1339
3178
3332
3866
1342
4492
7478
1342
2386
9142
1346
4705
6574
1346
6267
7765
4492
7991
4945
2143
3290
1826
4645
5932
1353
1748
6273
1351
8877
8929
7810
9533
5096
6401
8828
1354
5936
6540
7054
1359
8458
9017
1359
2528
3733
1358
6976
7268
5514
9284
2616
1362
5803
6332
1362
8744
6553
1364
1366
4759
4240
4423
1366
1418
2282
2250
1368
7041
8939
5743
6166
2656
6304
7673
1371
1909
3722
1372
3378
3829
3899
1374
3599
1375
2630
4743
1385
1386
1378
6101
6357
6311
7492
3030
1384
5044
9037
1384
4601
7381
1383
5868
3587
4822
1394
2160
1388
2686
3996
1390
2940
2793
4785
1925
2468
1642
5118
1393
3010
4266
1397
2313
8010
1397
3915
2978
1399
1400
3159
2744
4287
4002
7500
1406
1416
8793
1403
3429
4127
3295
4368
1405
3823
7950
2320
2714
6734
1971
1409
8374
8383
8273
9175
1411
2404
8604
1412
7570
3655
9030
1414
1795
3664
1415
9039
5832
7084
3556
6424
1797
3916
5403
1419
2924
2248
3646
1421
1422
9397
9071
1564
7060
2873
4767
1425
7807
8364
3718
4431
1453
2561
1430
6933
6975
1429
8377
8847
6201
7580
1431
1826
7514
9519
1433
2090
2085
2087
1435
1436
8398
6569
9386
3799
4055
1438
3829
2638
4385
1441
1656
1950
1441
1954
3852
2717
3148
1444
8106
1445
3750
7219
7287
1448
1559
3197
1448
3243
8455
1451
3531
1451
4599
3412
1454
1793
3102
2359
8771
1456
3973
5204
1457
5670
4261
7021
1459
2982
4165
4160
4510
1461
8909
1462
3598
9497
1464
1977
8881
7231
8056
2680
2681
1468
1902
5971
1468
5550
8527
7202
1470
2278
1471
1716
3129
3294
1478
2957
3204
1474
2756
4582
5905
1476
5675
3645
8726
1503
2112
1480
1482
7422
5735
5792
2845
3900
4194
5547
6958
1484
7693
8728
1694
4779
1492
2253
3341
1487
2474
3529
4876
8495
1489
7986
9340
4336
8698
1491
2000
8950
4274
8827
3613
1659
2848
4419
1495
1645
3723
1791
1497
7635
8669
4093
4431
1499
1500
2614
2665
7789
3541
8091
1502
6904
8791
1505
5466
1532
3449
1522
2487
7654
1510
2863
8396
1508
8213
8236
1564
9413
1510
2303
2746
4021
1515
2405
3518
1515
3062
3184
1514
6483
4717
9328
8138
1517
2899
3282
4507
5627
1519
3720
2675
1521
2500
8364
7808
8807
2375
1524
9066
1526
5214
1526
3668
3904
1911
1528
3209
4078
1530
2179
1530
2971
3114
3838
1765
2878
2333
1534
4013
8946
1537
2727
3240
1537
2704
3827
3628
1540
9372
1540
2582
8566
1542
4712
7337
4657
7567
1544
1554
1838
3165
4710
3202
3804
1548
1548
2615
7297
1550
3015
3053
3621
3647
1552
6480
9104
1553
4416
4178
8050
2736
2761
1557
4377
4870
4568
5043
5182
1575
9468
1559
8727
1561
1562
6612
9446
3517
8868
1565
2594
3617
7626
2831
2905
1567
3635
8718
1568
1859
9026
9465
1570
1571
8912
3710
5954
4980
6731
1574
2047
2048
1574
2007
2053
8331
1578
1997
7176
2022
3075
3953
2946
1582
1585
1812
1581
3473
5208
6088
8805
3454
3562
1584
4512
8724
8726
3806
1587
4640
3123
3155
1590
4285
4662
1590
4794
1593
6336
8349
1593
2434
5578
5765
1595
5385
6648
7170
1597
2846
2849
3171
4236
1599
6152
6825
1674
8505
1602
3038
3907
1602
3360
4529
1604
2246
6616
7167
8613
1607
9149
9388
1607
4465
7588
1610
8273
8530
1610
1678
6650
2396
1615
2332
5162
1615
2459
1614
6766
7527
4219
5935
8358
1617
8878
1618
8355
1777
1620
2708
2965
1621
3308
2409
3245
1623
5336
9293
2242
8983
1625
1626
4144
3104
8131
1628
3372
1631
4109
4858
6697
1631
4784
8946
1635
8411
2814
3075
1661
2841
4990
5435
1637
7340
8530
1678
7933
1639
9074
9170
1640
5647
8341
8666
6203
6896
8826
2823
3487
1644
5106
9023
7938
8910
1646
1702
1647
1792
3645
1649
2839
6647
6648
1652
9519
1661
4099
4340
8178
8787
1655
5597
7282
1655
7801
7802
8574
1777
1658
1659
9482
1729
7987
3048
3640
6559
3083
1667
3253
1665
2021
3657
1665
6987
8146
4300
1668
4519
5039
2296
3625
4361
1672
2031
3572
1671
4358
7052
6162
6698
1673
2294
3353
4115
1677
1676
2651
9251
7352
9058
4703
6236
6721
1680
4377
5553
1682
1983
2484
3634
8552
1685
8097
9507
1685
2180
9208
4490
1687
2633
2952
1707
3021
3162
1690
6079
7474
5662
7321
3883
5047
1701
7810
9532
1694
6980
7693
5908
1701
6730
4457
9422
1698
8610
9067
9170
9419
1700
8944
9265
4171
5126
8042
1703
3642
1704
7007
4567
8513
1706
8943
2065
4264
4048
9422
1710
1754
2706
1711
3612
4428
6405
1714
2794
1714
1789
3503
9387
1716
2084
3957
1719
4759
1719
5486
8927
7679
1722
4038
4681
5624
8714
3532
4599
2522
3149
3151
1745
2635
1726
2097
7700
5891
7114
8541
9422
1729
9481
2493
1731
1733
7312
6644
6697
1778
3298
4399
1734
2438
4319
4613
1736
1758
1737
2163
3023
3344
1740
2563
3816
1745
2589
5168
1743
1742
3140
9322
7993
6907
3533
4479
2634
1747
6723
9139
4491
6513
1749
4594
1750
8762
7054
7512
1753
2432
1753
2220
3748
1760
7063
1757
3975
1760
7285
2472
3370
2968
3332
3342
6550
9256
9411
1779
2972
4153
1763
3895
3501
3837
3121
8377
1971
4757
1853
3747
3879
1779
2506
1769
5303
1770
4432
4790
1774
2134
1775
3924
5458
8285
8393
1775
8420
8272
3058
3710
4971
1923
2113
2870
1781
2799
2798
3865
1783
1786
5749
5436
8932
1785
1882
4335
9113
1887
6841
1788
1824
1957
3365
1792
3147
3703
1792
8353
1795
4893
1796
6604
8771
1796
7084
1798
6216
1799
6598
3916
9334
1801
1802
6232
9435
5622
1804
2578
1805
4082
4075
4424
2653
3093
1808
5227
8652
4140
1996
3886
1811
3166
4710
4965
1813
4717
8397
1816
1872
5081
1816
7612
8175
9414
1818
4632
3062
1824
2915
4670
1821
2275
3168
1823
3287
1823
3002
3768
1929
2410
9085
1827
1830
5842
1829
3139
9322
2376
7523
4146
9519
1833
6663
9054
3994
8797
1834
8188
2072
5663
1837
3793
1840
3451
1838
4740
3431
5105
8295
1853
2092
1845
6363
1845
5498
5632
1844
9109
9424
3723
7046
9236
2315
3568
4194
1848
6011
8057
1850
9317
2567
4550
5858
1851
7056
4993
8628
3368
3912
3409
3889
8420
1856
2292
3698
2261
1891
2774
4677
1859
4535
9464
8166
3870
6333
1862
2484
8051
1991
1864
7222
6191
9001
2066
3040
1867
1871
4779
7157
1891
4501
4541
1870
6812
6826
3949
8764
2519
2576
1873
6104
1876
8694
1875
6172
6617
5826
8014
3135
7612
1879
8803
4054
9509
1880
2581
8439
1882
8024
9395
1884
6835
1885
2719
6949
1887
5207
5925
1888
5434
9131
1892
2455
3785
5840
3945
1893
4484
4749
1895
2015
3077
1897
5505
7880
7849
8994
1900
3031
1900
2062
8559
2005
1902
4329
5852
7519
1904
3871
8160
4161
9178
1913
2283
7351
1913
1908
7821
4548
8659
1910
3473
3701
3899
1912
8348
4308
6891
8212
1915
1917
2934
2267
7414
2216
4364
2522
1919
3106
3633
1921
8639
2159
2168
2807
2482
1923
3288
3298
3449
1927
4941
5513
2886
3354
1927
5321
6772
5780
1938
2361
3076
1930
2689
1933
3690
8219
2011
2444
8134
6093
9222
1935
3812
6791
7955
1937
1990
9403
1947
4272
2393
1941
7231
7456
6521
7207
1945
4205
7170
1944
2620
8394
8862
9407
2857
5178
2493
2689
3536
4585
1950
1950
1954
7668
1953
3130
4346
1953
2851
4017
4600
1956
1956
3958
8424
6465
2023
3659
1959
3250
4799
2879
3097
1961
2392
8481
1994
1965
3631
4590
1964
3223
6223
7229
8257
3565
4627
1967
1968
4251
2355
1972
3072
4086
2515
4942
1977
8859
3650
5894
7988
1976
6187
6232
5623
9268
7454
4582
4944
3155
3730
5495
5498
1985
3694
3818
3355
7155
7798
1984
8051
2111
2715
3836
4644
1987
2543
3749
3379
4357
1989
4672
6437
5526
1991
2853
1992
2485
6592
1994
1995
4394
9369
2503
2699
1997
2048
2491
1999
8271
8629
2000
2655
6884
4449
8438
6418
8698
2006
6013
8413
2005
4428
9076
6406
5580
8570
2008
8618
2009
3981
3693
8435
2011
2384
2490
5944
2013
4363
9166
9283
9536
2015
3365
3659
2016
2822
2022
7751
2019
2020
3678
2747
4287
3367
3695
2829
4406
2181
3502
2026
2899
4338
2026
3283
8776
8498
2029
2283
8997
2029
3153
8481
2044
2382
2955
3926
2033
2988
4746
3435
3705
2036
2573
4446
2036
2257
3411
3779
2038
2091
2780
3822
2040
2565
8184
8475
8663
2042
2619
3810
2324
3824
2051
3336
4675
2051
2397
2046
7355
8822
7898
8917
3793
8618
2050
7784
9477
6792
8370
3268
2053
4845
6651
5561
2055
5429
7074
8563
2058
3303
2067
3478
2061
2064
9443
4593
7472
9212
3624
6655
2063
2980
8806
8875
5516
8597
2066
3232
3496
4503
4874
2083
2070
2935
3987
3852
3858
2072
8724
8725
2075
2074
2807
6495
2730
3019
3924
2077
2606
6470
6361
2079
2080
8627
6221
7373
6614
8107
2082
5447
6210
4931
8085
3000
3054
2087
3292
2086
8048
3292
3060
2089
3878
4472
8545
2091
3256
2093
4482
2095
3319
4059
2591
6897
2097
4894
5892
4668
2100
4001
8794
2100
7904
8246
4088
2102
5016
8696
7424
8086
2108
3622
9190
2108
2637
3922
2317
3279
3304
2107
5499
3371
4986
4405
2110
3201
3406
2111
3180
2113
4136
2118
2370
2531
2116
8661
8663
2347
4054
2673
6920
8542
3364
2120
8492
2124
4200
2159
2174
2123
2623
4934
2804
4734
3107
2126
9152
2129
2760
2128
8111
9167
5248
5884
3400
2131
2497
4333
4159
2758
2795
2134
3243
3889
4500
8094
9531
2137
2167
2593
4143
2139
2140
8368
5243
9288
6171
8497
2142
3338
3630
2145
2982
2146
2647
5284
3891
2806
5858
3477
2149
2429
3719
2151
3544
3873
2152
4022
4790
2155
2274
8114
2155
5640
5643
6007
2159
2177
4933
2306
2974
3143
2161
4270
3584
2169
3927
7103
2164
2186
2165
2968
3872
2593
8439
2170
2176
2172
2730
4885
2759
3476
3548
4030
2178
5301
5349
2175
5064
2807
6498
2177
2652
2647
4461
7836
2189
4182
4715
6917
2189
3248
2183
7223
8492
2185
2186
3023
4101
4587
2188
2462
2463
2556
2789
4429
2193
2354
2356
2192
5188
6511
8474
8770
3254
2936
2196
8355
8878
2199
6776
9148
2199
5587
6343
4651
2201
2728
3329
2202
4350
3523
3815
2204
2302
5528
3767
4420
2206
2560
3356
2426
4688
2821
3741
2210
8703
9408
2210
8203
9204
5608
2215
8541
2215
2410
7226
2328
2489
5369
2537
4449
9128
6080
2217
2526
2218
4456
3965
4363
4643
6699
6959
3154
3729
2222
6077
7857
5986
6956
2224
4231
2243
3272
3447
2243
2947
3099
2228
4568
5330
7722
8624
2230
4050
9152
2776
4445
2232
3039
3170
2233
8836
2236
3724
9132
2490
2904
7115
4548
5434
2238
2239
4587
2872
3023
4635
6750
2241
5336
6993
2242
3117
3448
2265
3833
8435
2246
2247
6879
6619
6926
7757
2249
4391
2250
4327
4674
2253
2711
2713
2253
3213
3564
2255
2256
7111
2829
4297
4405
9190
2258
2572
2712
2260
7954
9253
7023
9043
2265
2505
2263
2264
2918
8848
3691
4262
3693
2268
3054
4025
2880
7912
9517
5667
8883
9287
2272
7546
2273
4392
4537
8648
5225
5718
2286
2277
2483
6592
2280
3130
2280
2457
4017
2283
3767
5528
2295
2925
2285
8638
4047
2299
2288
5757
8840
2290
7118
2290
8041
9187
9173
2293
3437
2293
4470
4240
2298
3586
2298
3186
3627
3287
5310
2301
4125
2945
4278
3727
3841
2304
7061
8638
3892
2322
3420
2309
2649
7829
4592
4632
4505
4848
2312
3267
3270
2312
3056
3057
3777
2314
2317
2988
3915
2316
8434
5208
4746
2319
2935
3225
4588
8304
2321
4824
2924
3646
3141
4151
3089
2872
5631
2329
2330
4403
2327
7806
8085
6210
7064
7530
8132
2726
3893
2577
2332
2585
2602
3204
2335
9181
6918
2341
2528
8161
5029
5530
5841
2339
2645
9166
3373
8422
2341
3543
3874
3733
3889
4198
2344
5774
9244
4237
9389
2349
8572
8576
2347
5601
8414
2349
6923
7775
4497
2353
2687
3174
2352
2415
3175
2353
2898
7861
3820
4246
3321
3815
3909
2360
2884
2969
2359
2756
8531
9367
2992
4118
2365
2363
3984
3985
3038
2379
4652
3484
4770
2433
4089
2368
2657
2658
2369
8963
5476
9114
3093
4197
2373
2389
2374
2560
3328
2382
3084
2378
3454
3561
6812
2506
4106
2724
3525
3335
2385
6042
2904
2387
9521
2388
4781
9142
3215
2391
2740
3545
4032
2393
3153
3730
2398
4252
9298
2396
4846
6650
9175
2408
2400
3782
3028
6155
6627
6796
2402
3063
2879
3681
4149
9316
5467
8898
2406
8407
2409
2421
2955
2710
4655
2414
4384
4627
3145
5262
6383
7720
8622
2467
2801
2417
6971
2524
2419
4804
7985
6472
8609
2866
3095
2423
3217
3651
3963
4546
2425
3600
3672
2587
3470
8438
3515
3712
2431
3022
3865
2669
2433
3062
8138
5007
9412
2436
3133
5534
2437
3436
5536
2439
2938
2440
7312
5676
2443
8211
2443
2547
3869
3891
2489
7531
2449
2508
3544
4226
4434
5058
2450
2760
3672
3843
7087
2450
4050
9152
2454
2859
3302
2454
3187
3170
4075
6290
2456
3388
3100
4444
2458
4356
3379
4016
3675
2478
4443
4530
2727
2763
3018
4216
2465
2781
6907
3152
4145
2467
3206
3392
2469
3362
2470
3794
4637
2472
2962
4039
4103
2474
8965
7197
2477
5022
8380
2477
5730
4122
3082
4407
3388
3713
2691
3088
2483
3633
2485
2485
2488
4743
2488
4295
2490
2492
8618
2946
3693
2496
2702
2944
2496
2879
3250
8562
9311
3086
3146
2500
4611
5431
2501
6860
2504
7249
9392
2504
3228
9369
2945
3697
2618
2509
6558
2679
4022
2510
5910
6226
7768
2513
4815
9388
2513
3795
6661
3712
4542
2517
3347
2537
3716
9395
2521
2523
4526
5994
8556
2537
9404
2526
2526
6388
2528
2529
4292
6088
9017
2531
2653
4263
3359
2533
3027
4119
2897
3456
2536
2562
2536
8379
2539
3102
3276
2808
4395
2542
4455
4683
4557
2544
2749
3289
4314
2550
7155
7319
2547
7501
2548
4393
8211
2551
3189
3537
9539
2552
6538
4946
5059
2554
4286
3293
4346
2556
2763
3522
2558
5477
6320
3597
7388
2626
8899
2561
2587
4109
4612
2781
4149
2565
4630
7957
2584
4942
2804
8535
2571
2597
3576
2571
7280
4322
2574
2574
3606
3728
3703
8353
8728
9393
2579
3557
2580
3071
2580
4079
2582
8674
2583
6509
8566
4086
2586
3476
8164
3222
3266
4197
4245
4713
2591
3318
7336
4896
2593
3150
9130
3506
3507
8439
9130
2597
3084
5536
2600
2935
3858
2600
7444
8304
2606
9522
4839
9089
2606
6771
2605
5641
7441
7804
7839
2610
6274
8621
2609
6280
8694
3590
8493
2611
9381
4722
6708
2613
6275
6276
2786
7534
4606
6368
2616
2617
3127
2635
2961
3343
4493
6577
8471
2624
3863
2630
3875
2816
7498
3049
4609
2627
7704
2627
4725
2629
6604
2756
8771
2632
2685
3295
4304
4476
4482
3975
4501
3370
2637
3657
4406
3705
6538
7768
2643
4906
7730
2646
2648
2646
5644
5728
4538
5612
9061
3160
4364
4617
2651
9276
2651
4161
4504
3546
4888
3563
2656
4891
8271
2656
8825
8320
9232
8322
2667
2911
3229
2691
8146
2665
3281
4606
3757
2666
2778
6569
2666
3799
2797
2669
3630
2672
3914
2672
3621
4040
4789
6030
2676
4545
5658
2677
7409
8301
3801
2679
3329
3781
4136
4269
3261
4266
2688
2940
3349
2684
2686
3354
3611
3403
3995
2690
3851
2692
3555
3658
2694
3694
3932
3203
3880
2696
3463
2697
2809
2698
3114
3838
3839
2700
4393
3228
7501
2702
2703
3251
3628
2704
3683
2707
4428
7262
2707
8955
2709
4559
2710
4344
2752
4040
3291
2714
4824
2921
2716
3634
3107
3180
3702
3776
4235
2720
5671
6952
9033
2737
3264
2723
2957
3214
2724
4502
2726
2950
3309
4387
4216
3909
2817
5754
7848
2732
2733
8894
8394
8662
6521
9500
2735
3429
4131
2736
4710
3190
2742
2844
2739
2905
3464
2740
2964
2830
3292
3460
4685
2744
4310
2747
2747
3695
4533
3612
4323
2749
3326
4137
3199
3161
2752
7143
4343
2784
4286
2755
3114
3787
2809
3864
2758
3895
4708
2759
8164
4027
4181
3221
3264
3239
2765
3571
4124
2767
3778
2767
3661
3915
3764
2769
2776
3934
2770
4292
8805
2772
3117
3545
4032
2774
3845
4709
2775
4713
2777
3405
3773
3280
6221
3030
3762
5727
7033
2784
2898
3014
7861
2800
2808
3036
2787
8604
8898
2790
4534
2790
3521
4353
2792
4690
2793
6478
2796
3498
2796
8430
8575
2798
3421
2998
4805
4212
3233
3631
2803
5085
7170
2857
4470
2806
2809
3461
3463
3021
3393
3882
2812
3183
2813
3530
3526
4279
3530
4154
2820
3361
4751
2817
4936
5254
2819
5910
8843
3103
4213
2942
4430
2822
2960
3077
2824
3212
2825
8745
3489
6891
2827
5488
8023
6578
2841
3689
4282
7104
2831
3267
2833
3388
2834
4280
4444
3990
5530
8133
2838
3941
4165
2838
2968
4247
3332
7311
2841
2912
3082
3133
5535
3362
3778
4588
7020
2848
8425
8698
7986
3358
3424
4016
4314
2990
3450
2854
3581
9129
9403
2865
3161
2857
6066
2859
4330
4698
2860
3317
4305
2862
3468
2941
4013
2864
3762
3029
4323
3007
4486
3923
2868
3041
4188
5433
2877
4547
2928
7643
3344
2877
4202
4742
2876
3969
4557
2880
2882
3675
3724
2900
3938
2885
4119
3479
3804
2889
3389
2888
5460
7123
3509
6227
4125
2891
7486
5487
7984
2893
3519
8136
2894
5266
3843
5267
2896
7980
9333
5617
6674
4260
2902
4575
3263
3320
3679
3735
5669
9314
2909
3070
4610
2909
3203
3998
2910
9229
4947
4727
4953
2913
4407
2914
3420
4282
4116
4516
2917
3691
5920
2918
8640
2921
2922
3823
2921
4040
3986
4209
3641
4343
2926
2927
2927
3564
3213
3162
6936
2936
3808
2931
3059
3511
3510
3620
2933
3640
3048
3033
3151
2939
7704
2939
4318
4192
3794
2942
3468
2944
4215
4515
2946
2951
3004
2951
2950
4288
4354
3459
2954
9506
9476
2957
3458
5437
2959
4217
4820
3003
3018
3805
4063
2962
2972
3370
4013
8946
2965
3307
3465
2967
3279
2971
3563
4078
3787
4521
2981
3069
4439
2975
3115
5026
2977
4728
6997
5468
9156
2979
3446
5534
8719
4586
3941
2984
2985
3744
3739
4319
3963
2987
3073
3764
4723
4600
2992
3435
4750
2994
4140
8258
8326
8972
2996
6525
6615
8630
3000
3022
3089
3422
4761
3020
3003
3737
3168
3005
4650
3311
3017
5841
8133
3010
3011
4302
3369
3913
4345
4600
3480
3862
3059
3299
4534
4083
3261
3652
3167
4232
3034
3325
3034
5076
3028
3804
3455
3031
6406
3031
3033
6908
5906
3419
3036
3090
3222
3044
4400
4721
3041
3040
3045
3179
3866
6027
6427
3485
3751
3046
3631
3233
4279
3072
3051
3142
3712
3115
3863
3053
3647
4076
3055
5076
8916
3917
4138
3301
3068
3113
3333
3064
3432
3093
3066
4087
3244
3765
3074
3074
3757
3070
4654
3193
3557
4082
4183
3080
3079
4880
8497
8368
9392
3081
3626
4585
3083
4604
3085
3576
8401
4671
3088
3090
3470
3092
3704
3095
4541
4742
3098
3112
4749
4255
3110
3118
3274
4519
3109
3105
3861
3105
4214
3959
3107
3334
3221
3725
4443
3112
4191
3681
3444
3682
5794
6607
3119
3785
8356
3121
6444
8847
5902
3156
3311
3124
3848
3200
3326
3126
4048
4020
8906
3128
3734
6477
7598
3130
3293
3132
5937
5938
8224
8808
3138
3135
4628
3137
7567
8214
8452
8967
3139
3140
3143
3143
4227
4447
5922
6642
3814
4065
3148
3150
9128
4143
3152
6908
3155
3200
3158
4251
3972
4454
3373
3327
3163
3393
8052
3165
3430
3431
5621
3169
4534
3172
3364
3851
3175
3176
3175
3822
4661
3178
4156
4165
3179
3339
4200
3182
3183
4844
3790
4038
3340
7339
3186
3673
4135
3940
3188
4305
3189
5059
3191
4181
4536
3235
5612
9546
3194
4425
3203
3694
3196
4150
4809
3817
5626
8725
4236
7411
3200
3748
3202
4110
3479
3214
3206
3413
3845
3493
3208
4073
4090
3209
4175
4182
3211
5139
8745
3212
7473
3525
3216
4228
3467
3736
3218
3219
3619
3978
8026
3276
3324
6676
3225
7020
7411
3994
3227
3516
9392
3228
8852
3236
3438
3840
3232
4002
4004
9368
3526
3345
5614
9546
3345
5502
3325
3419
3354
3240
3827
3242
3995
3402
3758
3457
3745
4583
3247
3252
5157
3726
7237
3249
4182
3251
4284
4058
9541
3255
3588
3255
4840
8048
8049
3258
3888
4572
8811
8919
3260
4726
7326
7940
8562
3262
3422
3266
3434
3737
3768
3506
3273
3447
3270
3505
4418
3931
4608
3273
4527
3276
3347
5061
6850
4750
3281
3782
9298
3283
8359
4572
3285
7473
3286
7449
8315
9077
3408
4796
4137
3291
3294
4290
4183
3306
3300
3883
3301
3943
3618
5716
9257
3304
8010
5479
5710
6316
3398
3308
3545
3490
4100
3847
4604
3312
3335
3314
5519
9249
3315
8303
7620
8844
3317
3318
6703
4698
3319
4306
4623
3383
3323
4060
5780
4941
5533
3346
5614
3511
3736
3330
3331
4350
4351
3525
4621
3336
3371
4734
7498
3340
4774
4279
3342
3614
3344
4673
4673
6223
3350
3403
3773
3350
3416
3352
3770
4826
3353
4077
3735
3394
3537
3358
3359
4263
3864
3364
3740
3629
3389
3367
3616
4187
4682
3369
4981
3373
8021
3375
3911
3376
9020
3520
8804
3378
3416
3794
4637
4314
3383
3408
3382
6304
7761
6089
6605
3386
8412
3386
4453
6598
6216
4068
9031
4124
3391
4624
7692
8626
9511
3413
3526
9545
3632
5033
3808
3460
3802
4678
6222
9539
3408
3401
3759
3880
3401
3905
3932
3403
3404
3405
4445
3478
3867
4555
3410
4608
3412
3414
3530
3779
7433
8075
8422
3722
3440
5933
7632
3427
4603
6329
3421
4761
3425
4111
3426
4588
3604
4908
9515
4054
9508
4115
4724
3433
3434
4515
4197
4385
3437
3446
5536
3570
5105
6039
6321
7539
8057
9317
7259
9520
3788
7139
8398
4621
3480
5026
3452
8947
3450
4255
3674
5050
8770
3454
4291
3456
3457
8462
4136
8466
3469
3604
4111
3463
3466
3736
3465
9256
4559
3467
3603
4009
3666
4239
4528
7139
8514
3474
3722
3474
8805
7294
9266
3477
6971
4087
3482
3483
4091
3786
4484
4073
4360
3485
4272
3486
3488
3489
4129
6614
3491
3494
7151
7705
8907
3495
4709
3495
3538
4004
4424
3498
9524
8515
3500
4183
3790
4681
3503
9387
3503
4168
6830
7394
8522
3506
4172
3613
3509
6235
7080
4137
4422
3848
3514
9158
9207
4726
8463
4552
4880
8519
6716
8887
3519
3842
8407
3935
3523
4352
3523
3717
6297
8270
3528
3529
4102
4876
8519
8957
3532
4719
3534
3535
4400
3536
3944
4702
9141
4622
4677
6372
7146
7702
3541
4094
7175
7171
3543
3544
4050
3934
5281
3551
8155
8382
4502
3550
4601
8225
4822
6977
4869
7767
5745
6623
7332
3556
4257
8230
4437
6733
3558
3971
9064
3563
4176
3562
8767
4718
4824
3566
4206
3567
3811
4662
3570
4174
7180
8434
3661
4278
3927
4826
4365
7199
9350
3578
6465
7668
5973
7257
5180
3580
3643
7039
7874
5098
7637
8829
6581
8510
6592
4656
7506
9459
3584
3585
5437
8466
3849
3588
4135
8555
8922
3590
4390
4838
7984
4952
8606
9472
4365
9398
9517
5611
6986
8362
3596
3740
3741
3597
6261
7752
4307
6459
5422
9227
4834
7087
7248
6458
7856
4273
7196
8327
3604
7445
3606
3727
4447
5736
8675
3609
7487
6912
3611
4286
7861
7061
3617
3617
9314
3616
3695
9211
5433
3620
3978
3620
4422
3914
4036
4061
7253
3831
6005
3626
4008
3627
4215
4430
5613
5839
3634
3878
8544
4633
5521
9112
5078
7096
9162
5254
5754
6858
4378
6117
3641
4342
3645
5242
8334
6283
6672
8602
4676
3648
4172
4418
8292
9191
9375
3665
7017
3860
4049
4967
3654
4558
3656
5426
6265
4707
4737
3658
8146
3661
3698
3663
5217
6058
8778
9176
3665
3974
9038
3803
3668
3669
4416
4178
6638
3671
6995
7563
7158
7820
4089
3674
9132
3685
6363
8981
3678
4288
4682
3681
6985
7303
3684
3826
3879
6528
9236
4460
8099
9340
6916
9023
9208
3690
8893
9456
4480
5674
3696
3696
4166
8686
5921
3698
4278
3816
5539
6127
7091
4194
5208
3703
4251
3763
4308
5137
8745
3755
7921
9159
3715
5555
8333
3710
3711
4096
4138
9526
3714
4831
8793
6912
6868
8869
9497
3720
4706
4063
8513
8044
4529
7848
9542
3728
7350
3730
4253
4416
4577
6641
8645
3734
3874
4223
4820
8156
8382
9136
4612
3743
6717
7483
3754
4694
3745
4546
3747
3826
3749
6379
8988
3753
4268
9404
6150
7317
7734
9514
3756
7504
7384
7415
3759
3761
4079
4794
8850
3764
3778
3977
7985
6623
7331
7502
3772
7875
9225
4720
6031
3776
6532
3776
8310
3931
8318
7072
7217
8948
4022
3783
6796
8108
4059
4306
5059
3786
4180
4263
7065
9386
4241
8772
8991
9224
3793
5161
5887
8391
6853
8931
6207
7043
7648
5299
5702
9084
7789
4672
5448
5526
5065
3803
3999
3807
4291
8554
4726
7357
7940
3811
4210
4493
4878
4903
4576
9315
9345
4539
4671
3817
3819
3821
3820
4348
3906
3932
5041
3824
4210
6812
6825
3827
5104
6106
9347
7448
4371
5633
5901
5544
6366
4322
6489
7082
8945
6021
7786
8817
4348
3839
4168
4429
4199
4099
3844
8138
3844
4089
4692
5249
5414
8506
3848
4640
6987
4628
8174
3958
3854
8763
8912
6580
6589
8053
8110
3857
5091
6402
5316
7100
3860
4467
4324
8569
3863
3919
4111
4812
4590
3868
9534
3872
4247
3871
6457
7856
3874
6477
4041
4663
3877
3878
4408
8564
4608
3881
3998
9544
3884
8448
8510
4544
7176
7256
8005
3896
8685
3891
3941
4247
4232
4670
3894
3967
4387
8430
4379
8454
3898
5312
7979
6257
3900
4311
8554
6456
8162
9312
4006
4917
4308
6638
3906
4028
4246
3985
6708
8621
4155
3911
3935
9241
4665
3913
4369
4172
3917
5953
5014
6658
3921
4435
5304
3922
4832
9353
3933
5314
7295
3928
4297
3928
7104
3930
5332
9534
4555
6706
3939
8936
8161
9259
3937
3938
4663
4112
6511
8473
3943
4087
5047
3977
4479
4586
4622
4742
4870
8331
8614
4642
5720
8821
3960
5590
8109
5900
6655
3951
4169
4782
8775
8838
5569
7698
8585
4154
4244
6057
6501
6041
7124
8968
4123
4661
5041
4142
7138
8131
6375
8110
5331
7108
8624
4417
5331
9308
4324
3965
4457
8541
9283
3967
4285
4794
4403
4114
4547
3970
3972
4003
4002
4554
7544
4893
5894
4541
6720
6946
8549
3978
3980
3982
6032
4720
3988
8470
3985
8810
3994
4142
7892
3990
8036
5805
4195
6641
9297
3993
5144
8144
5506
6746
3996
3998
4947
4302
4046
5628
8004
6665
7548
4004
4082
4398
8178
8786
4031
4652
4011
4442
4924
4010
4751
4693
4725
5338
7854
4341
4420
5762
8893
7032
7262
9076
4017
7339
4021
4047
8638
4021
4123
4025
8044
5826
6409
6616
4026
4660
4028
4155
4030
4502
4300
4621
8916
4044
5200
7928
4038
4157
4844
4036
4066
8139
9304
6265
9031
4132
4280
5053
6818
7718
4069
5991
8390
5866
8067
4046
7616
7910
5630
4048
4467
4053
4977
8646
4975
5755
6780
7922
4095
7171
8120
8502
9161
4058
4062
6383
7535
5518
4061
9498
5779
5075
8062
4179
6883
7398
7931
4227
4080
4068
7534
9381
4722
8020
9487
4856
6444
4072
5814
6294
7206
7695
4861
6299
6868
4076
4474
4175
4403
5027
7253
4345
4430
9540
9543
9544
6535
7909
8073
8426
9096
9219
6460
8281
4091
4190
4093
5838
7636
9227
4811
6646
4810
8517
4097
8912
6710
9526
4104
5020
8636
4420
4389
4102
8710
8691
4120
4762
6463
7869
8175
4108
4117
7694
4221
4409
5002
6602
7074
4223
5089
6696
4119
9147
9302
8258
8326
9461
7844
8396
4125
4139
7161
9161
4130
4947
4129
5696
7543
4131
4610
4965
4521
6817
9106
9320
6817
9272
4371
9488
4468
8502
4283
6893
9285
9286
4426
4145
4214
9467
8030
4334
8720
8747
8900
8991
9048
4150
8403
4383
5807
9048
4639
4692
4246
4160
4774
4160
4511
4159
4912
9311
7853
4164
4242
7258
7771
6537
9223
4248
8982
4689
6939
7177
4429
8352
8776
4171
5991
8255
4174
6695
7078
4176
4185
4795
9234
9121
4180
4360
4544
4313
4896
5471
6748
4188
4188
4455
4193
8824
9003
4191
4484
4749
4196
8646
6803
7922
4199
7595
7847
9335
4622
4204
4290
7176
6648
8884
4493
4494
4208
4644
4702
4585
4210
8841
9344
4395
4214
6226
4217
4217
4446
8318
7958
4736
5584
8379
4248
4262
4229
5828
7122
5151
6761
7537
6514
7045
9338
5277
5454
5492
4232
4671
4234
8129
8854
9378
9441
8318
7020
4412
8568
6390
6751
9525
4688
4241
6422
4243
6286
6613
9488
4245
7751
4859
6029
7188
6671
7192
9081
4847
9081
6480
4258
4667
7476
4256
4437
4778
4258
8647
6424
5119
5637
6190
4277
5968
4273
7544
4372
9368
5449
6810
7542
4270
4268
5450
5546
8296
4270
8466
4273
6171
8496
4400
4275
5004
6060
7439
5412
7424
8087
5966
7480
4283
6059
6813
5228
4503
4289
4289
4454
4536
7316
8161
6105
6159
9111
4295
4476
4738
5480
6417
9056
4301
4301
4770
7103
4558
8431
8685
8777
4663
4306
5432
9211
6145
6330
7467
7500
4312
5996
8714
9360
6897
7250
4316
8880
9265
5128
8436
6694
7417
8360
4319
5002
6475
8603
4322
8435
6405
4328
8346
9144
4327
4636
8965
5979
7983
5971
6600
5716
9334
4332
8949
9055
4855
6436
5213
8855
6634
8125
8023
4337
8219
8893
4664
5968
5282
8017
4341
4604
4640
4344
4760
4344
4347
4347
5768
7178
8824
4352
4353
4353
4650
4579
7096
7782
4357
4359
6454
6364
7354
4551
5164
7057
9096
4364
5358
5954
6731
8087
5299
6832
9083
4370
8795
8447
4375
5409
8959
5024
9077
8153
8894
5132
7475
8386
4842
8324
6117
8849
7795
7824
9041
4382
6949
4648
7947
4388
4390
8662
9205
4389
4389
8814
4636
4714
6123
4394
8482
4397
4398
8239
7265
8830
8179
7662
8336
8835
4404
6608
8077
5748
6640
4406
4473
6532
6526
8235
8868
5457
6485
7004
4625
8626
5877
7298
9222
6526
9018
7308
8631
9191
4487
7510
4426
4422
6422
7679
4644
4701
8424
5962
7634
7883
8321
4435
7597
4434
5319
5669
4764
6925
4441
5552
8757
4499
4700
6234
7567
4610
4965
5362
6692
7239
8206
4448
4526
4444
4447
5994
7851
4451
5667
6110
6004
8984
4478
7909
8095
7800
4818
4457
6388
7189
8472
9320
4460
5191
8217
4464
7574
4463
8348
8627
6614
6891
7837
9350
4466
7920
6660
9388
4469
4667
9513
4681
4719
4473
7362
8391
4477
5603
8268
4743
6140
6573
6535
9507
4623
4482
4773
5825
9448
4491
8160
8633
4488
9465
7108
9026
4490
4715
5639
7429
9178
4507
4590
4506
5827
5951
4565
5140
5845
4498
8679
5455
9418
6000
9380
4713
4799
4505
9179
6725
5797
5833
7480
4569
6500
7926
4513
9198
4511
4599
8187
9050
9150
9209
4517
8190
8475
4820
4539
8661
8748
5986
6312
6760
4938
4522
5463
5636
4639
4523
9163
4994
7959
4889
7333
8189
7957
9086
4675
4757
8131
4530
7672
8834
8987
4533
9211
6962
7055
4544
6125
7463
4910
5326
4670
6319
7994
8071
4555
4722
6311
8400
4658
4550
4836
8537
5040
4580
5407
8971
5203
5557
4560
7959
9450
4818
4760
5636
6376
4783
7342
9390
4563
4564
6769
9349
9366
5406
6361
4566
5847
8122
8860
7006
8937
4576
7596
8349
4571
4718
5634
6673
9328
8777
8272
8420
8869
5861
8072
9027
4580
8810
5183
4589
9189
4581
6209
6875
4875
5465
4584
9503
8531
8302
8112
4654
8691
6643
8417
7895
8417
8641
6329
7708
6272
6969
6738
9044
9098
7094
8371
8734
4762
9145
4720
7875
8460
4843
4918
7760
8195
9098
9212
4729
6770
8096
6670
4611
5943
6442
4813
9455
4613
6697
4615
5347
7660
5758
7754
4641
5621
6751
6989
8737
5166
6209
7646
5934
8335
8966
4625
8227
9244
7508
8222
8486
7612
8978
9014
8186
8909
7775
8020
8576
7339
4634
9189
4977
8645
4636
8690
7448
4642
8555
4706
7511
5018
8660
6933
8418
6570
7318
8457
8156
8583
8969
4649
8999
4872
7945
5686
7582
7998
4701
8552
7796
7826
4966
8452
4660
8044
4683
7821
8906
4665
8498
4668
7671
7703
7161
8834
4679
9279
9301
6353
5500
4759
4714
7950
4709
9141
9538
8236
8711
4684
6584
7942
4683
6194
6690
7272
8233
8812
4689
5720
6773
8823
6775
7047
9148
4752
7704
6973
8864
6018
7466
9274
5697
8548
8796
6087
8456
9268
4699
9091
9334
4703
4712
4702
4704
6807
6140
8089
4729
8095
9221
7233
6750
8961
6795
6917
8961
4718
8795
4740
5086
4728
6996
4955
5129
4932
7580
8377
4732
5345
5579
8243
4741
8363
4735
8535
4737
5074
6223
6691
8259
5161
4744
7576
5772
7269
6422
7678
4750
4748
6250
9376
7310
4752
5227
6502
9336
6834
7436
9224
4756
5524
6772
5060
6349
9346
6559
5076
9445
4800
7079
9015
6811
6913
4779
7157
4769
7592
8954
5348
4783
9241
9259
4773
5824
7365
6002
4844
4776
6335
8526
6935
5987
7365
7546
5642
6258
9280
8565
4783
7865
4785
8021
8022
6735
4788
7162
6056
7540
4837
8540
4791
6477
7597
4793
7252
5023
5509
4800
8592
4798
5962
6872
6992
9231
5748
6659
8800
4803
5045
9075
8915
9230
5430
5907
4812
4809
8404
9492
4808
7562
9356
7525
9117
4823
4811
5680
5083
6729
7159
4816
8922
9149
4819
4821
8303
6726
9094
8844
9171
5268
5626
8053
4827
5077
6407
9326
4833
5549
7038
4830
5102
7011
4833
5232
4874
4834
8385
4838
5487
6578
4837
5379
6519
8471
8164
4842
8784
9468
7069
8560
4846
5559
5609
4848
6627
7651
4870
5553
8289
6651
6719
8331
4853
6580
8722
4854
5024
5264
4857
8605
4857
7505
9373
5179
8884
4860
8995
4861
6298
8668
4863
5794
6974
4864
5097
6423
7885
4866
6983
6984
4867
5198
5600
7390
4872
8029
9295
4873
8895
6668
8809
9253
4873
6266
5088
7302
4880
4879
6791
9246
4879
8167
6929
4882
6922
9361
4883
6542
5112
9305
4888
5740
4888
7238
4887
5307
6414
4889
7369
5133
4891
6517
7390
7673
6712
6900
7221
8584
6527
8833
4940
8354
5957
4898
4899
5696
7829
9276
6796
7543
4902
6255
7716
4925
8660
8973
7195
7575
4904
8169
8210
4906
5728
5978
4907
7727
4909
6837
5786
7396
4911
5092
7642
9062
4913
5013
4914
6199
8735
4916
5015
8372
6633
8696
4938
4920
6115
4920
5151
8196
6563
4922
5099
5103
4923
5878
6218
7338
4926
9192
5911
8897
8677
6106
9111
9372
4929
4930
8683
7306
9476
5291
5802
4935
7653
4935
5447
4936
4936
6100
9072
4939
5039
6473
9133
4946
4967
5307
7371
7983
5906
7766
9093
5518
4949
5644
6462
4950
6340
6419
8299
4952
6709
7275
6190
4954
7046
4955
8813
4958
5285
9342
4958
6587
9329
6777
4960
6318
7099
5259
5873
4968
4970
9358
4964
8985
9274
4964
6018
6545
8171
5189
7243
5384
8908
4970
5276
5491
8617
4972
5403
5412
5954
5388
5659
8002
5300
5671
6833
4976
7030
6335
8697
4979
4979
6702
6899
6589
8375
4982
5255
4984
7273
5222
8620
9536
4986
8076
6023
7023
8665
7965
4988
4989
5003
5308
5309
8012
8298
5624
8314
4992
5049
9174
7217
8780
6011
7325
7794
9282
4996
6291
8553
5069
6600
4998
4999
8951
8360
8755
5001
5427
8018
6265
7209
5003
7736
5005
8950
5006
9022
5400
9107
5008
8699
5010
5765
5011
8345
8588
5011
6885
8488
5013
5014
7270
6659
5016
9360
5402
5018
5911
6845
5019
6046
6963
5021
5022
8634
9010
5027
9486
5025
7495
9462
5047
8858
5029
5030
5510
5839
5033
7686
5032
5541
5034
6481
7798
7476
8647
6531
7899
8964
5037
5038
6803
5993
6597
7923
8007
5065
5859
8252
5727
5043
5886
8223
7722
6272
6831
5209
8027
5773
6953
8267
5049
6362
9164
5051
7964
5052
8489
6815
7681
5055
8546
5055
7719
7956
8011
5058
5669
6890
5060
5062
6099
8344
6131
5062
6847
6572
5064
6498
7593
5752
5068
5706
9389
5068
7166
9040
9123
5070
5638
7184
8903
5072
5177
5940
8870
5104
7631
9447
9543
9545
5080
8632
5080
7509
5527
6425
5475
5082
5832
8589
9039
5084
8410
8106
8988
5086
5385
5090
7345
5089
7782
6615
5595
7527
5096
7755
5549
8165
5094
6004
9072
6101
7491
5097
5252
7885
5098
6934
8173
8990
9264
5103
6880
5102
7490
7785
6220
7843
7893
7794
9047
5108
5110
8162
5109
5790
6008
5585
6780
5112
6786
9361
5113
6562
8316
5115
6747
9185
6870
5623
7664
8456
5120
6909
5121
7473
5120
6709
5223
7449
5123
8060
5124
9194
5125
9204
8203
9453
5128
8254
5864
6244
6546
5493
5130
6456
6084
9300
5132
8189
9169
5133
6413
5135
6409
7834
5136
5826
6197
7472
5139
8539
5139
8523
8866
5141
8121
5142
5515
6687
8940
5144
5146
5505
5489
5146
5373
8994
5148
9176
5149
6765
5150
8586
9102
9523
5152
5153
7296
6564
6886
5273
7246
5157
5741
5870
6425
7245
7535
8132
8256
5160
5686
5687
6381
8000
5385
5205
8640
5485
5582
9194
5165
8419
5166
9503
9097
5468
5579
9313
7751
6753
7416
7798
5172
5173
6192
5172
5173
5301
8177
9472
5175
5176
5659
5586
6451
5585
9312
5280
6905
5179
5185
5584
5181
7280
8401
9116
5184
8224
5184
6075
6678
5583
6066
5188
6156
6815
5188
5919
6069
5196
5201
5196
5201
8563
5192
8100
7469
5621
6496
7594
5195
6014
6469
5520
8413
8453
5198
5808
6086
6523
5200
5202
7927
6799
8600
7299
5204
7545
6241
5207
5920
6238
6701
8358
6790
9240
5211
5655
8103
5652
5213
7358
9484
7940
5215
8348
5216
7065
6568
8627
6813
6814
5219
5243
9431
5267
7087
5221
6599
7075
5222
8709
8069
5224
9045
5225
7565
5640
5228
6057
6503
5228
5230
5946
6332
5233
5804
5232
5259
7013
6318
5236
6334
5235
5236
6513
6044
9139
7735
5266
9289
5239
6306
7761
5240
6033
6788
8713
5242
7494
8291
5265
5246
6950
8239
5247
6783
7212
5247
8830
6894
5709
6876
5250
8130
5253
6237
5252
6519
7886
6030
8215
9134
5256
5256
7344
7498
5258
5544
6657
5260
5830
6078
5824
5263
5712
8763
5923
8062
5264
6580
8866
5266
5267
8503
9363
7208
7355
8018
5275
5295
7743
6852
6853
5273
7244
8602
6672
5275
5295
8405
8206
5277
5760
9418
5280
8870
9140
5280
5283
7728
5284
7878
5284
5859
7282
7802
5286
7059
5287
6092
5288
6285
6672
5290
5565
6631
5747
6229
5982
6579
5294
7869
9293
5294
6463
6852
5750
6011
5297
5302
6737
5593
7211
5300
5848
8818
5300
5988
7210
5304
5310
5503
5306
6415
5307
5979
6680
6681
6602
7278
5504
5313
6053
7963
5313
8443
7978
5315
9437
5316
9471
6404
5320
5322
8384
5319
6811
8033
5609
9175
6967
5607
6831
5327
6348
9006
5325
7098
8385
5326
5549
5855
8739
5359
6898
6947
5359
6948
8237
5331
7831
5333
9059
8548
9025
5335
7260
9520
6774
7470
5337
7870
5339
9193
5427
7897
5342
6142
6303
5342
5472
5473
8479
5345
9129
6246
7009
7850
9313
5347
5372
8180
5348
7661
5351
9472
5351
7195
8606
7575
5353
5820
5354
6453
6278
7001
5357
5833
6261
5357
6300
7299
5862
9351
7701
5370
6517
8271
5370
6087
6523
6714
7101
5364
6382
6737
5365
6851
5389
9013
5368
7382
8399
5368
5800
5837
6669
5681
6324
6111
5372
5373
9180
5490
5489
5384
6892
9064
5376
5377
8267
5773
9244
6700
7881
5381
7762
8244
5381
7780
5383
7040
8261
8252
5383
6429
6582
8550
5491
6037
6450
9008
5388
6251
6252
9199
5391
6479
5391
5885
8484
5759
5403
5412
8317
5395
6114
8253
5396
6317
6567
5396
5928
7435
5398
5659
5399
6417
6451
6938
5453
5402
7066
7424
5405
8854
9378
6434
6808
5407
6470
9451
5409
8055
8960
5410
5411
8154
5425
8856
5414
8130
8853
5633
5417
5596
9370
5417
5418
5692
6632
7078
5420
6301
8168
5421
6932
7387
7489
8030
5424
6374
8857
5425
5743
8055
5427
7571
5429
7278
9434
6602
8896
5947
5433
5436
6482
8659
5439
6244
6545
7623
8171
5460
6235
8285
5442
6624
7478
5443
9142
5746
5445
5622
7016
7664
9191
5447
7581
5449
7092
5450
9248
5452
6620
8608
7832
5606
8859
5455
9285
8572
5459
6054
9354
5459
5701
5460
7805
6928
5463
6683
8357
5463
5632
9165
5465
6211
7097
5918
7813
9463
6955
9535
5485
5470
6499
7166
5471
7062
8595
6257
7979
5821
6547
5475
6009
7030
7097
8925
6507
8705
5479
7162
6984
6938
5482
6554
8020
5483
7773
6331
8846
5486
5913
6713
9214
5558
5488
7486
5490
7592
5492
6893
5494
8753
8329
9473
6444
7790
5497
5935
5499
8338
6376
7965
5501
6692
5502
6714
9061
5504
7469
5506
5508
5508
7699
7880
8815
8774
5511
5531
5512
7687
8047
6538
9245
5517
9292
5516
8090
8940
5965
7267
5533
5521
6468
5521
8102
5523
5524
7769
6226
9467
5526
5527
6810
7350
5532
7383
5531
6566
7356
7667
9155
8491
5538
5540
8887
5539
6716
8732
7800
8643
5543
6138
7005
5544
9365
5546
6150
7542
5548
7274
7400
8606
5566
8330
5552
6049
6050
8405
8888
6354
7383
5570
7936
5557
6371
8468
5558
5560
8723
5561
8891
8837
5563
5705
6022
5904
6122
5565
5745
7334
7370
7202
5568
7937
8586
5569
7129
7549
5592
8860
8611
8732
5574
5916
7959
5574
9282
9324
5914
5576
7454
9230
8859
8915
5578
8558
9103
6338
5582
5581
8529
8533
8619
9195
5584
8712
5586
5755
5588
7028
6776
9329
5752
6857
8283
5601
8998
6391
7593
8283
7037
8334
5594
6360
5595
7347
6766
5597
8573
5599
6316
6984
5600
9126
7792
6611
5603
5604
6818
8207
8835
9012
5606
8213
8711
9396
5609
8723
6510
6571
5611
6945
9475
8571
9141
9538
6222
5616
5687
5724
5617
7981
5620
5993
7569
5620
6199
6504
6597
5623
7360
7503
8816
6375
7991
8359
5629
7042
5630
6393
7198
6750
7950
5636
6006
5635
8767
8597
8935
7743
7658
7747
7817
8016
5997
5899
9364
8480
5889
7443
7750
6330
6460
7904
5651
6360
7169
5648
9415
5649
9170
5650
9067
7380
8399
6737
6859
5683
8145
5654
5815
9280
5969
7717
6264
6420
5657
6652
8183
7903
8277
5787
6313
5661
9242
9281
5998
8269
5666
7391
5665
9353
5665
6354
9054
6114
6718
6654
5670
5685
6242
9133
5848
5673
6103
7820
5698
7236
6093
8251
5676
7311
6374
7116
7700
5681
8132
9362
5680
8642
9002
8437
6557
5684
6141
8147
5684
7609
7496
6314
6473
7376
5689
8427
5691
9348
5691
8402
8928
8325
6467
7113
5694
6143
9226
6051
6098
6824
6838
7689
5697
9252
6099
7641
5704
6461
7135
5701
8765
9082
5703
5703
7868
7004
7619
8245
6320
8706
5775
7982
5708
7047
7048
5784
7396
5711
6594
5711
7014
5884
8523
9121
7288
7413
7559
5715
6698
8938
7052
9202
5953
5735
6863
7815
8312
5720
5721
6774
7260
5723
7843
6365
9184
5726
7376
5726
7981
8195
6763
8850
6474
5732
6010
7518
6881
8676
7123
7806
8088
6752
8104
5736
7791
8240
6364
7353
8547
7442
6508
6225
6675
5930
6094
8238
5744
5961
7634
5741
7237
5744
5743
6373
7554
8158
5746
5747
7930
9297
5750
8688
6854
5753
5755
6335
5754
6451
6935
5757
7119
7213
7359
5767
6387
5766
5886
5761
6836
7194
9087
5763
9456
5764
5960
5898
6567
6438
5938
8223
5776
6096
5769
7152
5770
9003
8347
9144
5772
7191
7192
9495
5774
5775
6593
6095
6988
5787
6067
7402
5779
5780
6967
9304
5782
5783
7551
6499
7062
6113
6747
5785
6091
5786
7707
6329
6315
5801
5867
7914
5790
6822
8163
5792
9391
6883
5795
6224
8308
6915
5796
7838
7621
7887
5798
5819
6278
9243
5800
5818
6145
7067
7283
7675
6986
7669
5806
8451
5806
7735
6566
7137
9514
5808
7452
6983
5811
7918
5812
5813
8241
5812
8551
5897
8247
5815
5969
5816
5817
6142
6295
6303
7467
9273
5820
7752
6459
6585
5823
6960
9424
9110
5825
7631
6396
7299
5829
6006
8853
5831
7366
6656
8883
5834
7752
9414
5837
8399
9415
5837
6144
8246
5843
8030
5840
5841
5843
5933
7633
5856
6308
5846
6797
5847
8477
8262
6681
5850
6824
7393
6838
5852
5854
8945
7305
5854
6600
7184
6488
7384
7412
8152
5862
6256
5859
6070
6148
7948
6302
6739
5867
7284
7721
6386
7967
5866
6973
8863
8149
9327
9444
5870
8158
7706
5872
6326
7419
5873
5975
7803
5875
6539
7502
7746
5877
7375
9225
6098
5880
8750
5880
7338
6512
5882
8415
9341
8249
8350
5884
6316
9127
5886
7725
5890
6661
5890
6035
9125
5927
8366
6183
5892
7988
5893
5894
8079
5899
6163
7416
5897
5959
7949
5898
8551
5975
5901
6826
8506
5903
7790
5904
6027
5906
7414
5908
8511
8040
5910
6558
9474
5912
5913
6371
7925
5915
7489
5917
6507
5917
9450
8705
6204
7301
7101
5921
5925
5924
8306
5924
6219
7266
6841
5927
6185
7434
6007
6718
7440
7010
7213
7359
6732
7205
7269
9035
5933
8209
5935
6603
8383
8885
6147
6158
7604
5940
6756
8902
7557
5942
9528
6467
7078
5947
7890
5945
6043
8135
8846
7778
5949
6310
6910
7566
6130
6153
7024
5952
9243
6225
6396
9258
5956
8113
6007
6090
5958
8799
6735
5960
7874
5962
8216
5964
6033
7265
5965
7761
6089
5967
7840
5968
6262
7956
5971
8553
9029
5974
6389
7656
8302
7304
7601
7804
5977
5984
6026
5983
8421
9151
9473
5980
9146
9302
5982
9000
9402
7306
5989
6427
6628
5986
6078
7012
6002
6327
8193
5999
6453
5992
8255
9200
5992
8389
7521
5995
5996
8671
7423
9046
6341
8208
6001
6466
6628
7976
6004
6205
6823
6006
9338
6009
6780
6211
6016
6045
6013
6014
7926
6486
7427
6017
6965
7461
7545
7973
6176
7833
6020
7359
8974
6021
8840
6848
6025
7516
6024
7622
8171
8977
6026
8421
6027
6031
6452
9226
6032
8668
6921
6032
6034
6894
8830
6037
6296
6037
6183
8739
6040
6127
9102
6745
7080
8423
9523
6042
7553
6043
6591
8433
6046
8469
6752
6048
6487
6866
7184
8904
9011
9423
7606
8934
7404
8251
6067
6767
7492
8654
8693
6056
8765
6056
7014
9357
6059
6059
9198
6061
9022
6062
7438
6167
7041
6064
8702
6065
8760
7482
9260
6068
6313
7111
9186
7100
9471
6141
6957
6072
7088
8956
6074
6790
6702
6712
6901
6228
9239
6866
9345
6079
7188
8995
6078
7803
6347
9283
9537
7307
7547
8151
6084
7999
8902
6084
9221
9478
6089
9292
6087
7434
8263
6092
6284
9342
6098
6389
6948
6137
7590
6136
6732
6452
7188
7474
6103
6101
7778
6103
6146
6572
6280
8589
6106
6426
6253
6842
7532
6380
7655
7799
6110
6654
8074
8045
6112
8629
6186
9268
6870
7666
7404
6118
6117
6119
7271
6119
7759
9410
6175
9247
6122
6377
7790
8704
6125
8598
6125
8190
8748
6127
7330
8463
6129
7256
8005
8499
6131
6350
7641
6133
7672
8986
6134
9508
9509
6347
7667
7788
6137
6389
7601
6657
8074
6140
7663
8835
7499
6258
6452
7389
6145
7904
7906
8351
7953
8808
6151
7941
6151
6593
7982
8117
6476
7255
6248
7413
7552
8462
7681
7254
7345
7901
6184
7517
6160
6408
6161
6509
8240
8247
6243
6385
6169
6753
6165
8881
7041
9019
6167
7554
6168
7438
8715
6722
9365
6171
7021
9288
6173
6485
7003
8012
6175
6179
6180
6178
6809
7863
6911
8286
6180
7916
6196
6188
6863
7727
6183
6662
7384
7603
7828
6188
8367
6187
6865
8738
6189
6711
8006
6192
8464
8709
7324
6194
8262
8550
6622
6196
6609
8417
7896
6556
7737
6205
6411
7136
6200
6596
7270
6202
9459
7582
7997
6204
6820
8045
7977
8117
8205
6209
6516
6606
7187
8116
6213
9383
6214
8509
6636
8001
6216
7068
8317
6339
6462
6588
6220
8532
6400
6937
8108
9547
7830
7967
8299
6231
6745
8228
6230
9370
7930
8573
7123
7975
9436
7356
7714
6236
8215
7224
6237
8505
6248
7970
6240
8313
8958
6249
9375
6242
7973
7220
6244
6254
6246
6707
6247
7905
8975
6253
6250
6793
7709
6839
7379
6770
7430
7688
6698
7624
6256
8918
6258
6260
7298
9222
8217
8031
6263
8478
6277
8145
6268
7765
6269
8089
6269
7945
8232
6271
7264
6584
9296
6273
8384
6275
7077
9381
6959
8266
6279
6419
6784
6282
6282
7644
8039
8493
6285
6555
6285
7707
6290
9257
6289
8039
9330
6289
8856
9004
8154
6537
6739
7747
6293
7051
9012
6818
8547
6295
7204
8743
6322
7364
6299
6299
6534
6301
9352
8031
6999
7283
6749
6305
6306
8825
7792
8461
6310
7409
6310
7234
8301
6313
6954
7437
7219
7410
8201
7919
8551
8385
7223
7516
8008
8274
6450
9013
6325
7471
6552
7115
8942
7099
7156
7823
7961
8043
8747
9462
7135
6332
6554
8160
8633
6338
6500
6338
8199
8538
6340
6784
6342
7717
8480
9280
6344
7027
6346
9535
7960
7965
8898
7787
6350
7024
6350
6352
7035
9309
6353
7092
7377
7209
6357
7450
8400
6358
7778
7890
6360
6410
7347
6362
9366
6435
7051
6366
7441
9364
6368
6369
8520
6370
6431
6671
8590
6845
6373
6374
7008
6377
9449
6379
6844
8989
7528
6985
7304
7583
6479
8193
7149
7000
7538
7990
6386
6454
7797
6732
7660
6392
8905
6392
7232
7600
6394
8976
7200
7731
6665
6994
7550
7927
6398
7858
8499
6399
6542
8879
9479
6652
7266
6402
9454
6404
6404
9052
9437
6406
7509
8486
7397
7168
6476
7025
6416
7137
6413
8386
8676
6414
6415
8378
8046
6637
6465
8425
9243
6752
6963
7386
9329
9401
7614
8309
7163
7397
7842
7653
6467
7153
8347
6430
7102
8092
9440
6432
6439
6741
8590
6434
7683
9242
6436
9373
8980
6587
7386
6440
9405
6440
6885
6442
7890
9254
8839
6972
7929
8689
6446
7802
9140
9385
6448
7214
8615
6449
7053
8752
6851
8607
8126
6456
6770
9199
6458
7256
7515
6461
8282
7730
6464
9414
7990
8607
6469
8303
9094
6471
9522
6473
9196
7748
8436
6645
7737
7346
8172
7604
8779
6482
6483
9512
6497
7264
9118
8105
6500
8536
6488
9345
6489
9315
6491
8985
9253
7067
9273
6493
6764
9461
7118
9173
6497
8954
6496
6498
9124
6503
6504
6503
7569
6506
7027
9535
7558
9399
7387
6509
8674
6512
9471
8204
8633
6874
7572
6516
6595
6875
7756
6523
6520
6843
8234
7779
8790
9457
8959
8899
9303
6525
7782
9162
8886
6527
8080
6529
9427
6682
9165
6531
7165
7697
6533
8701
9233
6536
7383
7938
7667
8995
8446
7026
7215
6541
6962
7847
8885
6544
6544
9305
7858
6546
7830
6549
7978
6549
6622
8654
6690
6559
6552
6557
7744
6554
9487
6556
6645
7468
8082
9379
6561
7827
8324
7190
6787
6828
6564
6565
7966
8250
7373
9386
7373
6571
8703
6856
6574
7685
8567
6576
8330
8527
6977
8225
6578
9407
7669
9001
6582
9440
7040
7320
8457
8682
6585
6690
8264
8951
6711
8494
8722
6646
6728
7175
9028
9143
6957
6595
9357
8287
6597
6804
9091
8464
6603
6607
8966
6606
9060
6610
8116
6609
6643
7673
7917
6612
6755
9120
9526
6621
6617
6619
7539
8006
8494
8105
8136
8407
7694
8192
8477
6624
6625
7477
7746
7558
9192
9310
7829
7652
6630
6631
7125
6632
7113
7371
9370
6634
7877
8746
6636
6637
7085
9383
8539
6667
8809
6641
6643
7154
8307
6647
8884
8601
8642
7313
6683
8073
9119
6651
6655
8597
8764
6656
6657
6664
7459
6664
6661
6662
7415
8828
9454
8077
6666
6903
8791
6669
6669
7067
6671
9298
8935
9321
7928
8149
9547
6689
8831
6679
8808
6867
7203
8298
8818
7277
6683
9153
6685
8137
8139
6964
9304
9247
9467
6688
6797
7044
8693
8908
9359
6692
6694
8389
9215
9200
6696
7181
7302
6700
7106
8266
7552
8103
8509
6704
7335
6705
9091
7800
9157
6708
9063
8996
9045
8050
8761
7726
6715
7678
7679
6889
8508
6755
8433
9009
7300
6721
8614
6721
7408
7005
7682
6724
9179
6725
9138
8490
6727
8655
6728
9171
6730
9532
8124
6734
8798
6736
6736
8831
9359
6740
8553
9027
6742
7576
6885
8363
6896
7036
7729
7536
7571
9193
7989
9425
6748
7062
8479
7600
7682
6759
7367
8043
8998
6757
7555
6758
9478
9119
9153
6972
7355
7012
7322
6762
8196
6763
7745
8084
6765
7937
8778
7211
6768
7130
6819
8035
8785
9451
9245
6774
6939
6776
6777
7048
6779
7284
7747
7034
7721
6782
6783
7150
7008
7142
6789
7001
6786
7194
8681
6787
7109
6789
6894
8063
7453
8558
6793
8819
9477
6795
6919
8538
8619
8651
6799
7482
8067
6800
8702
6802
7035
7092
9248
6805
6805
8800
9297
7644
7741
8589
6810
7233
7683
9092
6811
8034
8258
8778
9461
8770
6817
7293
8936
6823
7136
6821
6895
6822
9299
7491
6830
6827
6827
8507
6829
7110
9148
7328
7381
6833
7871
6835
6835
8992
6837
8617
8783
8276
7429
7817
7712
7947
8687
6844
7689
8920
9321
7328
8469
6848
6850
8974
6849
7360
6849
8816
7905
6859
6854
9060
8932
6856
7318
7408
6858
7951
7344
9007
6861
8807
8432
9177
6877
7376
8000
8367
6865
6884
8629
9277
6867
7230
6869
7891
8295
6871
6872
8216
9235
6874
6877
7185
6876
8111
8084
6879
7042
7756
8613
6881
9264
8386
6884
8953
9279
6958
7964
8487
6889
7379
7817
6889
7221
8016
7115
6893
6896
8678
9155
8128
6901
9112
6901
8529
7180
7738
6904
6992
9235
7729
8678
7955
8759
6908
6910
7566
7235
6913
6914
8024
8393
6934
8966
6917
6918
6919
9181
6921
8335
6934
6923
8879
8680
7599
6928
8105
6928
8287
9354
6930
6931
9218
6932
7488
8167
7133
6938
6937
7650
8052
6940
6941
8630
7470
8886
6943
6944
7031
8478
8060
9020
6946
8289
8614
6948
7656
6952
6951
7212
8999
6957
8150
6956
7918
7536
7570
7242
7400
6963
6961
7342
9390
8467
6965
7462
6966
6967
6969
7083
8762
9037
8972
7208
8066
6985
7614
6976
8782
7514
6978
6979
9363
7519
8527
6982
8294
6982
7105
7881
8511
9269
7368
6995
7753
6990
7628
6991
9435
8148
6994
8356
7428
7591
6997
9122
9313
6999
7638
8072
7675
7002
8607
7002
7004
8297
7447
7007
9266
7147
7010
7126
8975
7013
7490
7013
7162
7900
9494
8292
7019
7742
7750
8299
9005
9330
7022
8354
9133
8977
7025
7169
7348
9188
7028
9401
7032
8559
8632
7214
7639
8569
7658
8622
8677
7179
7739
7039
8861
7715
7040
7043
8976
7045
8941
9469
8599
9342
7060
9419
7053
7577
8615
7052
8990
7055
9466
7057
9219
7058
8209
8418
8610
7063
7573
7814
9213
8317
8412
7381
8892
7071
8612
9427
7072
8981
7216
7074
8600
8603
7226
9537
7077
7859
8274
7518
7559
8104
7083
7372
8440
9460
7611
9057
7229
7530
8256
7089
8228
8862
9499
7091
8463
9158
8684
7100
7101
7755
7095
7240
8220
9187
7097
7099
7319
7943
8952
7104
7106
8970
8660
7108
8625
8749
7110
9087
8599
7113
7125
8346
7116
9004
8857
7119
7129
7937
7119
7121
7122
7962
8667
9469
7401
8140
7983
7127
8644
7129
7213
7608
7971
8182
7402
8968
7132
7622
8369
8665
8819
8781
9420
7135
7291
7466
8037
8037
7139
7140
9213
7551
7666
7554
8063
7157
7145
8072
8650
7262
7639
7147
8658
7150
7150
7212
7584
7154
9458
7154
7939
7153
7178
9528
7156
7419
7164
7236
7160
8106
7832
8609
7163
7934
7591
7902
7166
8701
7168
7617
9210
9006
7789
7173
8180
9180
7174
7564
8351
7178
9217
7181
8826
7181
7183
8649
9177
7366
8882
7186
8344
7740
8084
7888
7190
7420
7651
9081
8591
7194
8679
9418
7399
7197
8495
7199
9398
7200
7837
7202
8650
9029
7232
8284
7205
7659
7206
8238
8956
9500
7209
7211
7958
7215
8717
7218
8339
7218
8901
7220
7526
8533
7223
8708
7227
8254
8361
8753
7315
8290
7229
7529
7232
8904
8960
7235
7239
7254
7238
7848
8758
7241
9344
8371
7855
7245
7337
7246
8600
7246
7248
9369
7249
9431
7251
9498
7252
7253
7255
7641
8779
9104
7260
8820
7263
7285
8741
8993
9411
7267
8181
7268
8179
8013
8800
7272
8454
9409
7276
7828
7275
7423
9046
7344
7517
7278
9033
7281
8899
7281
9303
7738
7284
8330
7305
8441
9363
7288
7528
7526
7290
8578
9010
8392
8634
7619
7838
7296
8078
8487
7294
9267
7295
9438
7537
7298
7375
7321
7323
7302
8826
7304
8119
7519
7314
7816
7309
9376
7310
8926
7436
7313
7313
7315
8113
7317
8557
7320
8549
7485
7323
7440
7484
7325
7743
8177
7329
9150
7412
8157
8200
8528
7330
9209
7332
7333
7334
7349
7369
7336
9157
8799
7340
7343
8813
7343
9259
7346
7347
7349
8189
7502
7351
7853
7354
7701
8128
7361
7358
9207
8376
9346
7788
7363
9125
7364
8483
7366
8746
8822
8683
9475
7370
7371
7831
9308
7375
7875
7386
9400
7379
8002
8508
7382
8148
9024
7388
8031
7391
7404
7917
7474
7393
8485
9417
7394
8873
7396
8599
8783
9263
7399
7716
7400
7402
8201
8984
9287
7407
9069
9476
7407
8457
9065
8682
7933
7410
7412
8797
7532
7921
7419
7418
8951
9215
9286
7421
7827
9339
9382
7423
7443
7428
7764
7716
8242
9094
9237
7430
8097
7433
9078
9079
7433
7560
9356
8008
7437
7919
7440
8827
9183
7443
8366
7445
8388
8572
9216
7687
8068
7451
9254
8756
9011
7776
9269
7455
9230
7456
7456
8956
7458
7894
9002
9491
7462
8137
7461
8077
7462
7464
8191
7465
8807
8648
9177
7467
7472
7708
9481
8742
8863
7577
9264
9513
7478
7479
7480
7840
7482
7483
8066
9262
7485
7490
7787
7487
8408
7489
9324
7492
7494
8333
8689
7497
7499
7608
8305
7948
9368
8851
7504
9160
7506
8847
8605
7508
8657
9162
7509
7512
9307
8622
9525
9466
7514
8178
8179
7516
8416
7951
7972
7522
9108
7522
8007
9056
7524
7525
8401
9115
7561
7972
7532
7531
7531
9319
9458
7558
8081
7539
7541
8765
9082
9318
8107
8468
8649
7863
7550
8281
7880
8644
7764
8202
7559
8140
7556
9154
7557
8612
9255
7562
7993
7562
9322
7564
7819
7753
7566
8312
7572
7573
9108
7571
8003
7575
8918
8591
9169
7579
7680
8489
7586
8078
7581
7583
7583
7670
7587
7920
8476
8260
7588
8820
7864
8141
8157
7591
7889
8144
7594
7600
7844
9238
7598
7599
7602
7889
8119
7604
8194
7607
8669
9423
7607
7812
7635
7609
7610
7971
7923
9384
7614
7799
7619
7621
7781
7617
8004
7618
8832
9044
7894
8641
7623
7624
8938
8064
8461
7627
8610
7628
9172
9413
7630
7647
7731
8426
9095
7633
7812
7636
7636
7640
8170
7639
7674
7713
8173
7649
7720
7645
7742
9330
7648
9095
7648
8976
7650
8490
7653
7974
9185
9430
7656
7658
8903
9525
7660
7661
8743
8089
7665
8773
9197
8159
8465
7671
8658
7672
7676
7677
7677
9417
7925
7681
7686
7684
7685
8567
8269
7687
7689
7690
7969
8275
7692
7693
8730
8294
9527
7956
8009
7701
8011
8546
8568
9040
7699
8423
9380
7702
7703
8658
7941
8118
8115
8907
7708
7710
8098
7712
7712
9080
7714
7715
8165
7719
7719
8207
7721
7723
7724
8625
7725
8518
7727
7730
7729
7739
7732
7835
8395
7791
7874
7735
8433
7737
8014
7739
7744
8343
7742
9038
7745
8081
7841
7750
8880
7783
8198
7754
8180
7757
8287
7759
9333
9410
7760
7980
7763
8280
7764
8017
7767
7767
8381
7769
9245
7771
7784
9080
7772
9105
7774
9479
7775
8879
7777
8900
9318
7780
7781
8245
7784
8370
7787
7788
8841
7949
7917
7799
8127
8226
7796
9055
8605
8127
8616
9385
7860
7860
7806
7811
7808
9086
7810
8769
8801
7814
8393
8058
8666
9430
7816
8114
7818
8152
7820
8351
7823
7828
8076
8194
7825
9349
7826
9457
7995
7833
9315
7838
9210
9212
7836
7837
8229
9263
7841
7843
9184
7846
7846
7847
8578
9010
7850
8644
8996
7854
8671
7854
7897
8913
7856
7857
8229
7860
7859
8005
8402
9036
9492
7864
8034
7866
8323
7867
8838
9325
9339
8297
8818
7870
8174
7873
8992
7873
9083
9318
8900
7877
8372
8917
8822
7882
8733
9367
8227
7883
7885
7887
8308
7887
7889
7902
7892
8470
7893
8580
7895
7896
7916
7898
8018
7900
9306
8444
7902
7913
7915
7908
7909
9221
9119
9478
7912
9398
8499
9480
8832
7914
8276
7919
7921
7923
7925
8897
9238
7928
7932
8242
9391
7935
8793
7936
9161
8122
8226
7941
7944
7943
8550
9296
7948
8307
7946
7947
8241
7953
7954
8809
8284
9182
8700
8475
7960
7961
8076
7963
8443
9470
7966
8947
7969
8183
8277
7970
7971
7973
7975
8088
7976
7989
7982
9123
7979
7981
8596
8040
7987
8099
9005
7990
8971
8000
8003
7994
9078
7996
8921
7997
9459
7998
9299
8002
8613
8008
9057
8011
8237
8014
9028
9496
8908
9064
9090
8962
8252
8049
8075
8075
9355
8026
9240
8027
9068
8029
8999
9034
8033
8142
8034
8036
8037
8039
8153
9203
8842
9344
8769
8689
8046
8047
8068
8768
9120
8310
8062
8054
9492
8056
8939
8058
8934
8061
9020
9214
8061
9194
8715
8065
9504
9167
8067
8074
8070
8623
8071
9078
8708
8357
8083
8080
8584
8082
8083
9362
8088
8087
8120
8501
8520
8093
9530
8094
8952
9426
8096
8097
9080
9477
8100
9482
9271
8176
9112
8104
8108
8598
9343
8598
8112
8114
8118
8119
8118
8121
8122
8166
8249
8467
8125
8375
8127
8128
8130
9134
8135
8135
8142
8142
8200
8144
8954
9118
8147
8150
9172
8265
8152
8157
8154
8156
8895
8159
8216
8163
9300
8170
8415
8168
8169
9352
8173
9168
8175
8413
8529
8182
8183
8306
8185
8186
8663
8188
8724
9051
8191
9086
8630
9217
8194
8196
8198
8369
8938
9201
9103
9181
8201
8205
8204
8750
9124
8208
8268
9317
8702
8212
8997
9397
8215
9137
8218
8219
9340
8221
9518
8222
8734
8224
8741
9163
8294
9406
8231
8798
8643
9157
9105
8234
8789
9331
8833
9446
8238
8241
9070
9408
8245
8282
9416
8249
8392
8635
8253
9456
8253
8255
8257
8259
8260
8262
8861
8274
9286
8266
8267
8269
8272
8276
8277
8279
9239
8322
8281
8282
8284
8290
8290
8289
8571
9085
8293
8958
8774
8871
8872
9248
8298
8301
8756
8758
8306
8307
8309
8319
8812
9452
8664
8819
8411
9024
8919
8971
8594
8839
9455
9021
9390
8332
9036
9448
9501
8329
9151
9391
8754
8334
8338
9012
9202
8803
8340
8612
9255
8342
9463
9415
9416
8344
8699
8759
8347
9405
8635
9327
8498
9241
9289
9163
9131
8919
8361
9200
8465
8488
9455
8947
8367
9431
8370
8444
9114
9335
8721
9483
8380
8676
8382
9442
8384
8667
9242
8389
8390
8576
9125
8577
9499
8409
8426
8850
8517
8756
8404
8404
9316
8934
9328
9512
9220
8929
9533
8412
8661
9343
8718
8421
8419
9420
9079
8425
8428
8928
8928
9316
9387
8838
9073
8581
9473
9489
8878
8441
8503
8945
9270
8963
8446
9379
8449
9206
8450
8504
8684
9158
8744
8865
8453
8692
8811
8462
8460
8460
8543
9126
8465
8577
8469
8668
8662
8473
9106
8474
9159
8651
8717
9281
8482
8997
8484
8518
9013
8874
8489
9495
8492
8814
8496
8497
8501
8502
8935
9037
8510
9439
8507
8507
8509
8970
8906
9109
8517
8516
8575
8911
8943
8716
8528
8930
8989
8528
8933
8539
8526
8697
9326
8526
8532
8611
9493
8962
9074
9419
8537
8538
8570
8540
8542
9017
8545
9026
8749
8547
9475
8888
8556
9149
8557
9404
9412
9076
8740
8562
8735
8736
9101
8718
9341
8707
9111
9093
8579
8843
8619
8574
8616
8578
8626
9306
8581
8583
8692
9101
9294
8586
9523
8588
9260
8760
8591
8594
8594
8595
9232
8701
8694
8602
8603
9319
8609
9196
9367
9188
8707
9515
8623
9166
9079
8625
9220
8773
8926
8697
8636
8637
8637
9444
9402
9249
9171
8647
8646
8649
8955
8654
9336
8656
8656
9237
8731
8931
8665
9043
8979
8839
9371
8672
8913
8911
8675
8803
9310
8680
8681
9361
8683
9529
8849
8687
8983
8688
9293
8691
8957
8969
9470
9275
9494
8700
9412
9065
8706
9449
8706
8709
8716
9107
9186
8715
8852
8801
8875
8721
9462
8722
8892
8727
8727
8729
8730
9275
9511
8734
8733
9018
9311
9150
8738
9436
9277
9008
8741
9429
8744
8942
8747
9343
8751
8752
8990
9453
8755
8755
8758
9011
8760
8763
9121
9307
8767
8768
8769
8773
9049
9485
8776
8777
9250
8901
8782
9505
9087
9428
8789
8790
8787
8788
9433
9452
9349
8792
8794
9463
9416
9059
9251
8799
8937
9272
9156
9214
8874
8812
9424
9203
9380
9425
8817
8823
8824
8827
8829
8832
8834
9428
9468
8842
8842
9002
8846
9480
9374
8852
8854
8858
8857
9484
8861
9406
8864
8865
9514
8868
8887
9018
8872
9255
9483
8874
8876
8877
8877
8933
8939
8883
9073
9335
9085
8890
8892
9205
9295
8897
8973
8905
8905
9458
9208
9507
8917
8915
9075
9396
9351
8921
9457
8925
9406
8925
9113
9114
9224
8930
8933
8932
9106
9110
8941
9443
8944
9524
8949
8980
9174
8953
9291
9301
8965
9182
8960
8962
8964
9233
8969
9137
8973
9518
8975
8985
8979
9432
9074
8981
8983
9072
8987
9446
8989
8992
9429
8996
9001
9145
9005
9007
9008
9032
9262
9015
9016
9231
9432
9022
9325
9305
9534
9029
9032
9031
9319
9035
9034
9434
9261
9039
9389
9042
9366
9055
9164
9182
9210
9046
9228
9049
9197
9053
9052
9454
9053
9438
9057
9059
9063
9460
9062
9070
9213
9172
9071
9070
9506
9075
9287
9084
9084
9089
9516
9093
9377
9097
9097
9099
9358
9515
9101
9294
9246
9120
9301
9337
9110
9116
9117
9168
9129
9229
9124
9127
9167
9132
9135
9136
9441
9137
9143
9496
9143
9146
9147
9147
9154
9427
9498
9160
9174
9236
9303
9188
9502
9179
9184
9263
9234
9190
9502
9249
9193
9204
9408
9312
9202
9205
9207
9216
9285
9527
9324
9220
9250
9379
9226
9497
9282
9403
9234
9233
9238
9240
9474
9252
9276
9423
9314
9258
9488
9261
9262
9267
9272
9271
9509
9274
9393
9278
9279
9505
9289
9291
9296
9426
9295
9300
9510
9308
9310
9399
9382
9332
9327
9341
9382
9332
9409
9333
9337
9443
9348
9372
9447
9351
9357
9356
9359
9365
9374
9376
9378
9442
9384
9394
9395
9397
9400
9401
9410
9421
9503
9426
9432
9436
9438
9440
9530
9442
9445
9448
9450
9452
9465
9466
9470
9480
9482
9485
9486
9486
9490
9491
9510
9496
9500
9502
9518
9505
9511
9513
9517
9522
9528
9530
9531
9533
9537
9546
9542
9543
9544
9542
9543
9545
