130
372
1104
2
292
1029
912
2203
4
336
2434
970
4759
6
2355
3007
367
2592
8
463
530
1003
2901
11
504
569
3438
3574
4138
4429
4774
15
502
586
14
883
4959
2263
3037
126
619
17
1250
4526
706
3491
1349
3151
3919
22
462
841
21
434
2086
1085
1239
653
1917
406
1260
2076
930
4300
4727
28
871
2586
27
3455
3781
340
4142
875
972
62
3020
3042
31
1463
3617
4421
4808
33
88
1490
3616
3621
60
349
828
122
1750
4073
37
914
1430
2272
2557
2299
2736
2905
42
699
2243
41
1518
3218
2132
3511
1429
2005
1670
4285
4889
45
1695
1741
226
770
56
2005
2006
48
143
766
851
3191
50
1514
1593
2126
2261
52
4046
4662
1437
3651
3725
4039
4044
55
559
3796
771
839
654
2243
58
1506
2497
1837
2665
663
1402
4862
680
2133
828
1019
2488
835
3710
65
1838
4338
936
1949
2193
742
1832
67
1270
3506
1424
1573
69
4108
4653
1668
4298
71
1639
1724
1285
4749
73
1761
2851
4037
4107
75
1145
2647
522
4909
77
541
1780
3862
4174
79
1793
2130
3813
4143
88
1209
4800
494
1148
4884
109
113
2163
84
2184
3543
446
2480
87
1800
3902
364
645
3033
1301
2191
2564
91
173
910
91
2494
3469
3878
93
1860
1861
423
3889
95
650
1214
96
1487
2167
3695
103
2236
2702
99
3145
3583
1928
2429
101
802
2060
805
2661
103
317
318
319
105
1056
2242
435
560
107
656
1495
108
321
1892
2520
165
404
111
1711
2713
2588
3472
747
1304
2088
1803
1838
115
1503
2202
116
728
302
818
276
746
793
119
139
3814
120
4242
121
4061
1613
4850
123
206
124
3565
3632
3995
212
2932
3287
129
372
128
2143
4703
4493
4852
132
742
132
392
366
895
4483
629
134
826
1845
136
687
649
724
1860
786
2643
140
3376
3655
140
287
4953
2724
4851
4050
142
528
4102
143
2886
4045
145
737
780
146
4774
3228
4428
148
2019
2278
149
924
150
2386
2011
2573
156
358
369
153
1321
4683
2289
2806
155
814
2501
2589
4403
498
2272
160
161
901
159
1784
4424
2147
2637
2282
2556
497
2159
171
2987
4290
171
1089
1107
165
246
1803
3084
168
761
2847
2591
2640
4116
3637
3873
170
1305
1572
2923
4297
3121
174
380
1777
174
2685
2729
176
2733
2861
297
2912
218
322
1494
181
4715
4899
180
2333
3367
1662
2817
185
3690
2288
3850
4807
184
1374
1614
1187
3165
306
420
187
189
1964
3916
4731
190
832
4645
190
329
1252
194
2795
4252
196
257
2241
707
3395
3466
3639
3835
196
537
3959
459
198
215
344
205
4022
1477
1980
2561
201
4463
4865
1159
3822
203
2984
3240
4600
4601
262
2154
2916
2227
2605
1694
4146
224
442
941
211
3251
3253
210
345
1482
3829
4162
2936
3705
213
2944
2935
3285
215
1811
2609
1345
217
2855
3210
1452
2976
224
3407
685
692
953
223
763
3066
222
3292
4685
3785
3858
717
755
271
226
1740
2277
500
228
3629
3996
3957
4593
235
3001
3371
231
1491
3087
3612
3790
235
1336
3370
234
357
2801
4007
4695
4053
237
3101
4263
3622
3946
239
433
3158
2802
4233
1366
3638
4564
242
756
757
680
2487
699
721
940
254
258
912
1647
2399
4539
247
2180
390
629
249
2910
3434
3179
3946
252
834
2541
365
3429
3949
642
3982
254
971
4759
1022
257
1646
2397
1084
4398
4846
4063
292
781
1483
2619
3829
261
3657
4050
1587
4791
266
2157
264
347
722
1431
2006
266
436
1598
4231
3187
3700
4540
269
2944
3567
2935
3705
340
4456
4728
322
676
274
275
2050
1479
4217
4821
1620
2415
800
2258
278
375
365
1316
4547
1548
2281
315
2346
4971
285
1831
2860
600
774
907
283
586
695
619
2865
285
1174
4074
1290
290
770
2527
288
2715
4117
4855
291
497
2100
291
1548
2282
816
296
412
1011
295
3069
4292
1961
2431
297
1425
4083
299
3408
3798
3124
4102
304
3561
3599
304
1092
2063
303
492
384
1273
2622
309
1395
1989
2152
3636
308
2249
2818
4315
4377
2524
4684
312
4671
4676
312
4606
4911
4246
314
1038
1140
316
1052
707
2153
1352
4706
3232
3815
3160
3531
320
1459
3531
3532
322
2020
324
330
4865
1667
4730
326
4333
4721
2955
4197
328
2803
3558
1093
2622
797
1966
878
4021
334
549
1493
537
712
974
334
458
537
557
420
1641
4714
337
573
759
934
343
2225
2227
340
3133
4454
342
3492
3504
1112
2332
344
4915
3080
346
494
2602
4110
661
775
350
850
2324
977
1527
2629
3915
355
654
701
353
673
3266
704
3694
355
655
933
2132
357
795
4966
3792
359
1035
861
915
361
2069
4900
3471
4605
363
544
708
366
3867
365
4119
3499
3684
4041
369
751
2277
4179
378
1764
3437
378
1182
3023
502
374
1027
3373
670
2840
2558
4243
377
3947
4166
3863
4148
2544
380
700
2031
3257
383
779
1019
3317
4289
4387
384
3067
817
386
2771
4829
2484
3522
388
1630
2017
389
2018
2302
2990
391
2181
392
1800
2192
394
397
952
863
3239
396
3059
4787
3397
4906
413
755
399
401
2246
2500
3492
3258
3381
3833
1550
3773
403
1221
2421
772
4960
2089
3212
524
529
594
407
2223
408
2665
1506
2502
410
2357
2419
411
3541
1789
4567
1733
4049
414
1129
417
4438
546
4030
4526
417
424
4111
3955
419
1508
2347
421
2149
1737
2262
3255
423
625
4072
3136
2200
2201
431
518
1128
427
794
3758
547
1966
1256
3153
4560
430
463
609
3499
4220
1208
3554
435
1251
3795
434
3309
2085
3981
1076
3150
438
440
3231
1271
1593
2455
2877
4205
1734
2257
449
2480
4191
486
2110
444
3945
4515
3465
3997
446
449
4294
545
448
3410
3734
752
3295
882
451
452
602
831
4220
3247
4090
455
1950
2951
455
1955
3617
1978
3702
4671
4677
458
1493
4104
459
4063
740
857
3990
462
854
1986
1938
464
846
4220
470
4121
4234
467
1202
2680
469
4509
469
2681
4344
2931
3678
4034
474
486
1859
473
714
2004
474
1224
2052
476
664
921
569
2872
478
1674
2061
2222
4300
480
1127
1828
1574
3506
482
1614
4330
633
1536
484
529
4455
596
773
486
676
714
1320
3479
4383
489
706
4090
490
3668
491
3125
2466
3491
495
3950
494
1581
3120
728
2387
497
879
2044
499
2558
500
4243
2277
502
503
563
2010
2244
510
1680
510
705
965
507
1082
3624
3563
4864
509
4117
4853
4295
4791
3628
512
513
2716
2423
2637
1085
1241
516
610
4300
516
3116
3293
930
518
919
2122
3182
522
523
2314
521
2864
4862
665
920
3362
4512
4625
2397
4373
3183
3322
4689
527
860
913
528
1165
766
938
533
2037
2292
3376
4201
533
846
3279
4487
535
4843
4898
1149
4766
562
1165
4469
539
1874
1956
540
3064
643
3982
543
1315
543
2528
2615
3863
545
4294
546
3543
581
743
549
2899
2900
4415
551
552
2881
2730
4350
2068
2863
754
1415
2454
555
1743
1755
1231
2112
557
1883
4415
559
2303
3704
4105
712
602
831
581
1948
2678
563
2039
2577
565
566
1928
1335
1931
1957
3533
569
921
1383
2952
3479
4436
571
2453
4386
2390
4641
573
954
2032
574
934
3893
577
601
1090
577
728
2080
2387
580
2486
2661
580
1674
2009
2061
3056
592
1890
1893
585
2347
2457
585
2755
3082
1529
587
916
2244
589
1415
2345
611
4357
591
984
2323
897
4483
595
3538
594
1873
2240
697
3268
3717
597
940
601
720
599
750
4627
3281
3880
601
727
603
3667
3795
605
725
1198
607
3146
607
781
971
2250
2442
4273
4689
1003
4483
1674
1779
631
1228
613
3967
4111
614
4000
3784
4392
616
617
3003
758
834
874
2323
620
621
875
742
2359
2479
711
1636
623
2216
2986
624
2330
2369
2785
626
627
2433
4574
646
1860
639
674
785
1832
1470
1520
2735
767
869
2752
4587
4761
634
3489
635
3763
1460
3532
637
638
4028
827
2375
868
2777
783
3694
652
1326
1681
1429
1500
2337
643
1198
2177
645
3949
4400
4802
648
649
648
3282
3581
4574
857
651
2749
2970
3819
653
1938
1916
655
1862
657
1768
1892
4457
2037
2078
4485
660
1179
4327
662
4397
947
2519
3517
4638
665
3444
665
3726
667
2012
3145
2428
3567
671
1065
3176
670
3373
4076
4078
2051
2761
675
910
2079
675
703
888
3372
2685
2019
749
750
3718
679
3452
4848
1226
2980
2488
682
879
2043
684
983
684
849
3915
1160
687
787
2879
3319
4764
867
690
2611
2627
690
829
869
1569
692
693
715
782
899
1546
697
699
938
917
2864
697
1873
2243
927
1682
3116
701
702
3511
722
2006
704
2032
784
746
925
4157
2259
4157
4526
710
799
1788
711
2099
2481
748
724
1861
3252
2278
717
952
717
778
899
719
2631
3107
4316
4550
721
1090
2358
723
2031
2519
740
970
2434
727
908
4186
773
730
1823
4684
2964
3965
732
977
2190
1503
1979
735
1819
3653
735
972
2610
1794
737
925
3628
2543
739
991
3817
2389
4495
3588
1306
1554
2237
744
1965
747
2679
746
1430
2557
3507
771
776
3987
4433
3042
918
2122
753
805
754
802
3294
4438
2133
2380
1039
2481
759
2437
2283
761
1434
4530
762
2189
3496
764
4438
765
1262
3388
3955
4469
2345
2586
1338
2714
2832
3476
3681
3843
4269
2813
777
1212
4185
2387
3389
820
4488
973
4230
4550
4777
779
1538
3066
900
2374
813
787
948
784
1022
954
911
1022
787
832
789
3110
4026
4281
4544
793
925
2543
792
2745
3068
2833
3141
2281
797
1545
796
3689
2801
2820
1252
799
1796
2520
2573
801
816
1029
1528
803
1288
2454
1842
2979
3201
806
1358
3734
810
1128
3653
809
1513
4599
2834
4430
1819
4457
812
3063
4378
1874
1998
816
2258
815
2394
3223
3504
818
828
1527
821
3410
3735
821
947
4523
903
1231
1753
824
2628
2711
825
1936
2148
2268
827
868
3712
830
1228
1580
4727
838
833
949
1247
1180
837
2353
837
2206
4663
2178
846
2242
840
2811
1243
3797
842
4528
1502
2337
845
899
1990
845
1224
2004
1546
1774
3343
4542
886
2523
3316
850
876
1696
853
2578
853
955
2174
2414
855
2337
1053
2358
858
1931
3282
858
4005
1545
1859
2057
861
4102
3798
887
2046
2726
864
3964
867
953
866
3759
3933
1847
3872
868
871
1542
2123
4632
2611
874
885
2580
1277
1339
3727
897
2630
879
2100
878
3006
4244
2782
1267
1728
2441
882
885
3776
896
884
1342
1437
4432
4303
887
2700
2236
889
911
1599
2203
891
892
1927
1248
2706
3189
4245
894
937
2380
2193
2395
896
3867
897
901
2072
2415
901
2556
903
904
4282
3283
1137
2934
906
1298
3884
1280
1908
908
4591
909
2201
3277
4485
912
914
915
1287
2272
917
1676
920
919
3523
3044
921
923
924
1990
2004
2278
1433
935
984
2283
930
1580
929
1092
4091
2063
2765
932
1862
2030
933
973
4336
935
2901
937
1594
1020
940
961
963
3007
942
3408
2110
3872
944
2009
2113
2204
2486
1845
2439
2643
1957
2439
4732
4052
949
1546
1222
951
1204
4575
2840
4078
953
4759
1104
2577
957
3481
4040
3093
4781
960
3620
4016
969
1095
3968
3263
4809
3775
3904
3783
4296
4343
2179
2354
966
1315
1610
967
1274
980
1780
1675
2038
969
2677
4164
1096
971
1636
974
3959
976
1664
3259
1947
4411
2395
979
3503
4899
4545
4602
1937
2658
982
4105
4506
2302
3276
1528
4831
1003
986
3956
3958
3666
3701
988
2322
2876
1943
2081
990
2389
2957
991
1409
1739
993
2427
3237
996
2417
995
3563
3600
2909
3624
1381
1607
999
3198
3199
999
1220
1221
3180
1001
1002
2931
2925
4536
4509
4623
1005
1381
4086
1253
4235
1007
1683
4515
3347
3757
1009
2273
2445
3101
3622
1012
2682
4344
1012
2805
3485
1015
1651
3914
1015
2219
2275
4118
1018
3672
3722
2887
2962
4529
3267
3989
1432
1531
2623
1029
2239
4831
1024
2412
2536
2298
3332
1026
1492
4486
2058
3475
1028
1074
2271
4178
1031
1033
4863
4499
4792
1034
3418
4616
1034
2693
3363
2205
4179
1377
2279
2722
1038
1443
2305
2766
2099
2618
1041
1350
1380
1043
1139
3484
4608
4863
1173
1254
1046
2104
3593
1047
1491
1914
1047
4363
4486
1050
1654
3510
1050
2537
2780
4933
1052
2765
4091
4079
1063
1987
1055
2210
3391
2828
4464
2496
3302
1058
4301
4358
1059
1150
1366
4563
1061
3719
4213
1062
1806
1825
2301
1090
2080
1065
2276
4118
4292
1068
1189
2723
1068
2119
3527
2584
1070
1814
2007
1071
4516
2887
4559
1073
2187
2670
1074
1565
3377
1076
1155
1598
4560
1080
4319
4359
1080
1381
1382
1944
2540
2877
2550
1082
1083
3625
2307
1084
2188
1579
2183
1087
4126
4376
2948
4770
1089
1664
4411
4009
1103
2612
2627
1094
1094
4247
1291
1098
4176
1099
3113
1717
4097
4561
1099
4288
2705
1101
3337
3338
1102
3403
2286
2769
1128
1576
3881
1106
1718
1815
2617
3497
1109
2981
1109
1663
1664
3394
1111
2330
2367
1112
3571
2393
1114
2356
2420
1747
3509
1116
2713
4440
1118
2904
1118
1711
2563
1497
1121
1982
3245
1121
2747
3070
4945
1123
2576
3272
1124
3673
3580
3930
1126
2430
3976
2470
4176
1728
1830
3239
4393
1131
2862
2894
1132
4608
3481
4781
1134
1703
4306
1135
2566
1858
3340
1138
1454
2617
1138
2875
4633
1140
1443
1348
1142
2688
3912
1143
3164
4472
4610
1160
2113
4831
1227
3910
1150
1151
4565
1150
1995
2221
1581
3327
2252
3019
1982
4945
1153
3721
4170
1157
2895
2174
2191
2416
1156
3614
4084
4767
3626
4149
1159
1908
2732
1298
1736
1165
1287
2038
1163
3390
3768
1631
1805
1631
2789
2977
1167
3324
4010
1168
2251
1519
2735
1170
1729
1730
2091
2653
1172
1887
3047
1173
4271
1442
1179
1268
1176
1466
1762
1822
3297
1178
3488
4274
3911
4441
4075
1198
2437
1182
1919
3681
2507
1184
1615
3436
1188
2196
1186
1391
4542
4032
4606
1188
4323
4609
1223
3646
1192
3518
4216
1192
1255
1256
2074
1194
2897
3603
1195
3032
2066
4012
1197
1663
3259
2311
2939
1200
1202
4508
2913
4232
1202
1456
2907
1205
4268
4740
2915
4232
1206
4741
3326
4059
1215
2228
2336
1215
1635
1439
1488
1211
1651
4452
1973
3030
4127
4316
1214
1263
2166
3073
3109
1217
1218
3647
1802
3960
1219
1471
4476
4568
2419
3541
4777
1224
2052
1524
2664
2512
3079
4914
1227
2928
3362
1229
2175
2515
1637
2463
3356
4114
1235
1677
2220
1234
2956
4534
1235
4033
1809
1237
2823
4002
1238
3234
2309
3404
1241
3309
1241
2423
2728
1243
2495
3302
3345
1246
3087
3790
1246
1265
4406
3958
1252
2057
1249
1926
1250
3491
1745
1253
3716
1607
3553
4492
2933
3170
3991
1259
1373
2209
1259
1725
1783
2999
1689
2502
1489
3119
3164
1273
3067
1879
2850
1266
2667
4780
1266
3616
3521
1268
1831
1269
3344
4327
1272
3231
1272
4888
3905
3950
1287
1430
1277
1333
2062
1295
4098
4974
4389
1279
2607
2997
1661
4505
1282
2451
1282
1472
2136
3885
2186
3038
3961
1295
2111
4976
1286
1308
3613
4888
1289
2515
2060
2222
1291
4287
4092
1293
1294
1759
3207
3331
1297
2313
3154
2265
4419
4539
2582
3780
1300
1300
3822
3842
3077
1302
2569
1304
2416
4973
4974
4976
2679
1307
2663
1307
4573
3012
1311
2396
1310
3361
4417
4532
4682
1566
2998
1316
4489
4620
1314
2513
3537
1848
2453
2892
1816
1319
1601
3927
1319
1462
2734
3550
1329
2365
1322
3979
4001
4644
1325
3186
4903
1325
1747
3451
4611
1501
3294
1328
1846
1957
1335
3581
3155
4098
1332
2922
4129
1410
3022
3848
1333
2971
1337
1738
2438
3479
3282
1358
3500
3609
3832
1339
1895
3714
1343
1530
3082
1343
1558
2636
1347
3037
3834
1345
1820
2551
3080
1350
2762
4094
3754
4484
1350
1352
3379
4739
3709
4650
4879
1367
1354
3132
4339
1355
2145
3649
4924
1357
3237
3973
1954
2772
2554
1360
2620
3448
2925
3818
1363
2385
4009
1412
2214
2369
1364
4411
1692
1697
1369
1652
4301
1370
1368
4929
3517
4706
1370
3399
3887
1372
2289
3559
1373
2806
2927
1375
4330
2880
2896
1377
1639
2261
1378
2126
4070
1380
1386
2762
4492
2417
2418
1676
1680
1396
1676
2244
1386
3401
4562
1387
2143
4493
1389
2550
4164
1390
2045
2465
2677
1393
1761
1393
1394
1941
4604
2851
3586
1397
2921
1675
2010
1398
2634
4214
4236
1401
2223
4375
1402
1905
3288
1413
2665
4698
1404
4833
4944
2831
4474
1406
1762
1763
1407
2234
2816
3123
1409
2055
2341
2334
1411
2211
1412
4057
3899
1837
2163
1415
1501
2638
1417
2326
3669
1418
3496
1419
2189
3998
4332
1421
1972
3105
1422
2671
2632
3386
1424
1425
1734
3231
2733
1427
1899
2858
1428
2891
2226
2547
2358
1500
2005
1465
2489
1465
2027
1438
2703
1436
2985
4530
1438
1483
4772
2621
1440
3819
1455
3419
1442
1443
2304
1886
1445
2816
2817
3235
4002
1447
2249
3932
1561
3106
1449
2588
3085
1519
4010
1452
2492
2856
1453
1792
1835
2740
3142
4145
2511
2934
1750
2968
1690
4036
1458
2883
4350
1460
3762
1460
3428
1462
1677
2294
1809
3415
3483
1466
3353
4190
1538
2118
1489
2151
3040
1469
1913
4154
1470
1578
3050
1473
4445
1473
1710
4513
1475
1758
2008
1477
2317
1477
1547
2560
1480
1721
2401
1481
2659
1481
3771
3529
1483
4883
1485
1626
4661
1486
3779
1833
3606
1488
3819
3621
4473
3045
4406
1492
4964
3384
1495
2208
1767
1498
2563
3462
1499
2905
1499
2536
2299
1502
1621
4488
1527
1505
1507
4862
2497
2866
1507
4698
1529
1608
1510
2859
4917
1513
2003
1512
4362
4938
3891
4444
2967
2256
4447
1516
2856
3365
2491
3597
1518
3310
3555
4649
1521
1522
4576
1522
3085
4551
1525
2145
3132
1555
2119
1526
2721
2778
3683
2050
1530
2635
1532
2359
1594
2638
1535
2507
3024
1535
2859
2967
2505
1537
2641
4317
4369
1990
1540
2983
3870
1541
2844
3118
3412
1543
3103
1544
2775
3572
3573
4304
1549
2828
4269
1758
4464
1551
3474
1552
4658
3778
4963
1556
2408
2562
1555
2663
2708
2539
4531
1558
2528
2796
3835
1560
2025
3873
2504
2848
1563
1618
1563
2087
3104
4858
1565
1972
3230
2669
1567
2121
1568
4519
2927
3559
1580
2176
1571
1572
3721
2664
3646
3626
1574
2733
1575
1830
2860
2165
3554
1735
2182
2206
2735
3021
2926
4885
1583
1583
2081
4631
2322
1585
1586
2121
1587
1854
3657
4519
1829
1589
1592
2924
3977
4141
1591
2656
2728
2953
4140
2731
4626
4887
1621
1596
2435
2529
3937
4867
1598
2267
4768
2482
2845
1601
2284
2725
1602
1603
1809
3098
4033
1605
1606
3539
2843
3615
2983
3638
4195
1609
4443
1610
1937
2635
1612
2107
3766
1613
2575
1644
1615
2641
1617
1618
4372
1619
4263
3306
3736
4858
1756
1929
1681
1625
3596
3853
1630
2990
4618
1625
3703
3799
3608
1627
4006
3346
4594
1629
2171
4619
1630
4354
1633
2370
4975
4977
1634
2889
2696
2791
1740
1741
1794
1638
2143
3315
4562
2279
1642
1679
4700
3808
3855
1643
2254
3387
4750
1645
4062
1646
2108
4373
1648
2660
4131
4548
1650
1994
2229
1651
2219
1749
3122
1655
2576
3225
3590
3713
1656
2910
3172
3930
1658
1866
4690
1659
4668
4656
4918
1661
3178
3490
1665
2105
3123
3043
1666
3355
1667
4023
4463
1669
3482
3664
4248
1673
4832
1672
3951
4385
1673
3319
4388
1680
2034
1679
2904
4894
4440
1949
1684
2336
1685
3997
2176
3109
1686
4175
3246
3381
1689
2405
2406
1689
2077
4158
2217
2680
1692
2109
2552
2383
1694
3102
3416
3564
1696
2527
2238
1698
2109
1700
1947
1700
1704
2462
2168
2668
3725
4042
1703
2168
2469
1704
2567
1706
1707
4766
3019
4154
2786
3674
1709
1743
1835
1790
2568
2449
4476
2674
1713
1714
3629
4508
4593
3658
4232
1716
1717
3827
2505
2859
4264
1719
2511
1720
4618
2992
4442
4188
4710
1723
2066
2512
1799
3942
1725
2998
2280
1727
1829
4791
1728
2366
3793
3794
2802
3158
1732
2016
3601
2559
4156
1734
4212
2185
4137
1779
2009
3806
4969
1812
4437
1999
2943
2122
2228
1756
1956
2177
4168
1745
2706
3300
4030
1747
2116
4504
1749
3731
4417
4302
1752
1752
3419
4805
4146
1754
4282
1755
3174
3168
2245
1758
2447
2972
1760
2040
2268
2628
4541
3284
1907
4190
1765
1843
1766
2540
1944
3437
1768
3523
3044
1771
4520
4688
1771
2545
2672
3264
1773
2782
3006
1774
4087
3879
1777
1778
2031
2170
2468
2941
3265
2518
3000
3293
3906
1782
1863
1897
2993
4324
2890
3751
1785
2422
1786
4956
3053
4424
1789
3895
3951
1794
1796
4962
1791
2566
1792
1858
4478
2081
3049
1797
3577
3580
1912
2534
2589
1799
2993
3031
4783
2403
1802
3004
4669
2173
1832
1805
2301
2328
1806
2889
1808
2082
2475
3138
3227
1813
2562
2608
1813
1820
2186
4223
2477
1815
3200
4442
3429
3963
1818
3009
3367
2000
2335
1912
1821
3901
4208
1825
1971
1824
4812
3402
4132
2106
1827
2273
3131
2819
4625
1829
1856
1831
1836
4163
1836
3779
3918
2112
4013
1838
1840
1841
3385
2731
2924
3181
4367
1844
2456
1844
2781
3768
1846
3712
1891
4304
1850
4386
1850
3286
3537
2363
1852
3567
3990
3588
3705
1854
2396
3613
1856
1856
3506
3905
1858
2407
4470
1891
4226
1873
1864
4834
3971
4237
1866
1955
2317
3354
1868
2537
2917
1869
4011
3544
3898
1871
2641
2642
1872
4369
2417
3237
4461
1877
2074
3365
1877
2855
3674
3518
1879
2503
4408
3414
1882
2773
4415
1916
1917
3410
1883
1953
3796
1885
2825
3882
2878
3826
1887
4398
2485
1889
2769
2975
3338
3659
3195
4378
2110
1912
2919
3748
1895
2662
3727
2625
1897
3979
4667
2994
1900
2694
3363
1900
2521
4525
1903
1996
4155
1903
2898
4208
4256
1905
2406
4698
2402
1908
2451
4353
2235
4131
1911
2470
2841
1911
3968
4176
4253
3051
3210
1915
3045
3087
4406
3295
4528
1919
2300
2328
2544
1921
2371
3659
1922
4206
3771
4188
1925
2450
4476
1925
3826
4568
2825
1927
3224
3335
3526
1930
2072
1956
4461
2429
1933
3014
3327
1934
3197
3633
4884
1939
3215
3409
1939
2686
3891
1976
2836
1942
3586
3847
1942
4790
3845
1944
2141
1946
3252
4348
2286
3249
2169
3191
4045
1976
1952
3925
1952
2559
4156
1978
1954
2381
2427
3483
1959
2138
3985
1960
2988
1961
2471
2499
1963
2870
2945
3935
4103
1965
1966
3697
1970
3212
3341
1969
3156
4374
1970
3393
3592
2300
3680
2087
1974
2229
1975
4296
2923
3062
1977
1986
2190
1980
1987
2202
2317
1982
2221
2275
1984
2700
2921
2508
2634
2331
3492
3773
1987
2385
3502
4795
1991
4630
4214
4534
1993
2826
3844
3744
3892
1995
2593
4358
3925
4364
1998
2718
4428
3228
2000
2334
2001
3008
4280
2003
4599
4789
4916
2613
3548
2447
3354
2039
2020
2520
2013
2944
2161
2930
2015
2560
2827
2016
2530
3036
2461
4354
3276
4480
2020
2022
2023
3387
2361
4897
2254
3314
2026
3026
3875
2026
3871
4368
2478
2616
2029
3076
4860
4207
4861
2241
3959
2079
2035
2036
3685
2035
2293
2220
2473
2484
3431
2039
2041
4089
2042
3332
2297
3207
2044
2050
2159
2838
3127
2047
2523
2048
2073
3757
4797
2051
2563
3463
2666
2057
2055
2340
2823
2055
2215
4002
2067
2160
4976
2059
3468
2248
4318
2061
2064
2893
4167
2971
4481
2066
3031
3035
2644
4650
2070
2799
2142
2150
2071
2320
3289
3788
2374
2316
2318
3152
2077
4159
4498
2077
2652
2079
3893
2202
2083
2097
2472
2474
2085
2086
3188
4233
2480
2598
3357
3924
2090
4277
3341
4423
2402
2405
2093
2094
4533
3421
4682
3789
4470
2096
2098
2975
2475
2770
2098
3522
2771
2585
2527
2102
3076
3173
2103
2460
3505
4354
2564
3045
2106
4213
3284
2108
3939
3307
4672
2164
3292
4145
2239
2115
2839
4837
2118
3516
2117
3452
2980
4595
3297
2707
2124
2504
4408
2396
2124
3108
3871
2127
3399
3887
4580
2128
3498
2548
2549
2130
2131
4561
4743
3049
4264
4336
2395
2135
4216
4904
2786
4763
2270
4514
2138
2413
3358
2744
2140
3023
3437
2141
4260
3049
2152
3690
2145
4069
4923
2147
2313
2581
2148
2836
2310
4443
2259
2346
3323
4395
4970
2185
4786
2158
3597
2156
4262
4873
4273
4692
2158
3077
3842
2415
2164
4704
2162
2649
3145
3582
4277
3785
2176
2627
2167
3414
4775
2170
2170
4679
2600
3505
2173
3330
3825
4568
3881
2222
4727
3146
2182
3634
2180
3900
2181
2403
4138
2184
2716
3213
4446
2263
2188
2271
2926
2703
2193
2192
3881
2195
3639
4065
2756
3640
2197
3441
2198
4468
3436
4305
2200
2739
3277
3967
3144
2204
2239
2207
3798
3480
2208
3407
3520
2210
3751
2807
2212
2214
2213
4823
3162
4559
2785
2333
2817
2218
2783
2443
2803
4449
4847
2221
4597
2224
2652
3954
2547
2662
2227
2858
2238
4343
2231
2232
4740
4268
4445
3315
4572
2234
2816
3235
2235
4218
3428
2709
3052
2324
2241
2397
3280
2250
3146
2248
3475
2248
2501
4403
4314
2258
2252
3021
2360
2255
2713
3472
2255
4440
2257
3552
4212
3471
2262
2939
3219
4749
2311
2579
2266
4068
4722
2266
2399
3574
2269
2270
2313
3885
4231
4058
3625
2274
3931
4371
2276
3245
2280
2764
2282
2323
2285
2689
3926
4000
2287
2770
3732
3097
3972
2290
2291
4001
2292
3360
3559
2294
2473
2565
2296
4051
4860
4426
4479
2298
2719
2299
2301
2303
3729
2305
2307
4864
3992
4103
4322
4398
2309
2822
4361
3445
2311
3058
2314
2315
4769
3478
2973
4595
2730
2863
2798
3756
2320
2795
3788
2321
2799
3177
3117
2329
2326
3998
3999
2327
2749
4558
3390
2336
2629
2332
2332
2986
2335
2335
2339
2340
3877
2452
2513
2341
2957
2344
3537
4150
2344
2935
2936
3285
2638
4970
2348
3217
3255
2350
2603
3156
2351
3271
2410
3393
2370
2579
2645
4570
4592
2355
2404
2590
2357
4611
4962
2630
2361
4898
3324
2363
2364
3510
3940
3287
4936
2438
2645
2464
4295
2368
2776
2369
3899
4958
2975
3256
3133
4142
4524
2375
2433
2572
3229
2376
3711
4574
2378
2379
4080
2545
3199
4624
4946
2623
2382
3797
3345
4194
2384
2385
3618
4207
2585
2616
2392
2777
3244
2390
3733
2392
2467
4491
4028
3223
3487
2647
3910
3480
4571
4968
2400
2401
4722
2659
3812
2404
3903
4152
2502
3339
3421
2410
3206
2410
3898
4011
2413
3461
3985
2413
2654
2416
3083
2642
4305
2421
2421
4329
2423
2953
2425
2522
3804
2426
3342
4265
4374
4195
2429
4005
2431
2471
4115
2433
2570
3676
2437
2436
4667
2994
3031
2579
3916
2464
2946
3242
2464
3344
2490
3317
2622
4036
2445
2535
3459
2448
2447
2778
4871
2542
3131
2450
2451
3928
2453
3733
4357
2456
2540
3201
2459
3217
2459
2548
3870
2755
2461
4860
4479
4672
4744
4703
4913
2466
3127
3224
2531
2571
2469
2867
4306
2471
3227
3303
2474
3522
4328
2477
2826
4208
3513
2487
2489
2481
2623
2486
2555
2484
3298
4779
3978
4846
2618
2489
3836
4387
2492
2607
2997
2494
2496
3280
3310
2496
3555
4338
2499
3176
3985
4292
2501
3504
2504
2849
2506
3024
4260
3843
2509
2724
3232
3814
2533
3053
4454
4266
4012
3802
2516
3086
4452
4357
3030
4551
2518
2519
4053
3001
2522
3557
3767
2525
2526
3316
2526
4797
2964
2892
2530
3035
3938
2532
3550
2734
4414
3134
4956
2535
2542
3169
3461
2538
2539
3713
4011
3003
3329
4910
2556
2781
2546
3264
4935
3333
2982
3216
3935
4086
3816
3901
2553
3074
3166
4672
2555
3370
2661
2558
2561
2561
3513
4109
2734
3303
2567
2568
4744
3902
3924
2571
4396
2572
4028
2585
2575
3886
4807
4850
3869
2578
4469
3003
4066
2582
4424
3041
2584
3355
4505
3770
2630
2588
2673
2815
2646
2591
2592
3204
2648
2594
4391
3787
4343
2597
3764
3939
2597
3755
3974
3148
2599
3230
3100
4858
2601
4270
3175
4282
2954
3120
2604
4249
2605
3270
3556
2607
3178
3597
2609
3206
4022
2611
2612
3653
3200
3846
2615
3177
4122
4148
2618
3883
2621
4356
2621
4331
2625
2832
4782
2626
2787
4553
4088
3116
2632
4366
3105
2634
2724
2774
2636
2892
2835
2640
3204
3924
3357
3436
4645
3709
4042
3458
2647
4910
2649
2650
4116
2930
3684
2652
3418
4614
3585
3672
2655
3358
3332
4089
3092
4757
2658
3891
4603
3627
2660
4218
4553
2664
2674
2675
2683
3065
4662
4972
2670
2671
2926
4711
4818
4946
2674
2675
3261
2677
3224
3454
2679
3083
2681
2682
2804
3054
3519
3186
3860
4055
3265
2687
4019
2711
2809
3128
3589
2690
3966
2691
3149
2725
2995
2693
2694
4128
4849
4481
2696
3720
4196
4418
2698
3415
4690
2699
4670
2789
2978
2702
3706
3948
4227
3232
4331
2705
2833
4288
4227
4018
2708
2740
2709
2976
2711
2743
4088
3128
3670
3707
4474
4687
4950
4955
3383
2718
2871
3538
4378
2736
3422
2748
3274
4240
2722
2764
4069
2727
3596
3098
2730
3857
3770
3852
3135
3878
4649
4538
3830
4087
3380
2741
4120
4608
2739
3147
3148
3755
2996
2922
4927
2744
2810
2988
2744
3358
2746
2747
3708
3948
4307
3477
4060
3669
2752
4439
4723
2812
3151
3382
2753
4130
4643
2755
2756
3870
3412
2758
4100
4854
4365
4613
2760
3413
4299
4209
4942
3261
4118
4827
2764
2778
2890
2766
3936
2768
3984
4511
2854
4954
2770
3256
2773
4742
2900
4236
4806
2793
4275
3159
3571
3964
2780
2917
3007
4041
3390
3830
2784
2785
3162
4566
3518
3942
4914
2792
4418
4809
2790
2791
3415
4421
3620
4279
3488
4632
2800
3836
4273
2796
3177
2798
2799
2863
4122
4345
4873
3184
3672
2804
2805
4083
2807
2808
4404
4683
2810
3189
2842
2813
3555
2929
3808
3218
2929
4517
4601
3086
4462
2819
3931
4259
3442
4180
2928
4848
4881
2823
3877
2825
3879
3928
4029
2828
3938
2830
3384
4255
4104
4242
2832
4527
3948
2839
2966
2836
3383
2838
3851
4235
4086
4628
3236
2842
2988
4245
2844
4610
4472
3370
3372
2853
3115
3222
2848
3495
2849
2850
3072
2852
3730
4830
2954
3099
2857
2933
2856
3171
3700
3556
2861
4287
4581
4927
2866
2866
4338
2870
3221
2869
3999
4558
2969
3996
3811
2872
3726
4429
3110
3440
4840
2884
2885
4078
3071
3283
2877
4845
2879
4765
4467
2882
3029
2883
3289
2883
3762
3841
4575
3560
4577
3124
3933
3162
2894
4581
4957
3720
2972
2893
4525
3333
4140
3361
4532
3165
4473
2898
3901
3602
3384
4121
2903
3431
3614
3994
4560
4234
4742
2906
2906
4895
2908
2913
2909
3600
3205
3208
3591
4165
4419
3558
4247
2915
2915
3205
3236
3150
3366
3904
2919
3267
3268
2920
3749
3989
3316
3447
3012
4183
3450
2999
3569
2984
2932
3761
4701
3988
4270
4325
2947
3242
4612
2946
2947
4015
2940
2941
4679
3221
2943
3620
4280
3817
3220
3566
4646
4124
3509
4329
2950
3925
4093
2951
3263
4405
4384
4734
4957
2955
4112
3859
4214
3733
3027
3572
4696
2962
2991
4516
2961
4262
4692
3184
3442
2963
3729
4420
4798
2966
3843
4837
2967
2969
4073
2970
4558
4128
3752
2980
3362
3278
4123
4804
3051
2978
3768
2979
4460
2987
4014
2983
3888
4876
3633
4883
4448
4026
3610
3868
4004
2992
2992
3729
2994
3972
4347
2997
3527
2999
3002
3266
3002
3671
3005
3330
4598
4819
3343
3009
4196
3719
3011
3062
4551
3012
4576
3014
3813
4144
3025
3018
3923
4317
3017
3134
4581
4524
4927
3678
4234
3021
3987
4570
4401
4823
3024
3026
3197
4204
3691
3746
3029
3323
4473
3289
3062
3036
3601
3034
3747
4511
4804
3036
3038
3039
4490
4620
3119
4065
3053
3782
3880
3058
4362
3182
3047
3048
4271
3978
4507
4535
3052
4573
3052
4925
4930
4151
4762
4950
3057
3758
3933
4045
4444
3456
4870
3061
4756
4842
4310
4484
3064
3195
3551
3861
4949
3067
3070
4115
3070
3245
3864
4634
3073
3495
3669
3075
3167
3076
4207
3078
3884
4231
3080
3816
3258
3425
4691
3640
3191
3211
3900
3086
3093
3793
4161
3090
3208
3435
3417
3542
3092
3135
3794
3093
3772
4188
4717
3096
3691
4697
3654
4820
3098
4035
3649
4721
3375
4077
4372
3542
4578
3108
3248
3105
3106
3107
4314
4258
3554
3111
3112
3682
4181
4544
3114
4224
4320
4359
3117
4845
3120
3119
4472
4215
4796
3126
3392
3284
3872
3127
3851
3130
3731
3129
4323
4607
3992
4321
4512
4655
3134
3311
3137
3138
3226
4072
3890
3143
4101
4431
3142
3378
3703
3976
4115
4221
3334
4060
3955
4591
3966
3967
3149
4347
3153
3398
3153
3366
3155
3290
4382
3342
3158
3311
3794
4054
4267
4254
4413
3171
3187
4904
3164
3165
3912
3168
4168
3168
3173
3172
3577
3171
4216
3459
3174
3175
3505
3463
3842
3459
3622
3181
4477
4777
4457
3184
4007
3190
4312
4907
3453
3190
3921
4191
4018
3446
3441
3774
4225
3194
3662
4449
3664
4847
4699
3334
3737
4637
3874
4477
4935
3540
3497
3202
3203
4459
4205
4337
3903
4177
3271
3422
3225
3222
3649
4337
3675
3212
3546
3214
3215
3300
4008
3383
3217
3566
4230
3220
3254
3221
4202
4113
3493
3227
3738
3229
4461
3377
3234
3235
4217
4334
4178
3242
4295
4617
3243
3241
4433
3987
4877
3244
3964
4278
3258
3866
3499
4157
3572
4931
3250
3403
3251
4642
4228
3253
3588
3255
3566
4453
3511
4649
4679
3262
3651
4694
3914
4046
4826
3411
3291
3266
3585
3269
3288
3812
3271
4022
3273
4363
3593
4518
3400
4760
3277
3755
4186
3524
4510
4707
3280
3469
3352
4705
3304
3286
3287
3717
3292
4686
3368
4507
3915
3295
3297
3476
3680
3299
4829
4251
4410
3409
3303
3738
4414
3981
4114
4932
3312
3422
4673
3932
4371
3308
3975
4373
4455
3311
3878
3331
3336
3594
3994
4654
3324
3470
3648
3318
3321
3433
3645
3323
3788
4252
3322
4738
4590
3331
3780
4728
4434
4767
4631
3329
3693
3750
4067
3823
3727
3807
3454
4253
4675
4735
3404
3445
3530
3340
4322
3641
4374
4249
4032
4646
3980
4661
4921
4175
4798
3352
4139
4549
3351
3949
4099
3351
3427
3429
4951
3353
3516
4918
4024
3648
3960
4651
3360
3376
4588
3809
3364
3767
3983
4149
3366
4213
3369
4935
4538
4626
3372
3671
3375
3438
3810
4543
3377
4939
4947
3382
4839
4673
4895
4132
3855
3386
4366
4183
4754
3389
3950
4591
3937
4404
3399
3993
3679
4362
4402
4199
4786
3397
3791
3919
3398
4517
3401
4736
4827
3406
3833
4211
3405
3528
4334
4410
4810
3408
4019
3745
4814
4065
4038
4399
3876
3417
4147
3493
4499
4800
3421
4321
4680
3424
3833
4409
3425
3908
3800
3644
3824
4624
3578
4151
3857
3536
4565
4940
3893
3433
3440
4838
4289
3435
4458
3698
4068
3440
4026
4290
4609
4586
3444
3538
3726
3717
4211
4311
4547
3832
4522
3449
4356
3450
3769
3761
3452
3453
4848
3968
4778
4890
3457
4794
4787
4916
4098
4975
3477
4101
4434
3462
3463
3465
3466
3945
4200
4172
3468
3673
4363
4486
4487
3472
4010
4173
3696
4660
4778
3475
4964
4837
4741
4259
4625
4446
3484
3562
4004
4690
4792
3486
4049
4210
4341
3568
3570
4412
3677
4317
3822
4463
3494
3869
4622
3496
4892
3935
3993
3735
4052
3502
3512
3598
3618
4181
4715
3508
3697
3525
4651
4504
4752
3515
3836
3514
3844
4531
4352
4859
4627
3820
3521
3661
3523
4179
3958
3534
3839
3526
3533
3583
4505
3529
3530
4821
3660
4034
3677
4732
4425
4480
3536
3615
4451
3539
4564
3541
4080
3698
4008
3545
3896
3547
3904
3547
3592
3775
3643
4822
3550
3927
4491
3693
3982
3631
3941
4271
4852
3557
4249
4083
4025
4076
3563
4167
4153
4248
3565
4577
3841
3569
4881
4113
3571
4902
4718
4816
3591
3576
3750
3837
3722
3989
3930
3579
3963
4203
4222
4569
3711
3584
4116
3584
4651
3812
4636
3590
3715
3894
3670
3929
4753
3634
3896
4109
4284
4346
4101
4346
4435
4064
3604
4387
3600
4036
3603
3603
4155
4215
4795
3609
3692
3831
4006
4082
3608
3721
4064
4170
4389
3611
4857
3612
3970
4856
3905
4284
3929
4085
4405
4861
3699
4370
4594
3695
3624
3625
4177
4297
3906
4557
4774
3632
3631
4360
4447
4399
3840
3635
3710
3637
3874
4571
4969
4530
3888
4395
3834
3811
4103
3895
4567
4624
3845
4401
3645
4385
4466
4064
3648
4445
3651
3652
4432
4700
4750
4180
4583
3657
4201
4124
4612
4803
3840
4575
3660
3771
3666
4925
3663
4248
3778
4657
3665
3704
4108
4813
3668
4090
3851
4451
3694
4318
3675
4154
3739
4072
3678
3896
3898
3681
3854
4839
4655
4871
4621
4629
4779
3687
4180
4697
3689
4720
3692
3696
4704
4967
4901
4681
3785
4699
4085
4047
4731
4160
3701
4003
4954
3868
3883
4633
4961
4420
3707
3774
3708
4326
3725
4165
3712
3715
3858
4685
4531
3980
4194
4430
4628
3720
3724
3724
3837
3921
4233
3730
4465
4502
4636
4680
4328
4348
3735
3753
4261
3742
4431
3739
4396
3741
4639
4647
3742
4015
4071
3744
3745
4029
4815
4093
4926
4928
4119
4954
3749
4699
3750
3752
4464
4031
4077
4432
4756
3757
4286
3759
4304
3807
3820
4637
4342
3763
4330
3766
4347
3908
4219
4546
3886
4616
3838
4341
4878
4664
4710
4658
4607
3900
3777
4191
3921
4303
4153
3969
3782
4735
4882
4456
3787
4149
3786
3926
4278
4491
4390
3799
4221
3956
3792
4695
4906
4152
4235
3797
4169
4546
4725
3802
4150
4229
3877
3804
3953
4265
4615
3807
4095
4760
3808
4876
4001
4130
4136
4726
4306
4631
3815
4413
4012
4407
4332
4536
4929
3827
4097
4794
3824
4466
4598
3826
4467
4917
4379
4719
4816
4942
4865
3832
4047
3835
4067
4210
4941
4081
4506
3841
3894
3846
3920
3848
4401
3952
4340
4656
4668
3859
4236
3853
4189
4961
3856
4181
3856
4714
4350
4389
4035
3897
4903
3876
4775
3863
3944
4713
4932
3866
4133
4200
3997
4294
3970
4518
4313
3875
3875
4257
3882
4165
4187
4912
3885
3972
3888
3890
4226
4328
4276
4748
4747
4385
4799
4893
4267
3903
4335
3908
4250
4409
3911
4020
4097
4113
4308
4323
4096
4570
4877
4462
4645
3918
4345
4872
4349
3922
4790
4911
4589
4695
3973
4742
3927
4353
4610
3932
3940
4386
4640
4167
4864
3938
3975
4752
4038
4048
4782
4584
4661
4817
3947
4172
3947
4458
4889
4057
4635
3954
4422
4614
3970
3999
4891
4669
3962
4223
3963
4620
4132
4175
4000
4584
4874
3979
4239
4369
3975
4184
4288
3978
4535
3981
4390
4417
3988
4652
4042
4972
4973
3991
4005
3994
3993
3996
4073
4891
4004
4298
4370
4590
4030
4796
4425
4426
4281
4402
4125
4407
4814
4020
4561
4693
4019
4441
4027
4241
4024
4729
4878
4031
4596
4555
4730
4256
4552
4246
4035
4254
4187
4765
4209
4824
4879
4159
4788
4934
4142
4521
4778
4046
4825
4521
4049
4212
4117
4351
4859
4053
4055
4799
4902
4057
4267
4500
4059
4768
4514
4760
4062
4104
4063
4067
4303
4664
4070
4922
4125
4709
4075
4092
4079
4077
4397
4567
4082
4163
4482
4284
4435
4780
4353
4089
4092
4364
4095
4929
4827
4592
4969
4100
4400
4952
4108
4144
4204
4702
4388
4830
4801
4112
4162
4393
4193
4355
4540
4129
4849
4255
4272
4124
4125
4127
4960
4377
4129
4587
4139
4134
4691
4135
4199
4726
4785
4137
4785
4138
4190
4757
4182
4886
4144
4743
4355
4147
4622
4272
4325
4203
4158
4857
4156
4161
4161
4552
4596
4299
4425
4359
4286
4515
4744
4170
4533
4222
4437
4723
4173
4174
4605
4178
4183
4711
4185
4455
4186
4541
4450
4875
4712
4729
4875
4197
4198
4195
4279
4360
4299
4399
4200
4519
4205
4845
4724
4368
4453
4716
4210
4642
4291
4218
4665
4717
4478
4223
4225
4468
4227
4348
4229
4325
4361
4336
4238
4835
4239
4734
4644
4737
4741
4244
4676
4413
4269
4246
4253
4287
4251
4716
4828
4395
4255
4364
4258
4948
4408
4866
4264
4263
4554
4585
4423
4270
4619
4513
4286
4275
4381
4816
4494
4815
4375
4392
4280
4293
4285
4503
4746
4465
4291
4291
4545
4937
4297
4776
4302
4394
4319
4326
4940
4381
4793
4313
4368
4412
4311
4312
4489
4844
4632
4315
4316
4569
4320
4468
4322
4527
4833
4451
4648
4960
4332
4582
4922
4821
4556
4605
4339
4340
4459
4342
4344
4352
4708
4351
4426
4352
4939
4941
4391
4582
4642
4400
4803
4367
4550
4776
4372
4422
4377
4866
4380
4381
4751
4869
4383
4475
4384
4943
4764
4394
4394
4393
4414
4706
4938
4569
4867
4808
4494
4410
4416
4441
4702
4421
4705
4529
4423
4430
4433
4600
4429
4708
4435
4437
4439
4733
4516
4444
4971
4580
4449
4657
4713
4947
4462
4828
4456
4554
4460
4670
4832
4467
4478
4474
4475
4944
4686
4538
4480
4525
4653
4776
4490
4487
4523
4490
4493
4495
4496
4641
4748
4518
4801
4805
4499
4788
4501
4799
4502
4635
4503
4893
4836
4653
4520
4509
4511
4652
4909
4514
4784
4852
4522
4524
4528
4783
4566
4533
4597
4626
4537
4623
4891
4548
4547
4542
4546
4665
4545
4549
4705
4554
4915
4677
4678
4557
4900
4602
4822
4572
4564
4565
4847
4663
4736
4576
4578
4596
4773
4972
4977
4582
4584
4586
4586
4874
4588
4953
4590
4739
4663
4623
4813
4836
4629
4946
4600
4789
4603
4937
4606
4790
4609
4745
4613
4617
4615
4616
4853
4619
4701
4934
4805
4628
4630
4811
4634
4678
4636
4639
4639
4648
4641
4758
4644
4733
4647
4648
4659
4654
4707
4656
4658
4660
4890
4704
4771
4665
4667
4683
4867
4670
4913
4912
4674
4675
4824
4880
4677
4712
4682
4820
4926
4811
4687
4687
4703
4818
4692
4725
4702
4743
4700
4894
4697
4720
4936
4709
4709
4722
4885
4713
4715
4717
4719
4720
4967
4924
4724
4761
4726
4735
4730
4732
4734
4737
4740
4739
4838
4746
4965
4908
4748
4758
4887
4755
4868
4966
4753
4758
4755
4841
4756
4781
4762
4955
4766
4905
4765
4768
4770
4866
4836
4772
4773
4959
4958
4780
4810
4783
4787
4789
4786
4792
4794
4869
4796
4798
4801
4803
4804
4807
4851
4809
4812
4812
4921
4815
4820
4920
4819
4913
4823
4825
4826
4896
4829
4832
4834
4835
4943
4840
4840
4842
4897
4844
4844
4907
4886
4863
4851
4854
4855
4952
4857
4963
4861
4870
4906
4870
4918
4873
4874
4878
4877
4880
4882
4902
4890
4884
4886
4888
4965
4911
4912
4908
4896
4896
4898
4901
4901
4908
4905
4907
4910
4915
4917
4920
4925
4926
4921
4923
4924
4930
4931
4949
4948
4939
4934
4936
4938
4945
4942
4944
4961
4949
4951
4952
4955
4957
4959
4965
4964
4967
4970
4971
4977
4975
