51
540
541
1103
1750
2
1535
1536
1838
2200
3
1535
1791
2200
2489
4
81
82
1567
1791
2131
2489
5
81
1520
1567
1573
6
1520
1544
1573
2420
7
536
1544
1907
2420
8
499
536
537
1907
9
230
499
537
967
968
10
230
968
2244
2291
11
2242
2244
2291
2353
12
2282
2291
2353
2363
2443
13
2331
2343
2363
2443
14
2231
2331
2342
2343
15
2226
2231
2342
2445
16
1576
1610
2224
2226
2445
17
1273
1576
1609
1610
18
296
1273
1275
1609
19
296
297
1275
1279
20
297
1279
1415
1876
2302
21
1755
1876
2175
2302
2344
22
1755
1757
2344
23
1222
1224
1757
1916
1917
2344
24
698
1023
1224
1916
25
698
699
1022
1023
26
577
699
1022
1325
27
577
578
1325
1326
1912
2117
28
833
1912
2117
29
207
833
1234
1912
30
205
207
1234
2158
31
205
336
1896
2158
32
336
337
1366
1367
1896
33
337
689
1366
2031
34
689
690
1255
2031
35
690
1255
1256
1733
36
465
466
1256
1733
1735
2426
37
466
1205
2294
2426
38
1205
1206
2292
2294
39
1206
1788
2292
2427
2433
40
1689
1788
2433
41
1689
1690
2433
2488
42
1690
2321
2322
2465
2488
43
1074
2290
2321
2465
44
469
838
1074
2290
45
469
470
836
838
46
470
836
2365
2378
47
88
1579
2365
2378
48
88
1579
2234
2375
49
611
2234
2253
2375
50
375
611
1859
2253
51
375
382
1859
2431
382
540
1103
2035
2431
53
54
79
83
187
299
54
78
79
814
850
1116
1117
227
299
1117
1397
56
57
58
487
488
507
57
58
1075
1142
1167
1250
507
528
534
1075
488
948
994
1142
60
61
612
613
921
933
934
61
62
501
612
889
890
62
921
922
487
501
922
64
65
66
359
2133
65
66
648
1165
1287
1288
1164
1165
1188
2133
359
648
2004
2195
68
69
70
841
891
977
69
70
301
734
909
734
760
841
844
845
613
891
909
910
72
73
77
788
789
1999
73
77
320
816
818
789
816
882
1608
75
76
1749
1858
2372
2373
2451
76
181
1102
1529
1749
2275
1529
2102
2103
2373
320
321
322
1999
79
80
548
814
815
904
80
83
83
182
548
549
82
1141
1573
161
163
1141
2489
182
187
85
86
646
714
1146
1863
86
87
809
1146
87
646
647
761
761
806
807
808
809
685
687
2234
2378
90
91
772
773
965
966
1106
91
96
772
962
964
96
1090
1106
93
94
95
475
476
1487
94
95
224
225
226
747
826
2084
476
747
2043
826
827
1487
754
964
1090
98
99
704
1620
2039
2095
99
1499
1826
1827
2039
173
704
705
1499
101
102
791
792
1099
1473
102
829
1010
1015
1099
792
828
829
104
105
110
935
1054
105
110
1008
1009
1036
1037
906
927
1008
1054
107
108
1581
2368
2396
108
109
524
525
2361
2368
109
2138
2396
2400
524
616
2138
2139
935
936
938
1037
112
113
915
917
995
1047
2299
113
181
917
918
2275
181
1101
2132
2299
115
116
117
764
1183
116
117
1406
1672
1793
2213
764
765
1672
1810
1177
1183
1793
2212
119
120
121
216
217
244
1458
120
121
1490
1491
1503
1694
216
1281
1282
1694
244
245
1503
123
124
178
179
180
484
124
178
628
1032
1048
179
277
280
628
126
127
290
291
292
2264
127
973
1652
2264
290
427
1652
1868
129
130
131
283
817
130
131
331
640
839
817
839
1191
283
329
331
659
133
134
1253
1356
1357
134
1253
1254
2025
2223
1356
1822
2223
2376
136
137
170
486
702
912
137
142
485
486
966
1025
142
150
151
170
139
140
169
1046
1104
1710
1711
140
141
635
1046
1062
141
368
665
1710
151
630
635
665
150
514
965
966
144
145
1557
1894
2134
2438
2482
145
1819
2261
2438
1005
1819
1820
1821
1894
147
148
627
1115
1455
1456
148
149
457
458
727
1455
149
552
553
1115
329
458
535
553
659
151
514
516
170
516
630
664
665
153
154
316
317
318
840
154
155
318
876
877
155
840
850
1116
877
1116
1118
1534
157
158
739
740
741
745
1707
2100
158
159
196
199
741
159
1606
1707
2429
196
1267
1269
1606
161
162
164
165
1837
1838
2200
2351
162
163
2200
2489
163
2349
2350
2351
1141
2350
2432
165
2351
2376
2473
1580
1581
1837
2473
167
168
169
609
610
1046
168
169
1104
1105
1932
606
610
872
1932
1046
1104
630
636
912
913
172
173
176
705
834
1698
173
174
182
183
221
1698
174
704
705
221
704
1621
176
177
790
834
835
984
177
705
834
1622
911
914
984
1622
1623
482
483
484
1048
180
280
573
666
667
484
666
1648
1101
1102
2275
183
187
549
1698
187
221
222
354
185
186
1032
1048
1148
1163
186
962
963
1163
1633
772
962
1032
1033
299
354
189
190
191
739
740
190
191
369
795
796
740
795
1507
1921
369
370
559
739
193
194
874
875
1204
2455
194
195
874
1817
1818
2341
195
2425
2427
2455
1817
2292
2293
2427
197
198
199
1267
198
199
1498
1523
1538
1543
1267
1268
1497
1498
741
1507
1523
201
202
1430
1431
1614
1615
1616
202
203
1111
1431
1933
203
1616
1819
2261
1005
1006
1819
1933
205
206
207
832
999
1387
206
207
336
336
1089
1387
832
833
209
210
211
643
644
1192
2428
210
211
662
663
856
856
1189
1190
1192
404
644
662
2399
213
214
215
2064
2474
214
215
1207
1210
1391
1962
1210
1336
2064
2065
1962
2297
2474
217
1281
1867
2352
973
1458
1652
1867
219
220
434
435
622
1651
1965
220
622
811
1391
1391
1962
1963
1964
1965
222
223
1621
223
268
353
354
268
700
1621
2045
225
226
646
714
753
714
1863
1966
2084
746
747
752
753
228
229
231
299
680
1397
229
231
273
2177
680
1188
2133
2177
520
537
2244
273
1118
1397
1534
233
234
236
367
368
1710
234
367
631
976
993
235
236
841
845
976
236
261
844
845
1711
1710
1711
238
239
307
308
1019
1020
239
240
308
722
723
944
240
1020
2440
722
1903
1904
2440
242
243
244
245
1462
1463
2081
243
244
972
973
1458
972
1463
1634
1636
245
1458
1503
1504
2081
247
248
258
592
1122
1669
248
1112
1114
1122
1987
257
258
590
1987
250
251
358
985
2080
2409
251
252
879
2409
252
522
985
986
1119
878
879
880
1119
254
255
791
867
1076
1473
255
256
791
793
894
895
256
755
757
867
467
755
895
1080
1767
258
284
590
591
2256
591
592
593
260
261
262
758
760
844
261
262
738
1295
1489
844
1295
1711
737
738
758
759
919
264
265
266
373
374
526
1695
265
974
1157
1695
266
267
974
975
267
323
328
526
328
975
1016
1034
353
700
1981
2315
270
271
272
1355
2012
271
272
1358
1659
2180
2198
1354
1355
1356
1357
1358
1408
1409
1659
1660
2012
274
275
1534
2044
2177
275
858
1045
1534
358
1045
2044
2408
2409
277
278
279
812
893
1290
278
279
280
628
628
1033
1290
280
572
810
812
572
573
282
283
346
817
818
1038
283
346
535
538
535
659
817
285
286
287
590
2256
286
315
590
1987
1988
287
288
289
315
2178
288
768
769
2256
289
503
769
1774
1774
1775
2178
291
427
1831
2267
292
1846
2267
2270
459
460
1846
2264
294
295
1285
1920
2195
2487
295
438
522
985
2004
2195
438
439
1919
1920
297
298
1609
298
1876
1877
2162
1474
1475
1609
2162
354
492
680
301
302
645
647
752
302
647
734
735
909
752
908
909
1130
304
305
959
960
1168
1560
305
306
309
1168
1169
306
448
959
961
309
446
448
1064
308
770
771
969
1019
944
969
391
394
1064
1169
311
312
842
843
1754
312
313
510
511
1754
313
314
843
953
2370
314
511
554
555
554
953
2221
383
1618
1988
2178
317
318
565
566
1124
566
640
839
840
876
1123
1124
320
321
340
346
1038
1063
321
818
1038
322
1063
1088
1961
1086
1088
1999
324
325
326
327
328
526
325
326
785
1107
1158
428
526
783
785
327
1158
1272
1648
2016
328
1017
1272
1016
1017
330
331
457
458
649
659
331
639
649
1266
639
640
333
334
335
1292
1495
2252
334
335
1554
1555
1603
2108
1554
1764
1886
1943
2252
1495
1602
1603
337
338
1089
338
689
618
619
689
1089
340
341
346
347
538
552
556
341
346
1063
347
529
533
1063
343
344
1891
1892
1893
344
345
1098
1528
1893
345
825
827
1488
1891
825
1097
1098
1967
538
1038
529
556
813
349
350
351
352
1067
1347
350
352
670
2327
2391
1065
1067
2391
352
1196
1198
1329
1347
1348
1329
1594
2327
354
492
1164
1188
2315
492
356
357
361
1049
1050
1650
357
361
1740
1741
1742
2260
1049
1051
1636
2260
359
360
2044
2080
2409
360
2004
2080
2133
2044
2133
2177
1650
1740
1964
2013
363
364
1044
1395
1433
1470
1747
364
365
1186
1395
365
1044
1537
1986
1185
1186
1461
1986
367
368
664
665
1026
1882
368
631
1882
665
1710
370
371
542
543
796
371
372
558
559
372
543
603
1331
558
601
603
374
428
430
526
430
564
1266
1695
376
377
382
611
2407
377
382
641
1200
1200
1201
2407
379
380
381
1631
1655
380
381
1301
1302
1815
1301
1631
1908
1909
1628
1629
1654
1655
1815
641
2035
384
385
1618
1619
2178
385
1479
1619
1770
2107
1775
2107
2178
2295
387
388
389
797
1427
1428
1429
1432
388
389
1501
1604
1605
797
798
1604
1382
1384
1432
1501
391
392
395
604
730
392
393
394
395
1169
393
730
1045
2408
881
1168
1169
2408
395
1064
1073
1100
604
1073
397
398
2036
2037
2074
2119
398
405
1676
2074
405
857
1571
1572
2119
400
401
406
407
913
1162
401
407
503
769
502
503
703
913
403
404
539
541
1858
2377
404
749
751
2377
2399
2459
539
642
644
2399
903
1569
1571
1676
2085
407
609
610
1162
608
610
769
409
410
441
621
1575
410
411
426
614
615
621
411
440
441
2189
426
2128
2188
2189
413
414
1683
1684
1855
414
762
765
1855
1857
1946
765
1681
1683
416
417
418
1533
1814
417
418
595
1154
1400
1880
594
595
596
1814
1152
1154
1532
1533
420
421
1047
1859
2253
2299
421
422
2234
2253
2254
422
995
1047
1084
1082
1084
2001
2254
424
425
513
517
518
732
2277
425
513
1532
2075
1661
1708
1709
1929
2075
2277
615
1645
1646
2188
1831
1832
1868
2383
429
430
526
748
783
430
565
748
1126
564
565
432
433
437
2125
2348
2448
433
437
523
771
1019
1019
1020
1341
1972
2347
2348
435
436
508
509
1651
436
622
623
2476
508
2239
2240
2241
2476
438
439
523
2125
439
522
523
1919
2125
441
1738
1905
1906
2189
1574
1575
1906
443
444
445
1661
1662
1708
444
445
1677
1679
2099
1679
1708
1841
1842
1043
1308
1662
1716
2099
447
448
1011
1064
448
456
682
1011
1012
682
961
450
451
456
688
713
451
456
666
667
1012
1021
573
667
713
1052
453
454
1057
1522
2220
2333
454
455
1521
1522
2079
455
1057
1133
1133
1509
1568
2079
2424
681
682
688
1012
458
649
727
831
460
461
1228
1447
1846
461
2121
2122
2263
2264
1225
1228
1638
2122
463
464
468
982
1026
1885
464
467
468
947
994
1767
632
947
1885
466
1256
1282
1490
1694
1205
1490
468
1080
1767
982
1080
1091
470
637
638
1074
638
687
2378
472
473
474
495
1778
2392
2441
473
474
1235
1236
1235
1743
1777
1778
494
495
1236
476
477
1413
1487
2319
477
478
2043
478
1411
1413
1244
1245
1411
2043
2419
480
481
1297
1601
1773
2061
481
1724
1771
1773
2389
1297
1299
2389
483
936
937
1018
1048
1148
484
1018
1272
2016
1648
2016
486
801
802
892
1025
702
801
488
501
507
922
924
501
946
948
490
491
1530
1801
1802
491
532
1685
1687
1801
2102
1529
1530
2102
680
1188
494
495
1805
2317
2318
2392
495
1236
1364
1805
1808
2159
2392
497
498
500
920
921
934
498
500
855
2174
2310
2366
2367
932
933
934
2174
967
1907
2304
2369
854
855
920
634
890
946
503
701
703
1800
769
1774
1800
505
506
1416
1417
1653
1758
506
819
820
1323
1324
1653
1324
1751
1758
2478
534
924
509
1592
2241
2394
1050
1592
1649
1651
511
512
1746
1752
1753
1754
512
555
823
824
794
824
1753
517
1152
1532
2104
515
516
624
965
1061
1106
516
624
664
982
1026
664
518
1318
1518
1766
2104
732
1317
1318
520
521
536
537
2335
2337
521
537
2244
2245
1493
2066
2245
2335
523
985
986
771
986
525
616
2168
1526
1531
2168
2361
528
529
533
534
923
924
1780
1862
529
534
1000
1075
533
813
1000
531
532
1484
1485
2098
2380
532
1685
1688
2380
1685
1801
2098
1063
1780
1961
924
538
553
659
537
1544
2309
2337
552
553
540
541
642
2035
541
2035
1750
1858
543
544
796
1139
544
551
1331
550
551
979
1137
1139
546
547
802
1027
1028
1156
547
810
1053
1156
802
810
812
892
893
549
835
882
904
834
835
1698
551
979
980
1289
1160
1289
1331
553
556
1115
555
2221
2235
2304
2369
823
2235
2236
813
1001
1115
558
559
711
1237
1238
2402
559
601
1237
711
739
745
561
562
563
1070
1071
1361
1369
562
563
989
1975
988
989
1242
1359
1361
1368
1369
1952
1975
565
566
639
1266
566
1124
1126
639
640
568
569
570
602
1449
1668
569
821
822
1218
1449
570
571
822
1161
571
602
603
1160
1331
1159
1160
1161
573
810
1052
667
1052
575
576
579
1029
1992
2434
576
1480
1617
1618
1619
1992
579
1113
1114
1617
578
1022
1656
1656
1657
1912
2105
1029
1030
1031
1113
2171
581
582
583
605
1136
2469
582
583
584
766
1346
2190
766
767
2469
584
1109
1136
1430
1430
1615
1971
2190
586
587
588
589
1274
1577
587
588
1159
1161
1271
1289
1270
1271
1274
1276
589
980
981
1289
981
1577
1600
1987
593
776
2256
593
955
956
1669
775
776
955
2298
595
596
605
2469
2472
605
1135
1880
1814
1816
2470
2472
598
599
600
623
1586
2187
2258
599
600
1606
2429
2430
1585
1586
1606
2072
623
2430
2476
602
603
1237
1828
603
1668
1828
1331
728
729
730
1073
1135
1136
2469
607
608
610
859
872
608
768
774
859
2257
610
768
769
610
1046
1062
1162
2375
2407
613
889
891
891
910
933
615
621
1941
1942
2194
1646
1647
1942
1892
2139
2168
2173
618
619
620
691
939
1989
619
620
1089
1350
2149
689
691
939
942
1349
1350
1471
1472
1575
2194
623
811
2187
2187
2476
982
1061
1091
626
627
629
1001
1003
1115
627
629
1014
1456
1115
1456
1032
1033
828
829
1003
1014
635
636
632
633
993
1882
633
634
947
1882
1885
634
890
993
890
946
947
636
1062
913
1062
1162
638
1074
2436
2454
686
687
2454
2484
640
1266
839
642
643
1200
2035
643
644
2035
644
1200
2428
646
647
752
753
647
714
753
735
761
1288
2195
2487
831
1157
1266
1695
651
652
1322
1874
1875
652
653
1401
1874
1954
653
654
1875
2071
654
1059
1426
1954
1059
1719
1720
2071
656
657
658
1172
1257
1258
2276
657
658
990
991
991
1257
1316
2186
990
1171
1172
661
662
749
750
1232
2399
662
663
1232
2118
2191
663
2399
856
857
2191
665
1026
667
1021
1158
1648
669
670
837
925
2167
670
837
2364
2391
1991
2167
2327
2391
672
673
1955
2050
2355
2480
673
674
1902
2041
2050
674
2023
2166
2355
2021
2023
2041
2042
676
677
1785
1790
2007
677
678
679
1784
1785
678
2007
2008
2109
2111
679
875
1204
2008
873
875
1784
1849
2289
1188
682
683
688
712
1371
683
961
961
1371
2145
685
686
2001
2306
2397
686
687
2001
2234
2254
687
2306
2484
2378
712
713
690
691
691
695
1733
695
1989
693
694
2313
2314
2379
2384
2385
694
1030
1824
1911
2379
1823
1824
2313
1733
1734
1989
697
698
699
706
1327
1351
698
706
708
1223
1224
699
1224
1325
1327
1981
1982
2045
2046
702
703
800
801
1800
2360
703
801
912
912
913
1620
1621
1499
1622
1825
707
708
1351
1352
2134
708
709
710
1894
2134
709
1223
710
1223
2141
2142
1821
1894
2141
2386
745
2100
2402
713
715
716
928
1371
716
1052
1053
1863
716
724
928
929
2089
724
1053
1156
718
719
720
721
900
2126
719
720
1699
1706
2073
900
901
902
1699
721
1443
1445
2073
1445
2101
2126
2284
723
1904
2330
944
945
2140
2155
2330
1027
1156
2089
2090
726
727
736
1081
1330
1748
727
830
974
975
1035
1081
736
830
831
1455
729
730
858
876
1123
1073
1120
1123
1125
858
1045
732
733
1317
1437
2272
2362
733
1317
2277
1435
1436
1437
1929
2277
735
760
758
759
760
761
1455
1457
1748
738
919
1220
1230
1492
1489
1492
2144
740
745
741
1507
1507
743
744
1209
1322
1874
744
1208
1209
2259
2346
1077
1079
1874
2345
2346
2100
747
752
1130
1140
2338
2043
2338
783
784
1120
1126
750
751
2399
751
1231
1232
1823
1823
2313
2459
753
1130
755
756
757
964
1090
756
757
1080
1080
1090
1091
865
867
964
759
760
761
806
919
844
806
763
764
765
1946
764
1183
1946
1998
2285
765
1183
1681
1810
767
1346
1380
1380
1381
2312
2469
2472
769
2256
2257
771
969
986
1119
986
1019
773
962
1033
966
1025
1033
1290
775
776
859
2246
2257
2273
776
2273
2298
2256
2257
778
779
780
781
782
1828
779
780
1228
1446
1447
1446
1449
1668
1828
782
1225
1226
1228
782
1237
1238
1828
1226
1238
2395
784
785
786
787
787
1073
1100
1120
786
1107
787
1107
1108
1100
1108
789
790
984
1999
2222
790
882
835
882
984
792
793
1473
793
828
896
894
896
795
796
824
1138
1139
1753
796
1753
1921
1139
798
799
1428
1722
799
955
956
1604
955
1722
1723
2298
801
802
1028
2184
2360
802
892
1028
804
805
883
884
2286
2485
805
883
1553
1567
2131
1510
1553
2333
2485
807
919
808
919
2026
809
1612
1613
2026
1144
1146
1613
1960
812
1052
1053
1207
1208
1391
2187
893
1000
1001
815
850
851
1193
904
1193
1608
817
818
1191
1193
1608
818
1191
1038
820
821
1219
1258
1323
821
822
1270
1271
1653
822
1218
1219
1161
1271
824
2136
2236
2281
1138
2136
826
827
1967
2084
827
2084
1487
1488
829
896
1003
1014
1015
831
974
1157
1157
833
999
2058
2116
2117
2117
835
1698
882
837
838
2365
838
925
926
2364
2365
926
2077
2290
840
851
1191
850
851
845
976
977
843
1543
1602
1603
1746
1754
1603
2108
2370
845
847
848
2009
2011
2307
2308
2336
848
849
1840
2067
2335
2336
849
1392
1407
2011
1392
1678
1840
1841
851
1116
1191
1193
853
854
1088
1780
1961
854
855
1086
1087
1088
2310
855
920
1780
1862
2310
857
1189
1572
1572
2119
2120
2191
876
877
1045
1534
872
1589
2246
861
862
864
2034
2036
2037
2269
862
863
864
1121
2038
863
1669
1670
2269
1121
1122
1669
2034
2038
2120
866
867
905
963
964
1633
867
905
906
907
1076
1076
869
870
1843
1870
2161
2176
870
871
1663
1664
1843
871
1092
1093
1869
1870
1092
1663
1666
2358
1589
1932
874
875
1247
2289
2341
875
2341
1204
877
1123
1534
879
880
881
971
1168
1560
881
2408
2409
969
971
1119
1168
2408
904
1608
884
1567
1860
2232
2232
2233
2286
2481
886
887
888
1212
1545
2123
887
888
1918
2463
2486
1545
1546
1918
1039
1040
1212
2460
2486
890
891
976
977
993
993
977
893
1025
1025
1290
895
896
1142
1166
1167
1142
1767
1003
1166
898
899
911
914
1249
1940
2278
899
1087
1940
2310
2366
911
1086
1087
1999
2222
901
2063
2126
902
903
2063
2160
903
1569
1570
1699
1569
1726
2085
2160
1608
906
1054
1633
907
927
1054
927
1076
1099
1473
909
910
932
933
1130
910
933
914
984
2222
913
1162
1623
2278
916
917
995
1085
2057
917
918
1673
1674
2057
2354
918
1529
1530
2275
2354
1230
2026
921
922
923
1862
922
934
923
924
924
1862
926
2078
2167
2250
2077
2078
1008
1010
1099
929
930
931
1371
930
2089
2106
2208
931
1548
2106
2415
1371
2146
2415
933
1130
1131
2174
934
936
937
1054
937
938
1018
1054
1148
1163
1016
1017
1018
1034
1037
940
941
942
1989
941
1989
2093
2094
2340
942
943
2091
2093
943
1349
1596
2137
1595
1596
2091
945
969
970
958
960
970
2140
947
948
948
994
994
950
951
1410
1677
1678
951
1042
1537
1677
1712
1408
1410
1660
1712
1713
953
954
1555
2233
2370
954
2221
2305
2370
2232
2233
2305
2421
956
2298
1604
1669
1670
958
959
961
2145
2146
2147
959
960
2140
2147
960
961
970
1560
2145
963
964
964
1633
966
1106
1025
968
2237
2369
2237
2238
2291
970
971
1119
971
1560
1560
973
1634
2121
2263
1458
1652
2263
2264
975
1157
1034
1035
977
993
979
980
981
983
1506
2442
980
1137
1506
981
1289
983
1600
1026
1091
1600
2342
2343
2442
2445
2222
2004
2080
1119
988
989
992
1358
1696
2151
989
992
1239
1242
1975
2151
991
1171
2267
2271
2416
1779
2186
2416
1239
1358
2180
2198
1142
1767
1047
1084
1085
997
998
1558
1559
2203
998
999
1559
1865
2058
999
1387
2203
2255
1387
2058
1001
1002
1075
1002
1003
1115
1003
1075
1166
1250
1166
1005
1006
1820
1936
2083
2387
1006
1819
1820
1933
1936
1008
1009
1010
1015
1330
1748
1009
1010
1036
1081
1330
1015
1099
1012
1013
1064
1108
1013
1021
1021
1107
1108
1015
1456
1457
1457
1748
1017
1034
1018
1272
1272
1020
1972
2440
1107
1158
1023
1024
1656
1024
1643
1916
1640
1641
1643
1656
1658
1290
1882
1885
1028
1156
2090
2184
2184
1030
1911
2434
1031
1824
1911
1231
1233
1824
2171
1033
1048
1290
1035
1036
1037
1036
1081
1037
1081
1040
1041
1179
2460
2467
1041
1211
1212
1213
1179
1213
1861
1043
1044
1537
1677
2099
1044
1470
1716
2099
1470
1537
2408
1062
2299
1148
1050
1051
1637
1649
1649
1650
1651
1635
1636
1637
1053
1156
1163
1633
1056
1057
1132
1941
2192
2193
1057
1624
1625
2193
2220
1132
1133
2220
1059
1060
1719
2055
2056
1060
1426
1719
1421
1426
2056
1090
1091
1106
1162
1961
1100
1108
1066
1067
2265
2266
2391
1067
1068
1201
2265
2325
1068
1347
2466
1201
1202
2466
1070
1071
1072
2216
2217
2230
1071
1072
1369
1361
1362
2230
1332
1337
1369
2216
1100
1120
2321
2435
2436
1250
1473
1078
1079
2214
2345
2456
1079
1401
1402
1405
1874
2214
1874
1091
1330
1083
1084
1701
1702
2001
1084
1085
1701
1719
2055
1085
2055
2057
1087
1088
1999
2310
1961
1387
2149
1091
1106
1093
1150
2268
2358
1149
1150
1869
1095
1096
1097
1098
1525
1872
1096
1872
2196
2206
1097
1968
2205
2206
1098
1967
1968
1525
1528
1473
1108
1102
1103
2132
2431
1103
1749
1750
1750
2431
1105
1295
1489
1711
1489
1932
1973
2144
1108
1158
1110
1111
1136
1430
1431
1111
1135
1136
1880
1881
1431
1881
1933
1934
1113
1114
1121
1122
2027
1114
2027
2171
1617
1987
1117
1118
1118
1397
1397
1534
1125
1126
1122
2027
2028
2038
1669
1124
1125
1125
1126
1126
1128
1129
1741
2015
2059
2249
1129
1422
1729
1730
2249
1729
2059
2324
1131
1140
1140
2174
2437
1133
1134
1941
1942
1134
1509
1508
1509
1647
1942
2032
1136
1880
1138
1139
1506
2156
1139
2136
2156
2338
2437
1573
1578
2432
1167
1767
1144
1145
1147
1951
1953
1960
1145
1146
1960
1146
1147
1864
2205
1863
1864
1951
2205
2206
2229
1163
1150
1151
1667
1789
1869
2082
1151
1381
2268
1343
1380
1381
1667
1153
1154
1532
2104
1154
1155
1517
1518
2104
1155
1400
1400
1517
1950
1695
1648
1160
1161
1289
1289
1331
1271
1633
1165
1184
1188
2315
1184
1287
1925
1167
1250
1250
1169
1560
1171
1172
1447
1448
1846
2270
1172
2267
2270
1448
2274
2276
1174
1175
1176
1278
1373
1175
1176
1827
1853
2040
2316
1261
1262
1278
2040
1373
1759
1760
1853
1178
1179
1183
2212
2248
1179
1183
2285
2381
2467
1861
2248
2467
1181
1182
1195
1332
1333
1337
1182
1194
1195
1613
1953
1960
1332
1370
1953
2285
1925
2315
2414
1186
1187
1460
1461
1803
1187
1395
1396
2371
1803
2181
2371
2133
1190
1570
1572
1699
1192
1203
1699
1706
1193
1203
2197
2428
1608
1195
1321
1611
1612
1613
1319
1321
1333
2326
1197
1198
1348
1443
1444
1198
1199
1444
1834
1884
1199
1329
1329
1593
1597
1833
1834
1201
1202
2197
2428
1202
2325
2407
1704
2197
2466
1704
1706
2197
2008
2412
2455
1206
1490
1491
1491
1505
2202
2433
1208
1209
1210
1391
1209
2187
2259
1210
1322
1875
1875
2065
1212
1213
1630
1631
2123
2123
1631
1861
1909
1215
1216
1217
1220
1492
1973
1216
1217
1587
1607
1587
1588
1589
1973
1220
1229
1320
1607
1219
1449
2274
1258
2274
2276
1229
1230
1492
1222
1223
1878
1879
2142
2175
2344
1223
1224
2344
1224
2142
1226
1227
1228
1638
1227
1591
2395
1590
1591
1638
1447
1230
1320
1321
1611
1611
2026
1232
1233
1823
1824
1233
2028
2118
2027
2028
2171
1235
1236
1912
2158
1236
1777
1912
2105
2158
2159
1238
1828
2395
2402
2403
1240
1241
1242
2180
1241
1459
1460
2169
2180
1242
1243
1390
1460
1243
1359
1359
1389
1390
1245
1249
1411
1414
2278
1249
2279
2419
1247
1248
1313
2091
2093
2341
1248
2289
2341
1310
1311
1313
1849
2289
1940
2278
2279
1252
1253
1697
1974
2069
2151
1253
1254
2024
2069
2196
1254
1357
1697
1524
2024
2025
1256
1283
2031
1282
1283
1258
1314
1315
1316
1323
1323
2276
1260
1261
1262
1263
1264
1265
2039
1261
1265
1277
2210
1262
1277
1278
2039
2040
1264
2039
2095
2153
2449
1265
1944
2153
1944
1945
2033
2210
1695
1268
1269
1269
1497
1714
1717
1606
1714
2072
1271
1276
1653
2016
1274
1275
1576
1577
1275
1276
1577
1276
1279
1279
1416
1653
1278
1374
1563
2210
1373
1374
1415
1416
1281
1282
1283
1363
1365
2352
1282
2352
1283
1694
1363
2031
1285
1286
1287
1288
1739
1807
1926
1286
1288
1920
2135
2487
1807
2135
2422
2463
1288
1925
1926
2487
1292
1293
1294
1495
1496
1732
1890
1293
1495
1765
2252
1294
1684
1763
1765
2005
1683
1684
1732
1489
1711
1297
1298
1598
1866
1997
2181
1298
1299
1598
1599
1601
1299
1389
1390
1997
1388
1389
2389
1301
1302
1303
1404
1792
2211
1302
1908
2211
1303
1304
1420
1815
1304
1403
1404
1900
1420
1421
1426
1900
1306
1307
1308
1309
1433
1470
1716
1307
1309
1783
2179
2227
1433
1747
1782
1783
1309
1514
1662
1716
1514
1516
2179
1311
1312
1313
2002
2092
2300
1312
1344
1345
1849
1344
2002
2190
2091
2092
1315
1323
1324
1751
1316
1639
1751
1639
1745
2186
1318
1398
2272
1398
1399
1454
1766
1320
1321
2087
2326
1321
1607
2087
2088
1611
1874
1875
1324
1751
1326
1327
1327
1328
2116
2117
1328
1351
1351
1353
1865
2116
1593
1594
1748
1337
1368
1369
1370
1337
2086
2215
2216
2326
1335
1336
1700
1847
2397
2452
1336
1425
2064
2452
2468
1847
2064
2065
2216
1339
1340
1341
1486
2115
2347
1340
1341
1342
1937
1938
1939
1485
1486
1688
1939
2380
1342
1972
2347
1938
1972
2051
1344
1345
1346
1380
1667
1848
1345
1346
2190
1784
1848
1849
1380
2190
1348
1703
2466
1443
1703
1705
1350
2137
2247
2149
2247
2404
1352
1353
1353
1557
1558
1559
2134
1559
1865
1355
1356
1795
1796
1822
1795
2012
1357
1822
1358
1696
1697
1696
2198
1360
1361
1389
1361
1362
1388
1389
1362
1388
2230
2390
1364
1365
1366
2031
1365
1366
1367
1805
1806
1808
1806
2352
2405
1367
2031
1808
1896
1369
1370
1952
1951
1952
1953
2145
2146
1373
1374
1761
2173
2262
1374
1760
1761
1563
2228
2262
1376
1377
1378
1379
1979
2112
2164
1377
1378
1835
1836
1844
1835
1839
2164
1379
1664
1844
1895
1895
1922
2112
2150
1381
2268
2312
1383
1384
1432
2207
2218
1384
1385
1386
1772
2207
2413
1385
1501
1386
1500
1501
1727
1728
1724
1727
1772
2149
2255
1389
2389
2390
1390
1460
1803
1997
1962
1407
1410
1678
1394
1395
1747
1782
1786
1395
1396
1539
1542
1786
2047
1396
1747
1539
1541
2371
1399
2272
2423
1453
1454
2398
2423
1880
1881
1950
1402
1403
1874
1954
1403
1404
1405
1406
1404
1900
1954
1406
1792
1406
2213
2214
1792
1793
2213
1408
1409
1410
2010
2011
1409
1410
1660
2010
2012
1678
1412
1413
1414
1413
1414
1825
1826
1853
2316
1853
2319
1623
1825
2278
1416
1417
2302
1417
1653
1758
2302
1419
1420
1627
1628
1673
1674
1873
1420
1421
1673
2056
1421
1628
1815
1426
2056
1423
1424
1730
2249
2453
1424
1425
2249
2468
2475
1425
2452
2453
2483
2452
2468
1900
1954
1428
1429
2086
2087
2088
1607
1722
2088
1432
2086
2339
1431
1615
2218
2339
1470
1747
1435
1436
1840
1842
2066
2067
1436
1437
1493
2066
1708
1842
1929
1493
2243
2362
1439
1440
1441
1854
1856
1440
1441
1442
1472
1574
1575
1910
1854
1910
1947
1442
1762
1851
1856
2006
1471
1472
1851
1444
1445
1705
2073
1445
1884
2101
2101
1447
1448
1449
2274
1448
1846
2274
1668
2274
1451
1452
1680
2096
2097
1452
1453
1454
1519
1680
2068
1453
2096
2224
2225
1454
2225
2231
2398
1766
2068
1456
1457
1457
1748
1460
1461
1713
2169
2170
1461
1803
1986
2170
1463
1502
1931
2081
1502
1636
2260
1465
1466
1468
1680
2097
1466
1467
1474
1475
2097
1467
1468
1469
1899
1959
1475
1898
1899
1469
1517
1519
1680
1845
1845
1935
1958
1959
1716
1472
1851
1852
2192
2194
1575
1475
1609
1794
2097
1898
2162
1477
1478
1479
1480
1481
1992
2022
1478
1671
2021
2022
1481
1549
1551
1671
1480
1481
1619
1770
1619
1992
1549
1769
1770
1483
1484
1630
1631
1655
2029
1484
1485
1486
2029
2114
2115
1485
1654
1655
2098
1486
2380
2115
1488
1759
2319
1759
1760
1761
1891
2144
1491
1694
1503
1505
1973
2144
2066
2243
2245
1495
1496
1498
1543
1602
1496
1602
1497
1498
1890
1498
1717
1871
1890
1543
1825
1826
1501
1675
1676
1728
1605
1675
1742
1930
1931
2260
1504
1505
1505
2081
2199
2311
2199
2202
2156
2283
2442
1523
1921
1509
1561
1562
2032
2033
1562
1568
1511
1512
1522
1553
2333
1512
1535
1553
1791
1521
1522
1535
1536
1514
1515
1516
1533
1709
1814
2075
1515
1516
1662
1661
1662
1709
1814
1816
2179
1518
1519
1845
1950
1519
1766
2068
2104
1680
2068
1567
1860
2420
1522
1536
2030
2079
2333
1538
1752
1921
1525
1526
1527
1872
2024
2025
1526
1528
1872
1527
1528
1531
2361
2025
2223
2359
2361
1531
1893
1530
2102
2275
1802
2354
1893
2168
1533
2075
1814
2075
1536
1791
1580
1837
1838
2030
1712
1986
1543
1746
1752
1540
1541
1542
1541
1542
1804
1866
2048
2329
1866
2371
1922
2047
2048
1602
1746
1573
2309
1546
1547
2123
2124
1547
1918
1919
1920
1919
2114
2124
2125
2448
1549
1550
1768
1769
2106
2415
1550
1551
1552
1769
1552
2148
2415
1552
1671
2042
2172
2148
2163
2172
1791
2131
1555
1886
1924
2481
2108
2233
2370
2481
1557
1558
2203
2204
2458
1558
2134
2458
2482
1559
2203
1865
1562
1563
2033
2210
1563
1568
2228
2393
2210
2228
1565
1566
1595
1632
1970
2464
1566
1595
2091
2092
2300
1969
1970
2300
1860
2131
2393
2424
1570
1571
1571
1572
1699
1572
1578
2309
1575
1906
1910
1577
2445
1600
2445
2307
2308
2309
2432
2265
2266
2364
2365
2375
1581
1837
2030
2030
2368
2396
2473
1583
1584
1585
1714
1715
1584
1715
1812
1813
2345
2456
1585
1586
2258
2345
2346
1586
1714
2072
2258
1588
1607
1722
1723
1589
1723
2246
2273
1932
1973
2246
1591
1592
1637
1638
1649
1592
2394
2395
1649
2394
1594
1597
1830
1990
1990
1991
2327
1596
1632
2091
1632
2137
1829
1830
1833
1599
1804
1866
1601
1804
2060
2328
2445
2060
2061
1603
2108
1605
1670
2269
1675
2037
2269
2072
2429
1722
2088
1610
1794
1794
2096
2224
1612
2026
1613
2026
1960
1615
1616
1969
1970
1971
1971
1970
2261
2439
1618
1987
1988
1619
1988
1621
2045
2095
2449
2450
2045
1623
1825
1825
2278
1625
1626
2220
2485
1626
1887
1889
2193
1887
1923
2286
2485
1628
1629
1801
1873
2098
1629
1815
1654
2098
1631
2029
2123
1655
1909
2137
2334
2464
1635
1636
2121
1636
1637
1638
2121
2122
2260
1638
1649
2122
1640
1641
1642
1745
1751
1641
1658
1744
1745
1642
1643
1643
1751
1756
1917
2478
1916
1917
1645
1646
1647
1944
1945
2032
1646
1944
2152
2188
1647
1942
2032
2016
1651
1964
1965
1965
1867
1868
1655
2098
1657
1658
1658
1743
1777
2105
1743
1744
1660
1713
2169
2180
1713
1662
1708
1709
1664
1665
1666
1665
1843
1844
1895
1666
1787
1895
2049
1787
2332
2358
2374
1789
1848
1828
1670
2269
2021
2042
1810
1811
2213
1674
2056
2057
1802
1873
2354
1676
2037
2074
1728
2074
2085
1678
1679
2099
1679
1841
1841
2097
1682
1683
1809
1810
2003
1683
1732
1871
2003
1684
1732
1855
2005
1686
1687
1688
1687
1688
1850
1956
1957
1850
2102
2103
1939
1956
2380
1690
1691
1788
1691
1692
1914
2465
1692
1693
1788
2425
1693
1913
1914
1915
1913
2412
2425
2455
1697
2151
2151
1706
1701
1702
1721
1847
2397
1702
1719
1721
2001
2397
1704
1705
2466
1705
1706
2197
2466
1706
2073
2073
2100
2382
2429
2430
1842
1929
2075
1711
1713
1986
2170
2169
2170
1715
1717
2072
1717
1718
1813
1718
1871
1813
1871
2003
1720
1721
2055
1721
1847
2071
1847
1723
2273
2298
1725
1726
1727
1771
1772
1773
1726
1773
2061
2063
2160
1727
1728
2085
2160
1728
2085
1730
1731
2288
2324
1731
2418
2453
2287
2288
2418
2435
2436
1871
1890
1734
1735
1735
1989
2340
2417
2293
2417
2426
1737
1738
1739
1926
1927
2129
2130
1738
1739
1905
1994
2410
1905
2129
2189
1807
1926
2410
1741
2013
2014
2015
1742
1930
2015
2059
1930
2260
1744
1777
1778
1779
1745
1779
2186
2186
1752
1754
1782
1750
1858
1858
2478
1753
1921
1921
1756
1757
1758
2302
1757
1758
1917
2478
1917
2302
2478
1760
1853
2319
1761
1891
2173
1763
1764
1851
1897
1943
2006
1764
1765
2005
2006
1765
1943
2252
2252
2068
1769
2106
2107
2208
2209
1770
2107
2107
1772
2389
2390
2413
2413
2061
1775
1776
1800
2054
1776
2178
2295
2054
2182
2183
2295
2105
1779
2441
2186
2416
2441
1862
1961
1782
1783
1786
1787
2332
2457
1783
1786
2227
2457
1785
1848
1849
1789
1790
1848
1787
2047
2047
2049
2332
2425
2427
1790
1848
2082
2007
2053
2082
2131
1793
2211
2212
2212
2096
2097
1796
1797
1798
2012
1797
1822
2349
2350
1798
1799
2350
2432
1799
2009
2010
2012
2009
2308
2432
2054
2360
1802
1873
2098
1873
2354
1997
2181
1866
2328
2329
1806
2318
2318
2383
2405
2410
2422
1896
2159
1810
1811
1812
1813
2003
1811
1812
2213
2214
2456
1813
2456
2003
1816
2179
2470
1818
2293
2417
2094
2340
2341
2417
2261
1821
2386
2387
1894
2386
2349
2376
1824
2313
1826
1827
2316
2039
2040
2316
1830
1833
2161
2176
1990
2019
2020
2052
2176
1832
2267
2271
2323
2317
2318
2323
2383
1834
1835
1836
2161
1835
1839
1884
1836
1839
1843
1844
2161
1838
2200
1883
1884
2164
1841
1842
2067
1842
1844
2161
1950
1958
2270
2065
2071
2289
1957
2103
2320
1852
1889
1897
1889
2192
2193
2316
2319
1855
1856
1857
1946
1947
1856
1857
2005
2006
2006
1946
2377
2451
2132
2253
2299
2431
2232
2420
2421
1908
1909
2000
2248
1864
1966
1966
1968
2205
2058
2116
2181
2371
1868
2352
2405
2383
2405
1870
2053
2082
2052
2053
2176
1890
2003
2024
2196
2065
2071
1877
1879
2175
1878
1879
2162
2201
1879
2141
2142
2143
2201
2175
1881
1934
1950
1958
1885
1884
1977
2101
2164
2101
1887
1888
1923
1924
1943
1888
1889
1923
1889
1897
1943
1897
2193
1892
2173
1893
2168
2173
2168
2134
1922
2049
2158
2159
1943
1899
2162
2201
2296
1959
2083
2296
1954
1902
1903
1904
2041
2042
2165
1903
1938
2041
2050
2051
1904
2051
2440
2165
2330
1906
1994
1910
1949
1994
2304
2388
2420
1909
2000
2211
1947
1949
2166
2379
2434
2105
1915
2111
2412
1915
2076
2251
2462
2465
2110
2111
2462
1917
1920
2135
2463
1920
2125
2135
2047
2048
2049
2150
1924
2286
2286
2481
1926
1927
1928
2414
1927
1928
2130
1985
2130
2414
2277
1931
2059
2059
2081
2311
2324
1973
1934
1935
1936
1935
1958
1936
1958
1959
1959
2083
1938
1939
1955
1956
2050
2050
2051
1956
2279
2366
1942
2192
2194
1945
2152
2153
2032
2033
1947
1948
1998
1948
1949
1949
1998
2444
1993
1994
2444
1958
1952
1953
2229
1975
1976
2229
1960
1956
1957
2050
2480
1957
2320
2447
2480
2083
1963
2297
1964
2013
2297
1965
2013
1967
1968
2084
1968
2084
2205
1970
1971
2002
2300
2439
2464
2002
2190
2051
2440
2144
1975
1976
2069
2070
2151
1976
2151
2070
2206
2229
1978
1979
2101
2164
2284
1979
1980
2062
2063
2126
2284
1980
2112
2164
2060
2062
2112
2113
2328
1982
1985
2315
2414
1983
1984
1985
2046
1984
2046
2127
2152
2154
1985
2127
2128
2129
2130
2130
2414
2170
1988
2340
1991
2020
2406
2167
2327
2406
2022
2434
1994
1995
1996
2381
2444
1995
2410
1996
2410
2422
2460
2486
2381
2460
2467
2181
2285
2444
2222
2211
2212
2248
2254
2397
2190
2300
2080
2195
2006
2017
2053
2109
2111
2412
2010
2011
2308
2011
2012
2014
2297
2015
2297
2475
2249
2475
2018
2019
2052
2053
2109
2019
2020
2109
2110
2406
2411
2020
2052
2406
2022
2023
2042
2023
2434
2166
2434
2196
2223
2028
2171
2038
2118
2114
2123
2124
2079
2396
2401
2033
2210
2036
2119
2120
2037
2119
2074
2269
2118
2120
2040
2095
2042
2165
2172
2338
2419
2437
2177
2046
2450
2154
2450
2049
2150
2329
2440
2053
2176
2082
2183
2360
2056
2057
2057
2116
2324
2061
2062
2328
2062
2063
2063
2126
2160
2468
2474
2071
2067
2335
2335
2070
2196
2196
2206
2077
2078
2251
2290
2465
2078
2290
2250
2251
2401
2424
2311
2296
2387
2087
2215
2326
2339
2088
2326
2090
2185
2208
2184
2185
2092
2093
2300
2094
2341
2340
2341
2449
2097
2224
2382
2402
2284
2103
2320
2373
2208
2209
2295
2370
2110
2111
2111
2411
2462
2412
2113
2150
2150
2328
2329
2115
2124
2348
2448
2347
2348
2117
2120
2191
2120
2191
2122
2263
2124
2448
2284
2128
2152
2188
2129
2188
2189
2130
2189
2299
2431
2177
2463
2156
2157
2281
2247
2334
2139
2228
2393
2400
2173
2228
2262
2147
2155
2163
2142
2143
2386
2201
2296
2386
2387
2146
2147
2148
2415
2148
2163
2163
2415
2255
2404
2329
2153
2154
2188
2154
2449
2449
2450
2163
2330
2357
2157
2283
2280
2281
2282
2283
2159
2176
2201
2172
2357
2172
2330
2357
2355
2356
2379
2434
2250
2406
2180
2357
2262
2367
2437
2344
2227
2470
2198
2371
2183
2185
2208
2209
2295
2184
2185
2360
2185
2360
2208
2258
2259
2193
2194
2487
2206
2428
2202
2303
2311
2490
2489
2296
2303
2433
2204
2247
2255
2404
2247
2334
2458
2461
2206
2229
2218
2219
2413
2209
2295
2212
2248
2214
2456
2216
2217
2218
2339
2217
2218
2219
2230
2219
2339
2230
2390
2413
2333
2485
2304
2305
2359
2376
2225
2226
2226
2231
2231
2457
2470
2479
2262
2393
2390
2331
2398
2233
2421
2481
2253
2254
2236
2237
2369
2237
2238
2281
2238
2369
2280
2281
2291
2240
2241
2382
2402
2382
2430
2476
2394
2402
2403
2243
2244
2353
2362
2244
2245
2362
2245
2273
2334
2404
2475
2251
2406
2411
2462
2462
2404
2257
2259
2346
2346
2438
2439
2264
2266
2325
2375
2364
2391
2270
2271
2312
2358
2374
2323
2416
2471
2362
2363
2423
2298
2276
2366
2367
2419
2281
2282
2291
2283
2291
2443
2343
2442
2443
2381
2444
2481
2485
2288
2301
2321
2322
2435
2301
2303
2324
2490
2465
2293
2294
2427
2294
2417
2426
2426
2387
2474
2475
2303
2322
2488
2433
2488
2490
2305
2369
2388
2388
2421
2397
2452
2483
2484
2308
2309
2336
2337
2432
2337
2366
2324
2490
2374
2472
2479
2314
2459
2477
2372
2385
2477
2414
2318
2323
2392
2383
2373
2446
2447
2322
2435
2488
2392
2471
2490
2375
2407
2329
2357
2363
2398
2423
2374
2457
2485
2461
2464
2336
2337
2337
2437
2417
2343
2445
2442
2443
2346
2456
2348
2448
2350
2351
2376
2432
2376
2405
2362
2363
2356
2480
2379
2384
2447
2480
2374
2361
2368
2376
2473
2368
2363
2423
2365
2391
2367
2419
2437
2473
2373
2385
2446
2451
2477
2446
2457
2479
2407
2473
2451
2459
2477
2384
2444
2467
2402
2430
2405
2385
2447
2446
2447
2387
2420
2421
2390
2413
2441
2471
2400
2424
2395
2403
2403
2400
2401
2452
2423
2401
2424
2424
2403
2411
2409
2422
2462
2455
2441
2471
2436
2453
2454
2437
2421
2463
2486
2427
2455
2430
2476
2488
2436
2454
2439
2461
2482
2461
2464
2471
2447
2480
2450
2477
2483
2454
2483
2483
2484
2479
2461
2482
2477
2467
2486
2464
2482
2486
2474
2475
2472
2472
2479
2479
2475
2484
