1.050012165588940953e-14
1.050012165588940953e-14
7.549043003605482305e+00
1.509628709444418959e+01
2.263989295972987037e+01
3.017794884901556074e+01
3.770842481274426916e+01
4.522912403455813291e+01
5.273762567547613145e+01
6.023121400872029341e+01
6.770678800516171236e+01
7.516074618451052913e+01
8.258883201291590126e+01
8.998592999735356557e+01
9.734577026430410740e+01
1.046605265248423962e+02
1.119202204087570038e+02
1.191118219335119051e+02
1.262178689207154036e+02
1.332142325682069952e+02
1.400663818845225990e+02
1.467227754926468037e+02
1.531026324502620923e+02
1.590721215003133864e+02
1.643966616505533125e+02
1.686530206350834078e+02
1.711439082447816986e+02
1.711439082447816133e+02
1.686530206350832941e+02
1.643966616505531988e+02
1.590721215003133011e+02
1.531026324502620071e+02
1.467227754926466901e+02
1.400663818845225137e+02
1.332142325682067110e+02
1.262178689207151052e+02
1.191118219335111945e+02
1.119202204087565065e+02
1.046605265248418988e+02
9.734577026430378055e+01
8.998592999735305398e+01
8.258883201291526177e+01
7.516074618451014544e+01
6.770678800516148499e+01
6.023121400871993814e+01
5.273762567547591829e+01
4.522912403455791264e+01
3.770842481274422653e+01
3.017794884901579167e+01
2.263989295972980997e+01
1.509628709444399064e+01
7.549043003605550695e+00
-9.631930996542840262e+01
-1.044376410269839965e+02
-9.721137071296878673e+01
-1.350395941173331948e+02
-1.419493375808947917e+02
-1.379270466413013878e+02
-1.381235492546286991e+02
-1.114830992780320997e+02
-1.155420068840537056e+02
-1.174428044548347998e+02
-1.216517308262774009e+02
-7.186196895951806596e+01
-6.491308483564077392e+01
-7.131275763600341122e+01
-6.824731862752916811e+01
-9.971211386639662067e+01
-9.421845824654835155e+01
-9.530799863183534626e+01
-1.003667266167042982e+02
-1.133034209797305039e+02
-1.188053525582775052e+02
-1.138144434603027975e+02
-1.544529089895445928e+01
-7.991383957368076274e+00
-1.511486055758505920e+01
-1.181010506286413033e+02
-1.042764315370649939e+02
-9.972535651606787610e+01
-9.817843124568609880e+01
1.983243133169587935e+01
1.444389028173623934e+01
-9.527537372382369085e+01
-6.573118672058599543e+01
-6.445471802033348752e+01
-7.097397736258209022e+01
-6.707458863815860184e+01
4.265605185804734134e+01
-1.396333659623790027e+02
-1.467983461408819892e+02
-1.424050394849743952e+02
-6.995509308287763872e+01
-6.839545805357690256e+01
-7.425339040528237433e+01
-6.416527776637214231e+01
-1.474747078583972950e+02
-6.843785865067688690e+01
-7.068895775504850576e+01
-7.640406909141688629e+01
-1.668535050414346017e+02
-1.689293273793624905e+02
-1.655642419965801935e+02
-1.672601134192038046e+02
-1.686588079748993039e+02
-1.697215001885494985e+02
-2.074398965557983132e+01
-2.527704236170908914e+01
-2.556747635230837901e+01
-3.060222792921508983e+01
-1.647514514657412974e+02
1.272213842398030970e+01
3.924544623168852997e+00
8.197528817340677065e+00
3.333575815764160843e+00
8.713760200960253499e+00
9.904395214338224562e+00
1.219285235104760057e+00
1.210438641796309014e+02
1.178056277918954038e+02
1.252446535061595938e+02
1.143375968641019966e+02
-1.435172715279337865e+02
-1.469106701744306065e+02
-1.410259939728406096e+02
1.268080775819603048e+02
1.241199389396730055e+02
1.303817399286058105e+02
-1.332457450647725921e+02
-1.328623427513117008e+02
-1.286263960588582904e+02
-1.387631627323233090e+02
-7.511387282472257176e+00
-1.237508255902167065e+01
-6.371125940108647967e+00
-1.176147823303798958e+02
-1.248619357765499984e+02
-1.219695814438526043e+02
-9.913237884255467236e+01
-1.037308031660403032e+02
-1.068730738734863053e+02
-1.102642002651155053e+02
-1.289127960789857070e+02
1.429759212377493043e+02
1.354924063233245874e+02
1.368054021875501860e+02
-1.566950417459437972e+02
-1.544809136989217961e+02
-1.508047958525247907e+02
-1.475768156978766967e+02
-1.247123253789041968e+02
-1.182270795087173951e+02
-1.200216278415942952e+02
-1.141343621405185047e+02
-1.135759851847445958e+02
-1.081864343139768039e+02
6.880487922079109353e+01
6.122260675409493302e+01
6.204407652145979313e+01
5.660079974864422780e+01
4.606021156948522099e-01
7.684365034347616863e+00
5.482860178647613658e+00
1.197604755301082058e+01
-5.507279720149547586e+00
-7.149849480778149413e+00
-9.077682756706042255e+01
-8.591580252398371442e+01
-8.376018893581007774e+01
-9.301783690822233552e+01
-1.141139335617592963e+02
-8.639661930098371556e+01
-8.494585673430009365e+01
-8.004877722106873250e+01
-7.849425823897843202e+01
-9.723540861464029206e+01
-9.042565522497920938e+01
-9.478780321846718948e+01
-1.490299209239300922e+02
-1.365841688772636076e+02
-1.393862187676126041e+02
7.090765779721042161e-01
-9.142904883509115166e+01
-8.350968860725508591e+01
-1.537346640010352132e+02
-1.560178206955488065e+02
-1.493071229545797109e+02
-9.019324571724671102e+01
7.377809545735699714e+01
7.698129720294610934e+01
6.956780255513947964e+01
7.993619598356046652e+01
1.029623929324153977e+02
1.106678297554145018e+02
1.039881992004650044e+02
1.107477540594492069e+02
5.414965150029532026e+01
5.040962765370444743e+01
4.729503747646091938e+01
5.882504063414435080e+01
1.174576580092543026e+02
1.169814736435659057e+02
1.237552547086661008e+02
1.238545058418070965e+02
1.639273775124599979e+02
1.619738533275209136e+02
1.593171220938129977e+02
1.668625310840444911e+02
-1.069200006722780039e+00
-8.863833342567494000e+00
-2.307338935677166081e+00
-8.566955081683506279e+00
5.809171615352808260e+01
5.656084422796892142e+01
5.255551216947238657e+01
6.259105761086438946e+01
1.279092079312179067e+02
1.241622448674727934e+02
7.113025759725955766e+01
6.453222948541778692e+01
6.947958951127608884e+01
-7.819123305268914237e+01
-7.704753420207352121e+01
-7.172253860636895695e+01
-7.117634240739685936e+01
-6.385423746284193669e+01
-7.629383817324126937e+01
-9.171299285150473679e+01
-9.070813582218292481e+01
-8.505926239403869715e+01
5.532751505475754783e+01
-9.608024092936183536e+01
-1.077067113266033971e+02
-1.110764142247609954e+02
-1.033948644254159035e+02
-9.675032071142447876e+01
-1.017519252144572022e+02
-6.836479460849582779e+01
-7.257875874129820204e+01
-6.586577545971644554e+01
-6.641708745817875581e+01
1.071620857603759021e+02
1.127298503541563974e+02
1.064116260397756974e+02
1.140103439839081005e+02
1.079037232872113066e+02
-5.369662970940834867e+01
-5.491983148919685220e+01
-6.133613378469077304e+01
-7.912704169322262260e+01
-8.259203098449594904e+01
-7.623780932775721908e+01
-8.291297596544448822e+01
-1.613099642747118878e+02
-1.563979095438143077e+02
-1.554541259573533978e+02
-1.499528572511362086e+02
-6.630754146982977204e+01
-5.904687576193560261e+01
-8.676887176361958609e+01
-8.502877772401646439e+01
-9.117524205384671632e+01
-7.866357673122806204e+01
-1.475213492568271931e+02
-1.520001616460444041e+02
-1.542283632166976872e+02
-1.493414058038648875e+02
-1.559459499827912907e+02
-7.100842851013189261e+01
1.110678699634017974e+01
9.198111660499918685e+00
4.290980613316772718e+00
1.730830396306710028e+01
-9.354890499272558202e+01
-9.904688594108979771e+01
-9.210173642892758039e+01
-1.331901513726299981e+02
-1.370328518700191012e+02
-1.382946487182620103e+02
-1.314959770438645990e+02
-1.347505408200536010e+02
-1.317740541826821072e+02
-1.361122167670947078e+02
-1.361854876025878127e+02
-7.276600609165589617e+01
-7.033827410753195863e+01
-7.838396164270497479e+01
-7.878143039833233274e+01
-8.604239849475875701e+01
-8.383569144500773973e+01
1.336080110263079916e+02
1.290839085963469870e+02
1.224617660853248964e+02
-5.689999392506319964e+01
-6.346988219311437263e+01
-5.617511785660055068e+01
1.231813854650766018e+02
1.304822848584612132e+02
1.234661358284129022e+02
-8.995425689456583029e+01
-8.285171436439591730e+01
-8.630738174748415759e+01
-8.793531663069697402e+01
-9.665498020035600746e+01
-1.023280768935437948e+02
-1.022679949668727062e+02
-1.079077106139735065e+02
-7.066681814204316936e+01
-7.425157126732698032e+01
-1.082735258221245971e+02
4.713518169550440717e+01
5.332997827205034724e+01
4.591802681948269793e+01
5.224386193284151148e+01
4.706611473043407301e+01
-7.370499811764781839e+01
-1.248228920468157952e+02
-1.252537867892655044e+02
-1.190280527155736934e+02
-1.294820309466498998e+02
-1.236025873370194006e+02
-1.226664797921837931e+02
-1.166249430959413047e+02
-1.450526727407772967e+02
-1.382345771360760978e+02
-1.388899737904906999e+02
-1.426137106082341006e+02
-1.489503334746825942e+02
-1.519057827957327049e+02
-1.454771760995427883e+02
-1.427836372523059083e+02
-1.383305964637303020e+02
2.734645616056683082e+01
2.959619711629726879e+01
2.036828859560617033e+01
3.401912788218945849e+01
1.551233910156097977e+02
1.501711778756389890e+02
1.497426996985012124e+02
-1.401512639734152117e+02
-1.344564522977109107e+02
-1.355807799260905995e+02
-4.529928711455180945e+01
-4.356080552548554863e+01
-5.029656144510342131e+01
-4.728500474335466208e+01
-1.343822719201536131e+02
-1.410309253054209080e+02
3.814730668641885103e+01
4.465380797872160201e+01
3.933150036422058804e+01
3.708796209597638693e+01
4.437516579907777725e+01
-7.603730840049610151e+01
-8.315767367018551681e+01
8.708572899958784319e+01
8.730622821644750786e+01
9.320747035322878560e+01
-8.276889848836603392e+01
-7.594731491849113070e+01
-8.233721640125251895e+01
8.137559129536469982e+01
4.243629030547987924e+01
3.543869673726044311e+01
3.553201923223799241e+01
2.913185856810678942e+01
-1.180185215323019037e+02
-1.144986094635078047e+02
-1.101534428643479941e+02
8.481374364767361840e+01
8.685267090855063543e+01
9.095492476410413474e+01
9.189004881992390494e+01
-1.415140551002359928e+02
-1.429815471518988090e+02
1.853785819158969161e+01
1.367253672115560015e+01
1.796711756625019163e+01
-1.255402115459244961e+01
-5.235512975152916582e+00
-1.074191363669796928e+01
-1.027334880199714995e+01
1.067805266848299084e+01
-7.588162812214947905e+01
-7.768147243006701785e+01
-8.298378259038767624e+01
-3.807727382210813971e+01
-3.349687030815719169e+01
-3.968229966401357700e+01
-3.033749868485204004e+01
-1.070541570509488025e+02
-1.062996962531608034e+02
-1.023848135294316961e+02
-9.912663772675072948e+01
-1.136217757085916986e+02
-1.116812857098804983e+02
-2.084530084776299930e+01
-1.616120304901300031e+01
-1.485989971350361039e+01
-9.849036151344533607e+01
-9.384341703468682283e+01
-1.005504009359657971e+02
-9.871638839966797363e+00
-1.675932429777850885e+01
-8.834346032386495295e+00
-1.060371561921533967e+01
-9.480960521046152678e+01
-9.144522907791484556e+01
-2.482940730304848032e+01
-2.777975892156927884e+01
-3.010283701136940948e+01
-3.582809340761985339e+01
1.096658803018389960e+01
5.663419540809884190e+00
1.278901459275816954e+01
8.427635905050082954e+01
9.118632787166089315e+01
8.531293468222050080e+01
8.549628108511255675e+01
2.305412161778339097e+01
2.997151091912911980e+01
2.538756474710487865e+01
3.105750297529414894e+01
7.640548652840483612e+01
7.649351747356509179e+01
6.900736602738268743e+01
-3.446604368782964656e+01
1.373443413035211051e+02
-1.372286832838613861e+02
-1.328494776698404110e+02
-1.373381582624415955e+02
-5.261734780616720286e+01
-5.931180839112128211e+01
-5.425413036110975185e+01
7.678137176952137111e+01
6.880693607665068612e+01
7.540900026217491359e+01
-5.628958293059140772e+01
-6.017175276112474336e+01
-5.449703813169043798e+01
-2.938430849132085143e+01
-2.373474366750468079e+01
5.644212281405872744e+01
4.961125604714513315e+01
5.192391113843167716e+01
5.279410354694734764e+01
-1.123644855019116022e+02
-1.144399519394684006e+02
-1.077165300750536971e+02
-1.198830724856426997e+02
-1.257979779477952036e+02
-1.247081589949558946e+02
-7.468431225145779173e+00
-1.205448634857974000e+01
-1.450173803155644059e+01
-1.880091453708831040e+01
-1.160922265270656055e+02
-1.525171347661247125e+02
-1.499815601795814075e+02
1.175889157809375973e+02
1.154759354109456950e+02
1.115438188020124954e+02
-1.324605646010581950e+02
-1.374860429452510004e+02
-1.310453862235571876e+02
1.250209559905669039e+02
1.203548249316890946e+02
-1.433008632970426959e+02
-1.382554172620264978e+02
6.236506836154794087e+01
5.613170206328277345e+01
1.574337269572222908e+02
1.620672636512192923e+02
1.620823517145923915e+02
1.591970502135320089e+02
-7.091526194851579135e+01
-7.619867890736766469e+01
-7.615746166517190829e+01
-8.287621219157553298e+01
5.253692475020476316e+00
-1.430375847972356951e+00
3.197483911095922782e+00
-1.550669480810196035e+02
-1.501886709743401980e+02
-1.449970472460601911e+02
-1.213333120225697996e+02
-1.185473743098795012e+02
-1.274272364277249068e+02
-1.313036794897396931e+02
-1.126353576047439020e+01
-1.743049580556312961e+01
-1.255147297497279979e+01
-8.264726841609198971e+01
1.511541113965907073e+02
1.555335792003801885e+02
1.555565363157936076e+02
-1.108612237766943025e+02
-1.052555551640310938e+02
-1.043904184450025951e+02
4.813640668672678657e+01
-1.121575973922601008e+02
-1.236441609768732945e+02
-1.011893383644778055e+02
-9.437809877774185452e+01
1.349565348329091137e+02
1.321864767395090894e+02
1.394130282902567046e+02
-1.317693029139703924e+02
8.227259232102815645e+01
8.356779409950912907e+01
5.883931656114950215e+01
6.007076447327362700e+01
6.475607620822204069e+01
8.169166582556897538e+01
-1.310955823957955033e+02
-1.282281795149424113e+02
-1.253425037434652012e+02
8.453017153781858894e+01
7.848360599330752052e+01
4.633987160749367717e+01
5.312111764902581257e+01
5.178312230485413892e+01
-6.804705199040425612e+01
-6.327627339180185828e+01
-3.107412698209449076e+01
-2.887815879434069899e+01
-1.438077364988608906e+02
-1.306206000635897908e+02
-1.386412955896510937e+02
-1.368839667315961890e+02
-2.520831481497306115e+01
-2.713062802844109100e+01
-2.088609413221783839e+01
-1.297141848037022953e+02
-1.334429549832507860e+02
-1.415182581788081109e+02
4.136708843006402248e+01
4.907761801210848063e+01
-1.407286561746614950e+02
-3.028538392268376178e+00
9.040173663976053264e-01
-4.417436421060504159e+00
8.563766152103943341e+01
9.094422153220783400e+01
8.987406381048882054e+01
-1.161457333074413043e+02
-1.191724813304991955e+02
-1.229226018578413999e+02
-1.017071854781676024e+02
-9.531049878822227583e+01
9.539535722944086160e+01
9.671336761108639735e+01
-1.465601093436295059e+02
-1.450915982630380938e+02
5.001579584524773736e+01
5.645770874590537147e+01
-1.462834395573576103e+02
8.716803150552826196e+01
9.007553739199985898e+01
8.254158121536673320e+01
-1.720786872056448047e+01
-1.650367349022000951e+01
-8.591380149731664417e+00
-2.257919213679219084e+01
-1.370670685683413126e+02
-1.297287289502239958e+02
-1.315069406167474995e+02
1.093224369273900010e+02
1.161719239063586002e+02
1.112700380060002061e+02
1.041132754692601026e+02
1.070373083918343013e+02
-1.291761282903169104e+02
-1.304009554772146089e+02
-5.581081568909966251e+01
-6.301199227951038040e+01
-5.736788876661260161e+01
1.690422234795362897e+02
1.696236978581356141e+02
-5.074916572209035337e+01
9.691111951865613605e+01
9.868138637607334829e+01
9.247065230317248563e+01
1.037098298842747965e+02
1.064126168093941942e+02
1.110476171036966946e+02
1.103101886658967032e+02
1.165682628274966959e+02
1.048337227505019058e+02
1.059641732021305955e+02
-6.739867743039447134e+01
-6.466249335222548211e+01
-5.208967649164536340e+01
-5.824741464036942062e+01
8.682821882514389245e+01
9.197876815523649441e+01
7.971844745925827169e+01
5.520303281236341775e+01
5.885961426817735287e+01
5.241836682874998843e+01
6.238411375495301314e+01
9.699774532135026561e+01
1.028353905240432056e+02
9.733248042985131576e+01
-1.121725933479448969e+02
9.265858465855124848e+01
-8.073612315959266539e+01
-7.737917175741286258e+01
-8.452792560412822809e+01
-9.557494488434014102e+01
-8.807292361295921523e+01
2.574927063224786039e+01
-1.094038223667510010e+02
-1.053753917585309949e+02
-2.203538005340572070e+01
-2.811791249635543011e+01
-3.627309975961549071e+01
1.403128419619646081e+02
1.469956623618161871e+02
1.449419250038014013e+02
1.411018942896999988e+02
-1.893825461917511888e+01
6.334799589060582292e+01
6.239276364511704287e+01
-1.338550016235076896e+02
-1.573951801434106983e+02
-1.613197049630385891e+02
-1.577844599636987084e+02
-1.431817043306176060e+02
-1.616909916290896945e+02
-1.121484439435521949e+02
-1.176971491308508035e+02
-1.252451354690702061e+02
-1.203706686410329070e+02
-1.248025258530580004e+02
-1.064735598629226985e+02
-1.069800072082233982e+02
6.427419738365144042e+01
5.742778256705707207e+01
-1.377959650984086011e+02
-1.313398824802634124e+02
7.359288510551115436e+00
-2.006707914147612126e-01
4.062747167514997315e+00
-2.515866593371069992e+00
-7.860301150736613351e+01
-7.212614350942519081e+01
-7.828222448853183835e+01
-6.290019903416384750e+01
-1.489021539975863107e+02
3.446847557510982085e+01
2.772241258188740076e+01
3.290269210835533187e+01
2.498782760248516865e+01
3.068969060014270056e+01
1.360605328318544878e+02
1.403707499090347994e+02
1.438259238352752050e+02
1.357538604509499862e+02
-1.417934371206764013e+02
-2.089691302230237113e+01
-2.158959622777084064e+01
-1.498519325296149063e+01
-1.564005721080988920e+01
-1.216569039983929059e+02
-1.142349250567236965e+02
-1.341533530401447933e+02
-1.303768697132300076e+02
5.519086098131227658e+01
5.017801272343977814e+01
5.138683225558776968e+01
-4.761079519480192346e+01
-5.424639194327121317e+01
-5.134203077972168217e+01
-5.791509616518251846e+01
8.561875132482684592e+01
9.192063073356521841e+01
8.678480891949203624e+01
9.374307318291955937e+01
9.849067809961796627e+01
-8.532481674812513006e+01
-1.096524525724591967e+02
-1.088091528846434954e+02
-1.049981034510986007e+02
4.476156356776345291e+01
4.184982465209795777e+01
4.959028622736161651e+01
4.979426118971090887e+01
-1.144557780688563042e+02
1.446216659393566033e+02
1.381719294425892883e+02
1.397648618983604081e+02
-3.359522420229318840e+01
-3.965845809387486298e+01
-3.388085676921193112e+01
1.341819403553218137e+02
1.623916663114231937e+02
1.574115576167438917e+02
1.618561052957583115e+02
1.660046877470225866e+02
-6.502314789166813114e+01
-1.073982840245500938e+02
-1.133246467292260036e+02
-1.071698297586355011e+02
-7.409930381246499564e+01
-8.217915009487077782e+01
1.571792312259746893e+02
1.503446684935927919e+02
1.532135289100909858e+02
1.479989110580341105e+02
1.451738951945999929e+02
8.103372937485907812e+01
-1.098918403906520069e+02
-1.180104299135142014e+02
-6.687694748858920946e+01
-1.058323568838580968e+02
-1.123030784963709010e+02
1.372761958169171059e+01
1.250203427133427958e+01
7.419642307554425997e+00
1.861438859494895937e+01
1.963301042465866075e+01
-7.108095831119027252e+01
-7.685092129245789749e+01
-1.084091626357733986e+02
-1.652236845239092133e+02
-1.619799897727610869e+02
-1.593995594867701016e+02
-1.115173829399650032e+02
-1.177036310391406033e+02
-1.067010269713894957e+02
7.195369836607299874e+01
7.267696641365014898e+01
6.500434327620621389e+01
-8.878896146038199788e+01
-8.279186595291326967e+01
-1.631029021519773892e+02
-7.266647018818184733e+01
-7.875819534497617269e+01
7.518565939863975700e+01
6.953933695547020477e+01
6.437503738621809646e+01
3.964018479501289960e+01
4.426803343447935646e+01
3.673601526490809732e+01
7.620506997616713818e+01
-8.179441699434298130e+01
-7.650019821767854467e+01
-1.295279631926341040e+02
-2.111015683698787981e+01
-2.737046764689342027e+01
-2.362945808603459952e+01
-8.229958570051471156e+01
-7.632599680126418207e+01
-1.490577568405882118e+02
-1.495680507480088863e+02
-1.443717086752799048e+02
-1.545017717563289921e+02
-8.279734083106070841e+01
-7.720842949561708224e+01
-8.886608855264167062e+01
-7.490627048799179022e+01
2.965761218695138091e+00
-2.337509128423512994e+00
3.276720412921831915e+00
9.743168565247117385e+00
9.228614482566857191e+01
8.512667695697741976e+01
-7.884044945684451022e+01
-8.634317059714760489e+01
-7.288965673557216007e+01
-6.647006032410781984e+01
-1.449296784529977060e+02
-1.372438146868232991e+02
-7.009852929251586318e+01
-6.391966032123676911e+01
-6.707578217376480723e+01
1.045124865224137949e+02
1.112766945457673984e+02
1.102239291568270971e+02
1.052323424093674049e+02
9.858669847331898950e+01
9.873038137531590053e+01
-1.316418574440473890e+02
-1.248104112790405935e+02
-1.339797637451208914e+02
-1.292272161685885123e+02
-1.260044626735756026e+02
-1.071920494471708025e+02
-1.089090596244894016e+02
-1.038120215370749975e+02
-1.624974032798527901e+02
-1.621548146178068066e+02
-1.583706067918334952e+02
7.335067595380125738e+01
7.052161995741303713e+01
7.912288463012160378e+01
-4.504546272599654344e+01
-4.572495893655528221e+01
-5.210496145509854671e+01
-1.105485337295500017e+02
-1.141865036569471954e+02
-1.171391327197818981e+02
1.335119527229035086e+01
1.418084133938013913e+01
7.792996371979542758e+00
-7.131991090601641758e+01
-6.633262044825350756e+01
-6.096943935269356274e+01
-5.850609252144163719e+01
-1.244924254556859040e+02
5.809719212126268673e+01
-1.279690025346404951e+02
-1.441600874627679900e+02
-1.115452758739003940e+02
-1.107043287925888961e+02
-1.198041508106008024e+02
-1.287776956211041863e+02
-1.252610831927402018e+02
1.291039292516427111e+02
1.240405772076149020e+02
1.219615321534828070e+02
1.181769913763941986e+02
6.306869510092540310e+01
6.859469241081538371e+01
-5.478715279592208276e+01
-6.116510341642555915e+01
-5.738612258148022249e+01
-1.615470888071282900e+02
-1.659034519962756917e+02
-1.574980105930395951e+02
-1.544495094637005081e+02
1.677143318937536094e+02
1.695371975733216061e+02
-9.319020666169889466e+01
-9.968802568684114362e+01
5.514268258851384275e+01
5.470600039571372264e+01
6.216821446767954740e+01
-1.259843797920512003e+02
-1.193735956960876052e+02
-1.015656465849895937e+02
4.536451986267670122e+01
4.143957995557452989e+01
-9.301859862189310491e+01
-9.793598304562718226e+01
3.163481153957333092e+01
4.064321411167185261e+01
3.360062765136711249e+01
4.012767851298922039e+01
-1.123986054818813045e+02
-1.180827158699102029e+02
-1.189892931149934014e+02
-1.129333498311187043e+02
-1.170679777362223035e+02
-1.109497163451037949e+02
-9.084351922440379923e+00
-1.687531272974193897e+01
-1.055317616635515066e+02
-7.453564320269929055e+01
-3.160795823348215094e+01
-3.673159621991918300e+01
-3.847397909285179907e+01
-4.203098363228512113e+01
-3.122347817058874142e+01
-1.594914635811348091e+02
-1.645921759745295105e+02
-1.601444807119083009e+02
6.091917711385382717e+01
5.998926400932548120e+01
6.784807435517456042e+01
6.485894862481322320e+01
-7.766811548978286339e+01
1.058447843743022929e+02
1.067238834506675005e+02
1.008117134088868028e+02
-1.127982192305121032e+02
-1.077500577216088971e+02
-8.883421856155797514e+01
-8.836922821535405603e+01
-8.267720411107319478e+01
-9.368797505481138899e+01
-1.065061923704842002e+02
2.000235524249676899e+01
2.029846676624318036e+01
-3.438269533164613279e+01
-3.596646226996586648e+01
-4.000086406165726771e+01
-2.904760385596022942e+01
-1.110757579816623064e+02
-1.179108248498254028e+02
-1.055018005886080061e+02
-1.237091956671801967e+02
-1.283398990676653000e+02
-1.531934717587282933e+02
-1.510808685273065919e+02
-1.582055455549125895e+02
-9.798478863786864679e+01
-1.029464816005112056e+02
-1.055972758696861007e+02
9.570748608008853964e+00
3.702015059761055049e+00
7.925502521178690030e-01
-3.785311110119915057e+00
-1.074720756128713930e+02
-1.639457668794595975e+02
-1.682205564629421986e+02
-1.681531395676707064e+02
-9.517776814575161382e+01
-9.420907416545450985e+01
-1.002921235220436955e+02
-1.003574393287631068e+02
-1.121367500631156986e+02
-1.061303588141906005e+02
-9.486655406910060151e+01
1.331775515761006012e+01
5.661080837250782594e+00
7.042196851386933076e+00
-7.399763481981099789e-01
-7.055746690057186754e+01
-1.178579239770384959e+02
-1.156101209270243970e+02
-1.216859231877389931e+02
-1.243911481213935986e+02
-1.283052156199919125e+02
6.077370975993318325e+01
6.190009641523686668e+01
-1.711270578490409093e+02
-1.015821157052626944e+02
-9.916744777113224529e+01
-9.518352081833795353e+01
-9.774260014941968677e+01
-9.677310034625379842e+01
-1.037954229753314053e+02
-1.087541613858050056e+02
-1.641744077951834981e+02
-1.606908386093411991e+02
-1.610759405006145926e+02
-1.598912559178041022e+02
1.353052191933473125e+02
1.282716569722728082e+02
1.287870815041304979e+02
1.358379992470894990e+02
1.299464800623391056e+02
-7.851065688249126140e+01
-8.326343388630201048e+01
-1.284885192105186036e+02
-1.309810327902449103e+02
-1.335549000608338019e+02
3.654532164571663344e+01
3.600179302444507812e+01
2.857917687401820928e+01
3.327195928026200278e+01
4.014890272214584144e+01
3.255271189144024646e+01
-5.201586924288591263e+01
-4.513270132598277229e+01
-9.491585189322685778e+01
-8.998547135903885419e+01
-9.620475307117503405e+01
-8.982237183874357811e+01
-1.022588209192335000e+02
-1.511699468151668100e+02
-1.565522777159170005e+02
-1.528509446347705136e+02
-1.344508388298577870e+02
-1.327145891705864926e+02
5.395026799523841987e+01
5.879124344160484839e+01
-7.840042487753609635e+01
-8.468425857310079152e+01
-8.485477700043865923e+01
1.121508097582330947e+02
1.189420277490004025e+02
-1.568951032522674893e+02
-1.595077370997940989e+02
-1.080880618893206986e+02
-1.054191155828938946e+02
9.341587198104838308e+01
9.158771214809067374e+01
9.803574932955628185e+01
9.986988715242954129e+01
-1.331655215918723059e+02
9.528801011892613815e+01
-1.008490720077394940e+02
-7.177056501767052055e+01
-7.037699307224308143e+01
-5.723958396572835561e+00
-3.561711711251697832e+00
-1.049807941665713074e+01
1.404011803451732874e+02
1.460914517222688005e+02
6.458333524169433959e-01
-1.145475316527511040e+02
-1.385216830535576946e+02
1.899035204401441135e+01
1.581177154029116991e+02
1.620494572065105103e+02
1.586644812352251961e+02
1.633276713402746054e+02
-1.442558144366838917e+02
-1.500177849094316116e+02
-1.494708192775999862e+02
-1.564089743444849887e+02
1.273914042166784952e+02
1.289945830868171868e+02
1.232510800151240034e+02
-1.702710451108737004e+02
-1.711225818393195084e+02
-1.694977593329103058e+02
-1.710826873641173052e+02
-1.193074999742848945e+02
-1.212917153035542981e+02
-1.249185834025074939e+02
-1.650773973068459100e+02
-1.687913380849097962e+02
-1.564494828103900943e+02
-1.539804007770443945e+02
-1.554648054029553919e+02
-6.360952278941351068e+01
-6.181872392781011172e+01
-1.288690097886288015e+02
1.660027832446315870e+02
1.616323380193636012e+02
1.620882423485601862e+02
-1.287756659643193871e+02
-1.261894029628161036e+02
-1.111518757973617966e+02
-1.116584169271021949e+02
-5.068059555588798304e+01
-4.507174582466269186e+01
-4.154680034476334782e+01
-1.484306776636024097e+02
-1.421847559343237037e+02
-1.608838960617950988e+02
-1.636066227315054107e+02
-1.663674917456081914e+02
-1.641065901577813122e+02
-1.293206131443479023e+02
-2.113118492962984973e+01
-2.369440922975395125e+01
-1.814520435739082060e+01
4.137229071437487704e+01
4.686112506890381724e+01
4.078518371720431901e+01
-1.002280559216721940e+02
-9.739020279837176020e+01
2.002709062598657042e+01
-1.523257233804638986e+02
9.185568679427758809e+01
8.622758346719858480e+01
9.669363115483396598e+01
-1.239792614039026972e+02
-1.181189525946080039e+02
-1.648452257195106085e+02
-1.163623856623994968e+01
-5.336848617728245259e+00
-1.181044836221312089e+01
2.122369497493642854e+01
2.323866810497196056e+01
1.620291748208505922e+01
-1.375108978172831939e+02
-1.019540289328947011e+02
-1.289524232190840962e+02
-1.159274196721759012e+02
3.643037674726871700e+01
2.944752851016534123e+01
3.180080438876867888e+01
2.595669591107434826e+01
-2.168733864090783925e+01
-2.051036405359133141e+01
-1.532935011602548059e+01
-2.654662359640775904e+01
-1.176121317830668005e+02
7.020931422543878853e+01
-1.429386807143459066e+02
-1.639559008140388130e+02
3.041965154591406062e+01
2.534549312755224904e+01
3.095893203043803865e+01
-1.442099733327002014e+02
-1.665350851790938123e+02
3.212116556976638293e+01
2.655131672884088090e+01
2.561406910369167989e+01
2.012308052104607015e+01
-1.119569610122391055e+02
-1.084523118832402986e+02
-1.185855395173120002e+02
1.536922834463092045e+02
-1.426672001921031949e+02
-1.389309097974141025e+02
7.111553285473166852e+01
7.400332066873906456e+01
-3.828621851289719302e+01
-3.492871261871241728e+01
-4.155654034195214308e+01
-4.497803328980101867e+01
-4.024038419749582118e+01
-1.697248733584519016e+02
-1.196414794739317955e+02
5.705077659310131111e+00
-1.628832879648721033e+00
2.931048619301078961e+00
-9.003593895712214135e+01
-8.185924614496323670e+01
-1.383267288150910019e+02
-1.305959828484390925e+02
-1.237695930554314998e+02
1.068896094687047054e+02
1.027730130755679028e+02
1.108053551303593025e+02
-4.985367480351011693e+01
-5.068097761352446895e+01
-5.720522847220333773e+01
-1.530602622602166889e+02
-1.071213084113730929e+02
-1.016729622127460004e+02
-1.018967384104705047e+02
-7.750758710713041921e+01
-1.232921987986455008e+02
-4.099368013214328244e+01
-4.826890248493060653e+01
-1.174945907259053968e+02
-1.237583799951146943e+02
-1.222165859657829969e+02
-1.272180949024400007e+02
7.973601506245496751e+01
7.606270053825753052e+01
8.253275703989318401e+01
-8.939383897135854795e+01
-9.225771883033739584e+01
-1.839712261578786823e+01
-1.983067313600464132e+01
-2.719719992332538894e+01
9.704373468204252617e+01
1.001424673749796028e+02
8.369823535987320895e+01
7.633955670227898338e+01
8.118002040601375313e+01
-8.765645222000598835e+01
1.877483756560515005e+01
-1.454022063130796880e+02
-4.561119872501536321e+01
-5.242114804079030677e+01
-4.962889373248717817e+01
-5.795793979317831202e+01
-4.236192314625988331e+01
-1.569653109139686080e+02
8.014096983010828978e+01
7.724597935686834660e+01
8.347310708925289191e+01
8.636206439972536941e+01
9.307874421520479302e+01
9.197631066399262068e+01
9.764823352765104403e+01
-1.147400095030877054e+02
-1.526963942923501918e+02
-1.362271400128890946e+02
1.071472792090812050e+02
1.022621316779710980e+02
1.123213114525820941e+02
-1.007007534618610975e+02
-1.596953357487707876e+02
-7.002951390224552597e+01
-6.422709885426623089e+01
-1.530471583224318977e+02
-1.483236784571570013e+02
-9.637507443927100326e+01
-1.028167206381189942e+02
1.260562221591203951e+02
1.325920109019452013e+02
1.295122254771706878e+02
-5.577398578720570299e+01
-6.256926149181389718e+01
-5.688971277057157039e+01
-5.938274244949347747e+01
-5.734980646237622715e+00
-1.078033375456342924e+01
-1.340683292531850057e+01
-3.794728307699197245e+01
-4.512381773394253770e+01
-3.871344600336374953e+01
-4.010982171926626982e+00
-6.430033822880267280e+01
2.308981472400522961e+01
3.027334051033338014e+01
2.391632266109145988e+01
-7.717325222197327150e+01
-1.629964754538234972e+00
4.574390881917014262e+00
-1.235818057520505988e+02
4.302850093598657999e+00
-1.166587702971273046e+02
-4.931329461237992717e+01
-4.423194351386054990e+01
3.225000656781738684e+01
3.666409732288457946e+01
3.953327532510304110e+01
4.597369785690069222e+01
1.230848875832264966e+01
2.233862926835633900e+01
1.926821474614876095e+01
1.042606636054881086e+01
9.557065760166233304e+01
1.142809602585510049e+02
1.063829966116755941e+02
5.460993724193495780e+01
5.150729927294464972e+01
4.613547090933967354e+01
4.976705664638375737e+01
-2.562424953238118164e+01
-2.888901423000895008e+01
-1.906541453179233869e+01
-6.725619465051535428e+01
-6.053986709638395780e+01
-6.595106663947302650e+01
-5.970139837049386955e+01
1.199425495074952011e+02
1.265908783456441995e+02
-6.572408712419375831e+01
1.454249327538418868e+02
1.506809521124600053e+02
1.513939973862266868e+02
1.555903729422801121e+02
1.050533841173893990e+02
9.947789328942380394e+01
9.942391610443090144e+01
1.119511974365474032e+02
-5.823816333885405783e+01
-6.467806252587710958e+01
-3.409639095217541893e+01
-2.926000471340067932e+01
-3.756096110478362249e+01
1.671506836591418050e+02
1.661381314132783018e+02
1.623895911385081092e+02
9.447856907517515879e+01
9.139274532100621684e+01
3.345584202181325129e+00
1.080004456750756958e+01
7.105891914590512393e+00
-1.245324639136446088e+00
2.067525948070915831e+00
-8.604345004682764397e+01
-8.873782905518031328e+01
1.155318592451879027e+02
1.100658369290330967e+02
1.092616294635531062e+02
-9.290171223630906638e+01
-1.472346904404309100e+02
-1.656635975258133087e+01
-2.068272133443838001e+01
-1.252226147728153016e+01
-1.904863274412054963e+01
1.371540770299808116e+02
1.316252039900367095e+02
1.407207387498121989e+02
1.330595211223854051e+02
-5.327339363895706725e+01
-4.823513737748793773e+01
-5.245010005392337149e+01
-5.699084878326095094e+01
-5.695738136443510768e+01
-5.167261510811624703e+01
-4.634456103117049963e+01
-1.431615701631972115e+02
5.040169155646354682e+01
4.477643454089059816e+01
5.037645757059966911e+01
1.220540712871840014e+02
1.179294987818953047e+02
-1.494757611888817053e+02
1.148029900561527938e+02
1.168057155572211059e+02
1.223754532545952003e+02
1.231896445529210951e+02
-4.670022925292403215e+01
-5.111373414851536978e+01
1.283483809086918086e+02
1.360128579138215059e+02
1.308235210281482068e+02
1.295937723949463134e+02
1.366803119159725952e+02
-4.873634210980419823e+01
-5.096453736854549277e+01
-4.352142651631834269e+01
-5.710600595720804762e+01
-5.737609018983864928e+01
1.025447762590030010e+02
-1.345860631651607946e+02
2.746255735200847070e+01
2.511417455399097065e+01
1.914032840601311847e+01
2.164099929670681988e+01
-8.905881639246686632e+01
1.490427339895231995e+01
9.954585291433756922e+00
8.824446557099008714e+00
2.717561002273571003e+00
3.885406246796621943e+00
-3.568472122503592914e+00
2.244991380483218890e+00
9.339938146327611435e+00
8.739499936350368259e+00
5.457742211676968225e+01
6.095333108275659129e+01
5.312965414507596762e+01
5.811513073435546772e+01
6.226913553334185991e+01
1.119074261429508965e+02
1.047732191992865012e+02
1.074293199258389961e+02
1.158496523126328981e+02
1.414143574053159966e+02
1.453894315193201976e+02
1.479189886440659052e+02
7.750364192552538611e+01
8.398831480334267496e+01
-4.633684639593177224e+01
-5.128532853697628013e+01
-5.200888512137756692e+01
3.921374737299286295e+01
1.357326427486682121e+02
1.388546117014315939e+02
1.692323165395945068e+02
1.694260297978048868e+02
1.663632325957144076e+02
1.657654928018147018e+02
4.533988374665455723e+01
-1.683816435454197915e+02
9.666426878010932455e+01
-3.146875174553195009e+01
-3.601809650067915669e+01
4.794536370042529683e+01
5.408598819015900006e+01
4.873814895781333689e+01
-3.223428273075943906e+01
-4.177071995464248744e+01
-4.448811554895421949e+01
-3.706244933924899954e+01
-4.909993335908821877e+01
-5.099824824343760099e+01
9.178160635736310269e+01
1.004851454764476983e+02
9.768257536539104535e+01
9.649192243288639759e+01
3.020983247125871074e+01
2.769697848824386099e+01
1.414821915689090872e+02
1.461591692457965905e+02
1.620488133314090931e+02
1.560099000507100868e+02
1.620925927241729028e+02
5.428991529531962179e+00
9.610256246030058236e+00
-1.367575446621072999e+00
-4.703716917059152181e+00
4.010819301819156246e-01
-3.690877574120115856e+00
-4.362318069089193173e+00
-1.069234316773422044e+01
-1.039626847603389059e+01
1.419361437687362013e+02
1.490748672636327115e+02
1.401167782597368898e+02
1.481183777469840095e+02
1.529120770474249014e+02
-2.893779409765430088e+01
-2.461955782299448003e+01
-3.514544840443186047e+01
-1.029039535065359985e+02
-4.587821874213379658e+01
-5.165647372452003339e+01
-4.482855032080531288e+01
3.552870551689900935e+01
4.216870108802412176e+01
3.732032672462783296e+01
4.368823737038719202e+01
3.781451002177617937e+01
8.816900383364077243e+01
8.078584968770974228e+01
-2.481092835173232913e+01
-1.770756154387007086e+01
-2.324887411629741862e+01
-1.724653826244016130e+01
-1.290717071661516080e+01
1.585143208471718879e+02
-3.127520626981171947e+00
1.848326099903756958e+00
8.938189406793529912e+00
6.190938127235622090e+01
3.482516404613217986e+01
4.508349753365167345e+01
3.968835960282562070e+01
3.866709444486122749e+01
3.318620267962256776e+01
-9.813067957321229073e+01
8.201867646475649565e+01
8.728331159955881446e+01
9.656399988580915306e+01
2.365032010945709118e+01
1.805609456304857829e+01
1.673332663457737013e+01
1.074154029596454940e+01
1.898431954730562055e+01
1.176405345460421081e+01
2.834798772075900075e+01
2.499916130123312996e+01
2.150908740204680925e+01
3.236709726859925240e+01
-7.896626535329642138e+01
-7.465144716822678106e+01
-7.282386234823928817e+01
-8.294968003771225540e+01
1.330527390976394031e+02
1.301570747134944952e+02
1.360193637896072119e+02
4.000173952499511132e-01
7.016731606140796274e+00
3.036978586243726852e+00
1.107128955612147969e+01
6.867311424574661771e+01
6.583363586130190015e+01
6.227401870785155324e+01
5.975175535613453093e+01
1.647724096724795828e+01
-4.126650593030353775e+01
-4.505325131303789732e+01
-3.606567092660438334e+01
1.105899500983633033e+02
1.122873396942735980e+02
-3.154280357750981878e+01
4.866082958420785332e+01
5.207937453966157193e+01
5.917999160735698183e+01
5.837192176173463309e+01
6.445544199507506278e+01
-4.296693015570270724e+00
-1.039680956132627010e+01
-8.556876466019277316e+00
-1.521510805362912944e+00
-7.556204904162965086e+00
2.407633386987106050e+01
2.893592508798476004e+01
2.375932246686184968e+01
1.165172595750085947e+02
1.176221917602941005e+02
1.231095862043477069e+02
1.144323883120196967e+02
1.061215844057744988e+02
9.974366237835744187e+01
1.019871029920698930e+02
9.388374618993745457e+01
9.164911572982725829e+01
-1.602596845946956989e+02
-1.615147331612803896e+02
-1.649422967638805915e+02
1.183015742155837984e+02
1.853957762001456899e+01
1.564887184843153989e+01
2.303374556090177094e+01
9.946820243357625202e+01
1.008593772422102006e+02
1.127163316110587061e+02
1.178576805345924043e+02
1.163678940360801022e+02
1.223345217117464045e+02
1.085849571540037033e+02
1.131058695270130983e+02
4.761662320422785655e+01
-1.034447573276884036e+01
-1.291506630197907057e+01
-1.660821970740742870e+02
1.176681970954482068e+02
1.235900989990446988e+02
-6.871359237617603810e+01
-6.666103249543201059e+01
-7.342495909045094038e+01
-7.315643739965400982e+01
-6.746206868257911538e+01
-7.649331762146847780e+01
-2.581007128231735948e+01
-3.265603042388193700e+01
-2.400094466132845028e+01
-3.090939433691648119e+01
-3.686144310614503183e+01
-6.338925875839139223e+01
-5.457787636571971746e+01
-8.402224667417277715e+01
1.194979004704573953e+02
1.129818794799843005e+02
-7.211314815076435991e+01
5.859137233984797888e+01
3.929877375185478172e+01
3.266858875366067139e+01
3.429539255154941202e+01
3.946338837769985020e+01
4.288238400154317986e+01
-7.690139534474582206e+01
-1.828561486514649914e+01
-2.539068130078734953e+01
9.504398320164688130e+01
1.109169168754793020e+02
1.037767169208319018e+02
1.054470299727450993e+02
8.557635286659930784e+01
6.393794661340130148e+01
-3.319666262276157198e+01
-2.598327808283841023e+01
2.018266816302606959e+00
3.585451292346892860e+00
-2.271902830049424171e+00
7.119874491664319294e+01
6.449871450981484600e+01
6.602848512653463331e+01
6.951016964985205959e+01
1.002125667585547006e+02
9.306005995330613700e+01
1.004680731394898032e+02
2.568545806359895067e+01
-8.192366711665757251e+00
-4.832431034505831668e+00
5.799600193722100983e+01
-2.564853596811364866e+01
-3.318244196556368308e+01
-2.955572065211456945e+01
-2.070534719006009894e+01
-3.636370679591119170e+01
-9.555948236034966570e+00
-7.148874987338936116e+00
-3.379312368565803837e+01
8.012590268444523645e+01
7.871284362687484304e+01
-1.015146368046829934e+02
1.532676256317411001e+00
-5.368526522324478911e+00
3.562216549136338983e+01
5.283664553686799792e+01
3.289245491154345302e+01
2.855209287825108078e+01
2.772780678814783073e+01
3.652076808581855261e+01
4.643049610919983650e+01
3.321632045572849279e+01
-3.809030883641497667e+01
-4.416671787391354798e+01
-4.402644207861448677e+01
-8.894880326007010751e+01
-8.085487388164025901e+01
-8.541125065829123741e+01
-7.438331536887416462e+01
-7.979520827821578166e+01
8.602816878416554403e+00
2.158611984491487945e+01
2.867295822141533890e+01
1.500540819310787128e+02
1.496776412392786142e+02
1.550306661949418867e+02
1.601835347337606095e+02
-9.031973204271058364e+01
-3.818931009010694311e+01
-3.225958697490946747e+01
-4.038175424288800031e+01
1.271869995958059008e+02
1.226159380163423975e+02
1.222334197118098018e+02
1.960928669016460901e+01
-2.548863045408180028e+01
-4.920223708486376246e+00
-2.714648641475188029e+00
-8.300358689827730174e+00
-9.050461723192857022e+00
2.592314922255348009e+01
-1.766123409592087867e+01
-1.777472238875149912e+01
1.082874918314557959e+02
1.091465405391775931e+02
2.651029545080051975e+01
4.053290364083490260e+01
-8.936538474627100825e+00
-1.424222770090099921e+01
4.082587887827506279e+01
3.407838111822236726e+01
4.209249113045942892e+01
4.657620094963594681e+01
4.912238163685613301e+01
-5.808978706694671246e+01
-6.455248143666895544e+01
-7.107972609523490348e+01
9.605877924289121950e+01
9.408453027719956197e+01
8.865666227167699276e+01
5.246999526199908814e+01
5.200053259537217087e+01
1.285711794572683004e+02
1.337179397832130121e+02
5.255595655572776081e+01
1.673215209393384129e+01
1.617349566885523160e+01
1.028839983946632941e+02
1.076774418530462007e+01
3.934187594239386954e+01
3.775461176951432662e+01
-3.772635748204773876e+01
-3.017362998297701893e+01
5.607214299819447945e+01
-5.363071350069377274e+01
-1.124390089441887994e+02
1.173172142531505955e+02
1.098415023245331952e+02
-5.748650662859981253e+01
-5.704617776875644353e+01
-5.330360612218395033e+01
1.184259155919084066e+02
1.129228349345013953e+02
1.237037847847383034e+02
-6.330279530845542979e+01
-6.949804180501440953e+01
-7.009622754484855989e+01
-6.614880036236914407e+01
-7.193023764175438828e+01
-8.682166191421299573e+01
-8.852414785082206095e+01
2.683754386715954121e-01
1.242225058590192971e-01
5.445334287239798066e+00
-8.528329579663424198e+00
-5.245128034318667254e+00
-1.205291611060949997e+01
-2.729994033953811083e+01
-2.002942750316345055e+01
1.326912785817698079e+02
-1.606380666484419919e+02
1.066415154459302954e+02
1.033212752240521013e+02
1.001058073752572994e+02
9.718935768628463734e+01
1.037014371789310019e+02
1.515641496119222893e+02
1.581184275621683071e+02
1.565244259597261873e+02
1.510609593879968884e+02
1.570049579352794922e+02
-3.786105800068842342e+01
-4.048957603990275800e+01
-3.367631022887808001e+01
-3.079074390922241022e+01
-1.392892150763427992e+02
9.074972377898890841e+01
8.074172111135479213e+01
7.902692998782427480e+01
1.270199494243711058e+02
1.284462666604667049e+02
-1.672698691212598021e+01
-1.814101287779853067e+01
1.667246017363220005e+02
1.663117957084947136e+02
1.625893122162279099e+02
1.546152668583851053e+01
2.139934671059157978e+01
6.341998302852302061e+01
6.000661421095009018e+01
5.803914162309329328e+01
5.196639937067479309e+01
5.327219025390640184e+01
6.063736185904504339e+01
8.571252985056239027e+01
1.072898838981939065e+02
-4.513307228486929290e+01
-4.009834303877102002e+01
-6.894475256410269992e+01
1.435084955909191073e+01
7.071830871694997356e+00
2.493224286577400972e-01
-2.326547333164706899e+01
-1.674964003182574146e+01
4.210726654293718241e+01
3.996311698490327302e+01
4.600769566359394247e+01
1.065315913010568067e+02
1.846472550690423020e+01
2.411992965293091018e+01
1.891835801830317010e+01
1.473102683813677949e+01
-2.545845664067755010e+01
-2.965667576818428941e+01
-2.243793947017746149e+01
-3.281574588545696258e+01
9.248093208382343278e+01
8.588626570526689363e+01
9.272144637042427462e+01
8.619787177095800246e+01
9.197071478064223982e+01
1.237518819620407982e+02
-1.483451703175026068e+02
-6.560737575744009398e+00
-1.071890032414659011e+01
-8.951391396987121141e+01
5.314765349203598888e+00
4.109430392808118881e+01
3.431205836476922855e+01
3.831844790646191257e+01
2.325725317318499918e+01
1.768148680506573101e+01
2.015067775797416871e+01
1.267610957509008962e+01
6.787386384621575530e+01
5.903056951488178328e+01
6.911765092008060662e+01
-1.035628175531200981e+02
-9.589019477335071429e+01
2.964326106631548896e+01
2.162327921109915962e+01
4.385034273324563259e+01
3.629597147909912991e+01
5.181411658315190039e+01
3.776507373036704962e+01
3.175206864985513988e+01
2.869410239657289097e+01
3.535401777991319250e+01
3.624127712219532071e+01
-5.134143439877784232e+01
-5.761815711853152777e+01
-6.054573846871448950e+00
1.236968116789439964e+00
-5.558104833451769977e+00
-1.095262059953869027e+01
-1.277900724926572984e+01
8.005762768280546027e+01
7.335493357848055496e+01
7.648006778007724904e+01
2.608250813838647986e+01
1.312608281313829934e+02
1.287834000118064068e+02
1.248698016023485025e+02
-4.307070402379291352e+01
-3.477212313337255267e+01
-3.574610802274533938e+01
-4.211012471741261720e+01
7.927733693126450021e+01
8.334693068464355292e+01
8.994500563605095067e+01
1.610937792684107137e+02
1.565992585207885952e+02
1.532184130829629964e+02
5.265815387071042153e+01
4.578595874198480686e+01
-1.674921482605766130e+02
-8.852785941049587493e+00
-3.616971800850449004e+00
1.446684526196517879e+02
5.887457672128009278e+01
6.522851741423657757e+01
5.123405966831340663e+01
1.441440400400913120e+02
1.474007029743328872e+02
1.488145958964838087e+02
1.408159963750846941e+02
-6.135582168399992042e+01
-5.475976930311205848e+01
-4.931521112438174725e+01
7.138931399492928875e+00
1.324316958597390936e+01
1.567912594449333952e+01
1.931354130760741938e+01
8.912480598898103779e+01
-1.447724724366391058e+02
-8.932148416930392898e+01
-8.353266650850952146e+01
-7.915230690151194892e+01
-7.714807738802091919e+00
-1.169235334267101045e+01
1.205301569869833056e+00
-9.105742178784321084e+01
-8.652767331871604028e+01
-9.321672625326853279e+01
1.651100027917512136e+02
1.570805894345247964e+02
1.534766523557887012e+02
-1.242130013170740028e+02
5.590817625022236825e+01
5.141212383274667275e+01
5.815160618738011067e+01
9.433754889112246644e+01
8.824907756259750613e+01
4.826776022498861352e+01
5.311073514724824918e+01
9.861169181860864796e+01
8.415631190987843979e+01
8.210010958945568404e+01
8.446444348054551909e+00
4.919844197702182065e+00
5.286965887020473431e+00
1.134043956175790981e+02
1.176072953964082046e+01
7.484351909103522438e+00
1.402151139935121016e+01
1.844877406531901087e+01
1.991537183639499986e+01
-9.907443860722702311e+01
-1.243176499298322923e+01
-6.536937104490467831e+00
1.717113674447490013e+01
2.206036471765202833e+01
1.488047404615637106e+02
1.436325308952596913e+02
-4.127956099817137670e+01
1.554419025746520049e+02
2.329815645521525980e+01
1.673771746617891054e+01
2.167474045644847891e+01
2.761107038638159139e+01
2.912709589903715823e+01
7.694697238514376636e+01
-2.555069548542057145e+00
7.330681387661383042e+01
1.154329835552005932e+02
1.187424967911769045e+02
1.303572428466364954e+02
1.341290666259197906e+02
1.401529390421302992e+02
2.808038014246506120e-01
-3.047036210043118132e+01
-3.717007150742851707e+01
-8.105111516975162544e+01
-7.355944226412383102e+01
-6.636327724264539540e+01
1.024573435915370965e+02
5.552394875682937680e+01
6.079389862622758045e+01
1.389247816310659118e+02
1.430974263240258040e+02
4.874411332409984254e+01
4.045021836972281903e+01
4.222494620073563709e+01
4.844248391703759893e+01
-4.281284919498487440e+00
-1.004325925540576980e+00
3.612343355220683350e+01
4.679457440274781987e+01
4.665231365172663658e+01
5.319574133622779755e+01
5.444023505748634051e+01
4.850539516281836683e+01
1.063940392662719034e+02
1.237364839769480938e+02
4.193578730193876680e+01
9.026987317283689549e+01
1.017490457253787071e+02
-2.680216956562719943e+01
-1.571139112300407037e+00
-5.183840245877567199e+00
-6.668769957112600366e+01
-2.240582382525260208e+00
5.762090858291464279e+00
5.000372046840723117e-01
1.522532530362946890e+00
-1.095100325977096922e+01
1.750122571649336933e+01
2.626035824410984176e+01
-1.226337431052109039e+01
-1.230965814899717969e+02
-6.079190204738908676e+01
-5.270473972877430668e+01
1.643327241170875084e+02
2.227870025700400092e+01
1.307197014075819084e+02
1.340438033924735919e+02
7.392919271002703852e+01
6.744211797468611280e+01
3.120595157037839940e+01
-3.037232552285150078e+01
-4.879882908829069166e+00
3.223354727960435895e+01
4.087969416927457189e+01
1.368937376622340878e+02
1.349294415789383095e+02
1.399237278560391928e+02
1.395233758569351892e+02
9.757934707657260276e+01
1.046178728981382022e+02
-1.214970179897092066e+02
3.058863073840219826e+01
3.263204930247371749e+01
-1.274425266167455959e+02
1.340418807249680988e+01
6.157635958997632386e+00
7.125602733330877570e+00
1.146060234087125984e+00
3.225989117880985191e+01
-4.689859401623356661e+01
-4.092909984405157786e+01
-3.975224974920501353e+01
1.447465669131250081e+02
4.559880182727731324e+01
1.578502442266855894e+02
5.449272475194996801e+00
1.282585563263085930e+02
1.239561280340429050e+02
1.451739792408583085e+01
-6.323384475701504215e+01
-5.689797157673036310e+01
-6.150876805439880712e+01
-6.737103497097739080e+01
-2.934475038349804166e+01
-2.242940604938451088e+01
4.062518808847593732e+01
-7.683284972406146274e+00
-1.352997956196331941e+01
-1.400068907361139914e+01
-4.722240148005918314e+01
1.703690395661716934e+02
8.697240404064828567e+01
7.820049141059766384e+01
8.067068486448184217e+01
1.568532244808729104e+02
1.529908303942241901e+02
-4.248906621324636745e+01
-4.988341736046567121e+01
-4.908940072169731650e+01
6.389008892292233810e+01
3.971946746353310687e+01
1.056943307205651017e+01
1.580874938523598949e+01
-5.720392810679889806e+01
-5.001536423451773317e+01
-5.053043046398582305e+01
-5.397696107435214685e+01
6.438381324442602249e+01
8.995900757773783596e+01
9.349019961629510078e+01
-7.822436359251520344e+01
1.168227564658863997e+02
1.107187877599174044e+02
1.157453261252065033e+02
1.212458288140219054e+02
-4.295962382532876234e+01
-4.986214467209107681e+01
-3.937582354519290817e+01
-9.833408121650907674e+01
-1.633788714244030871e+01
-2.374532792736956921e+01
1.224853958789413078e+01
-4.562353362350008723e+01
-4.117920192798899137e+01
-2.623543539323793805e+00
-9.080290395745576504e+00
-9.789713995341386976e+00
-1.652663630533620065e+01
1.020748209908795019e+02
-3.795714431246393872e+01
-2.979196080939384927e+01
-4.218803967544994293e+01
2.084717925031248953e+01
-4.130999244898691103e+01
-3.652176896582845700e+01
-3.438301805254158694e+01
1.090037154619381994e+02
1.200851191259896069e+02
-4.959400816672368251e+01
-1.242686624227737013e+02
6.500983621915396782e+01
7.081269046418067603e+01
7.579879580920049875e+01
7.517364049398643999e+01
-5.672905545268874761e+01
-5.124893119514354112e+01
-4.866799418665952004e+01
1.181726862161206952e+02
1.255511618176065980e+02
1.119767948933649961e+02
-5.592722563217373022e+01
-7.375818700072434808e+01
-2.138493405969713024e+01
-2.037099009839085895e+01
-2.809825295518452037e+01
2.549186206110598008e+01
1.789860584277413125e+01
2.708802607832648945e+01
2.119685410093018874e+01
-6.421065998075879122e+01
-5.834536770914680659e+01
-5.332971906775006232e+01
-5.031633145323142031e+01
-5.602250066321595767e+01
2.905507453263667017e+01
-6.264889715460053310e+01
-6.826679705748512106e+01
1.326635176884271914e+02
5.884967537186076925e+01
5.674450456697490353e+01
-6.177269515192271854e+01
-2.041147351195655091e+01
-2.654488579784830904e+01
-2.799447265517327921e+01
-2.177009906572412135e+01
1.420623836736839962e+01
-7.978965321664460042e+00
-1.116329823317966969e+02
-5.851865432542301626e+00
3.887402339924742023e+01
1.119350777143544065e+02
2.603573279103301985e+01
-6.947933685313698504e+01
1.213195410951258957e+01
6.054264883425115151e+00
8.048480162111557945e+01
8.938197046060982132e+01
2.416470537139552022e+01
2.219423431792244017e+01
2.867878371534128945e+01
1.608003257980621115e+01
7.514987267524530523e+01
7.357522134778795930e+01
7.614940981743410475e+01
-1.455842268525985901e+02
7.293188422686561978e+01
7.109381943561795936e+01
6.710795751997675040e+01
6.452821380318252409e+01
-6.273250952750409226e+01
-6.138333457564362305e+01
-5.554819246541065780e+01
-2.429376802602121899e+01
-1.780340626122720948e+01
-6.303361289039398230e+01
-4.437112634964464775e+01
-3.584244637770545694e+01
-3.283028249617664329e+01
-1.262301164686189026e+01
1.415036846168682132e+02
-3.388628524142586684e+01
-3.918410811912195868e+01
-2.641114334139442121e+01
3.605893063949273891e+00
-2.516790247946801884e+01
-2.642985959707996102e+01
-3.311360042890473920e+01
-6.217469667088202812e+01
-6.090719199185692645e+01
-5.998896810988274808e+01
-6.591960480566640967e+01
-8.095597164114830946e+01
-8.797674673889642349e+01
-6.627974658725690915e+01
-6.027264069492880338e+01
4.432405182597180016e+01
3.379567459045952660e+01
4.695851402369432037e+01
-4.847923326548652767e+01
-5.605264287457765704e+01
6.791852596208883597e+01
7.445939751260213768e+01
-9.726162713817470262e+01
2.069899599209600893e+01
1.410425005776802010e+01
1.388938917282114005e+01
1.656060985157504888e+02
8.671533914820422240e+01
1.473775823018961084e+01
7.849043325803434890e+00
1.427890747914286962e+01
8.482680919042149270e+00
5.596355035490203278e+01
4.519592449605153917e+01
5.294860071782448330e+01
4.699932329463504743e+01
9.461204735357419793e+01
-2.272379344259442036e+01
-2.733855323770830026e+01
3.838473163283600798e+01
4.974678468746750326e+01
1.781913463372167072e+01
-2.127539744591349091e+01
7.430406206981578521e+01
7.230443577773296226e+01
6.682664213970629419e+01
6.701433881971340156e+01
-1.540373671252915955e+01
-7.582332180009923661e+01
1.014632464150353002e+02
7.898641415558327594e+01
1.256081049644105008e+02
-5.939547242325446064e+01
-1.023080726851381961e+01
-3.764463108884112330e+01
-4.421828161671516000e+01
-4.673793319241695343e+01
-1.025583268886053929e+02
-1.058055905838021005e+02
1.227347016383960039e+02
1.180941043621724020e+02
1.223764971972066036e+02
1.216829403204340991e+02
-6.258187240301789700e+01
1.077728823089206003e+02
1.123579602469396974e+02
-1.710787624451328170e+01
4.636679100481158855e+01
7.482530297093333616e+01
2.584608906449480870e+01
-1.704863845703101077e+01
-2.133448015459966030e+01
8.760508602379309195e+01
1.683265891094619064e+02
-9.299131946917015057e+01
-8.415611920968822801e+01
3.500889438296199074e+01
7.825281080367435038e+01
7.727128549709618710e+01
8.423298841204390897e+01
3.005649477438172923e+01
2.654716927343832111e+01
-4.008210369957443220e+01
-3.953350737637062196e+01
1.680189939919112874e+02
1.705507952015105104e+02
-2.759848048272696985e+01
-2.150480637187784083e+01
-2.528237447053325937e+01
1.104493312834011931e+02
1.090764099838422965e+02
-3.220064067715981082e+01
-3.813402412240697004e+01
-5.023574888295401308e+01
1.473946303253062062e+01
-4.699001188313496158e+01
-4.220783594530836780e+01
-4.267878355973399351e+01
-4.957961082315789980e+01
1.331086919629495036e+01
1.155657566983981077e+01
-7.895870798243589661e+01
1.508735535476137954e+02
-4.481109357361165735e+01
7.081734085019378711e+01
1.382913209535848011e+02
-3.073577330161488064e+01
-3.602942221859949967e+01
-8.347251074751430622e+01
1.424251400772432135e+02
1.450617000296655874e+02
1.361337355437507028e+02
-7.814149572555747625e+01
-9.919509567332048050e+01
-9.443889724294329824e+01
-8.853162554113343674e+01
-8.633220037781509859e+01
1.517975432489263028e+02
3.248269455757178292e+01
-1.328931405598052962e+01
-4.792322872878482087e+01
-5.292495732779344308e+01
-5.522900089196250661e+01
-7.790967878524291734e+01
7.739916283025942789e+01
7.332576664849024439e+01
1.626166174653893108e+02
1.593097569544164003e+02
1.385447731249493053e+00
5.499924974702788205e+01
1.297250650680890942e+02
-8.061446754428347106e+01
3.181167915603684904e+01
-6.964311757570226291e+01
-4.883468411135518039e+01
5.918266396602908941e+01
-3.494944267283995032e+01
1.504231413942254036e+01
2.400336940796988117e+01
-4.456468392212855179e+01
-7.413719268310539690e+01
-4.219436318343822734e+01
-9.770920538174264891e+01
1.419536168046057014e+02
6.124534337755933677e+01
-8.603316151615183571e+01
-8.021329852080783951e+01
6.744362284328684609e+01
8.505946583187066423e+00
2.021818469386156991e+01
-9.497315989181298335e+01
-9.971122212344010904e+01
-1.059691768573760982e+02
-1.003480989911975030e+02
1.502245557005792023e+02
5.569037344233027653e+01
-4.136187001048190126e+01
-3.555910602443618274e+01
1.040772440918865982e+02
-2.169254811839190111e+01
-1.098268281253418976e+01
-5.105683226577688139e+00
-1.622056398107937980e+01
-6.334084146032699181e+01
-2.806585235825297175e+01
1.175399903415607916e+01
5.094288868425467243e+00
9.785919496679476026e+01
3.606293100454541989e+00
1.332427636988101938e+02
9.967296494988070776e+01
1.527993289015396101e+02
1.456806436447699866e+02
-4.511656545175816291e+01
-3.561818451287818732e+01
-2.015064982080513900e+01
-9.615273509791595075e+01
-9.031279538244130833e+01
-4.340204487057054905e+01
-9.853459645125519639e-01
-6.103721806608383149e-01
1.642037048413594036e+01
2.356499829259832168e+01
-3.025005801279050033e+01
-2.869571654193286037e+01
-2.259168484758436080e+01
-2.589518286623815158e+01
-1.802128679744443929e+01
-2.973059492050320163e+00
4.386465406502392739e+01
-1.047847595431481977e+02
-1.323845212611620958e+01
1.037679088483033070e+02
9.901266273228252146e+01
9.996389441529019848e+01
6.554103038341534671e+01
-3.681676169388521913e+01
-3.470425945750446317e+01
-1.671928510838574056e+01
9.370895255098746190e+01
2.642432051599185172e+01
2.695362625348293051e+01
3.497383539948580733e+01
5.438959253559581697e+01
6.015749794803181771e+01
5.691376052689089704e+01
6.387047962635313070e+01
7.688152589547233617e+01
7.183656251988399788e+01
8.190693639083602307e+01
6.657804807327063656e+01
6.355049377022687906e+01
6.068545814789145254e+01
5.772374320079452303e+01
-6.870411294885477105e+01
1.452506449263586887e+02
-7.576892272267654604e+00
7.304996537953785207e+01
6.688652365088960039e+01
7.180947805422405850e+01
2.196124969968701990e+01
2.662541407733820975e+01
3.594857245652926281e+01
1.550083243181236128e+02
-7.203944098084849657e+01
-7.328734454182482239e+01
4.896283469616624018e+01
4.887644445709646845e+01
9.468311601969773506e+01
1.294779488962969936e+02
-4.096819188798931322e+01
1.155242658874135060e+02
1.206897023489737961e+02
3.390362263063855153e+01
4.021199504105037903e+01
1.352222261073274865e+02
7.391698110532867361e+01
-3.400144458510415291e+01
1.290502725852321930e+02
1.423437876471726895e+02
7.708504562614432132e+01
-6.401548658032091055e+01
1.228620039465216962e+02
-2.917155677776483991e+00
1.299913501267755862e+02
6.908423312453325593e+01
-9.070744648716866720e+01
-9.404558310689498057e+01
6.944118150211112095e+01
6.748724616418445521e+01
7.495351653120798119e+01
8.064095759173370936e+01
2.027460859547899119e+01
-9.249862861078645082e+00
1.295900030026212058e+01
8.015190739078596494e+01
8.486015022750822823e+01
1.046545686224484939e+02
7.058050766736839421e+01
6.783653171735410581e+01
1.103623086111516045e+02
1.167297315368233939e+02
1.154225889960064961e+02
-8.914461193040187936e+01
1.294297183426303945e+02
6.855598149365238214e+01
-5.824914838916564008e+01
1.612332704314204079e+01
1.169511539981666033e+02
8.503308573916983448e+01
1.382610359255268975e+02
9.217577811153887524e+01
4.426800418173603902e+01
3.909046205956438769e+01
5.222205464362689753e+01
3.322717112136219697e+01
2.545615338778958048e+01
3.346102395194512269e+01
-1.066423675252311938e+02
9.637562865675461410e+01
7.628148585319569008e+01
-2.739691318634881867e+01
-2.797571819476168997e+01
-6.794363782201938307e+01
-6.843522928988174669e+01
1.474455341598282132e+02
1.461275087239947936e+02
-6.665575465662392673e+01
-2.748835429406594955e+01
7.758941926477669426e+01
8.246928533971296815e+01
1.452669122301026050e+02
8.856988955842261646e+01
2.805320001492061976e+01
-4.134670306486074054e+01
5.029894138739737031e+01
2.149291981654054950e+01
2.748544712839943926e+01
-7.270395576874831534e+01
8.445842876895281393e+01
6.056450041965452868e+01
2.207272584403905114e-01
1.390317005040132869e+02
4.543608378343643750e+01
3.853192604277752764e+01
3.955981130870492990e+01
-8.262782984325831137e+01
-3.271005457829301122e+01
1.256021693846300025e+02
1.146911809247074956e+02
9.485932108316397660e+01
8.768716275769844515e+01
1.460161505719084118e+02
3.641622251876005123e+01
4.260160519283618896e+01
-4.664526256776233026e+01
-4.652450292809565013e+01
2.768434367442394795e+00
1.008510489106063979e+01
-5.467249593258607376e-01
1.342219452318504125e+02
7.162588005995264950e+01
-1.587393033996068903e+00
-4.588328642184836781e+01
-4.121398352923414876e+01
-7.467872295320763953e+01
6.792548055157753595e+01
-1.513002800634481915e+01
-1.041824777934478021e+02
-2.330296568151344871e+01
7.026700232463784346e+01
7.689174091680092715e+01
4.618518865332276846e+01
4.947722549516190327e+01
-1.004980642557664936e+02
-9.566287493623930516e+01
-1.814162332790030874e+01
5.092004588432639878e+01
3.728532645891245778e+01
2.641840616009221065e+01
-2.407239654642646087e+01
-2.243021312011670076e+01
6.800556317638546489e+01
3.225910862317591210e+01
-6.727247909297927819e+00
-1.691266821857498925e+01
4.931030648864599897e+01
-4.124480670099558210e+01
-3.118053893003169108e+01
-1.622711581633928901e+01
7.284979159650991676e+01
1.400920339422864913e+02
-3.668150354785076672e+01
-3.082821554919728868e+01
1.383491018850455987e+02
1.315852806271124109e+02
3.778571608772511325e+01
-2.685772053069999110e+00
-1.014552518986961083e+01
4.420731063955984297e+01
1.516837451577081879e+02
-2.832888515633781878e+01
8.774883466577097124e+01
9.291716623474520986e+01
-1.932098058486907988e+01
4.565095450991034909e+01
8.832265444541275201e+01
-1.405082525543848959e+01
-2.458509668817757898e+01
-1.867221286316760853e+01
8.151917233096456528e+01
8.647955134193476567e+01
1.506430588956008876e+02
1.372809090935598135e+02
6.389091220313419228e+01
2.402401344902676072e+01
-9.453026710284376577e+01
-8.662490747916085354e+01
-3.445155239654120294e+01
6.998372126412124317e+01
9.097481612466579293e+01
-1.393237372239459937e+01
-6.049462831623903725e+01
-9.110403076396532640e+01
1.474555144150052115e+02
1.217388510019704029e+02
6.950920051270750832e+01
-8.903366217167321395e+01
3.254926820952476163e+01
3.246969773509255219e+01
-3.615311456151415825e+01
8.243769625656086930e+01
-2.171131957266151957e+01
9.818479764794575715e+01
1.201898725536098027e+02
1.045380483833428968e+02
6.568935893012591620e+00
6.177327641852338047e+01
6.608341834843137974e+01
1.029322282004616973e+01
1.748920437619732127e+01
9.700467783782299591e+01
-5.394818624782899263e+01
7.463453239358393887e+01
6.985556961496043016e+01
-8.924997251291300415e+01
1.370582034259377053e+02
1.312867933803258893e+02
-6.051862446849059296e+01
1.526210454020817906e+02
8.830993355842331027e+01
8.046852091383135530e+01
-1.400321150222987931e+01
1.019893525544771933e+02
-2.818052047585430842e+01
-3.458574914520055188e+01
-4.582580825642512679e+01
-5.897693223929582018e+01
-6.108257875835823114e+01
-1.796910762548878893e+01
5.394127271238399857e+01
6.582926032018538365e+01
6.353733808221542745e+01
9.675316490227493205e+01
2.899155387752290025e+01
6.417303887566156106e+01
1.455135497792952890e+02
-2.181840317556888920e+01
-2.480099789193970850e+01
1.389241794733505060e+02
7.367165298739078594e+01
-3.924536933825289253e+01
1.320911486403236097e+02
7.807757936455247716e+01
2.497684044281631088e+01
-1.813513263552765054e+01
6.120872483683587717e+01
8.915833243897000671e+01
7.272088911054443372e+01
1.479425214203374139e+02
8.023461659691909631e+01
-1.167177956982139975e+01
6.269840391462712148e+01
6.843251522662119157e+01
6.792686511828712526e+01
-2.327193118401937966e+01
1.446984417726935135e+02
7.161187946370878876e+01
-4.109539136008981330e+01
2.109574689776856005e+01
1.430822354732192139e+02
5.865884033567694900e+01
5.638387598467930673e+01
5.525022544806947877e+00
-3.145051564502913877e+01
-5.809325837286235128e+01
8.878233323246645625e+01
9.866992013226484559e+00
9.214563390274793164e+01
