-8.998558695971146523e-31
-8.998558695971146523e-31
-6.469497096564853359e-16
-1.293745253269458907e-15
-1.940229002531272967e-15
-2.586237121258185142e-15
-3.231595643654017014e-15
-3.876116303510163050e-15
-4.519591635976426238e-15
-5.161788904446363223e-15
-5.802442352069258717e-15
-6.441243333547057753e-15
-7.077827065775780617e-15
-7.711755153223011717e-15
-8.342490270448818025e-15
-8.969361707888375508e-15
-9.591514323544472291e-15
-1.020783145356787015e-14
-1.081681659684775002e-14
-1.141640192550915009e-14
-1.200362814856762986e-14
-1.257407819237829072e-14
-1.312082916523772955e-14
-1.363241178648968952e-14
-1.408872256689018037e-14
-1.445349068490465154e-14
-1.466695867218615981e-14
-1.466695867218615035e-14
-1.445349068490463892e-14
-1.408872256689015986e-14
-1.363241178648968006e-14
-1.312082916523772009e-14
-1.257407819237827968e-14
-1.200362814856762039e-14
-1.141640192550912958e-14
-1.081681659684772004e-14
-1.020783145356781020e-14
-9.591514323544434426e-15
-8.969361707888340798e-15
-8.342490270448791204e-15
-7.711755153222969119e-15
-7.077827065775729341e-15
-6.441243333547027776e-15
-5.802442352069239785e-15
-5.161788904446333246e-15
-4.519591635976407305e-15
-3.876116303510144906e-15
-3.231595643654013070e-15
-2.586237121258204074e-15
-1.940229002531267051e-15
-1.293745253269442933e-15
-6.469497096564912524e-16
-4.118875588797426701e+01
-4.061015250365748130e+01
-4.432401041232569128e+01
2.583067482974168172e+01
2.306819709652656059e+01
2.007665718850213921e+01
2.860373052245213898e+01
3.092761829420387087e+01
3.499557483697280702e+01
2.949727479511095041e+01
3.023346765933684921e+01
-5.409024150908638262e+01
-5.494763952028814913e+01
-5.314973046862819928e+01
-5.501600562432766850e+01
4.269085470890127709e+01
4.197497025544492288e+01
4.549503513850942227e+01
3.900190839810250765e+01
-1.663568572626984121e+01
-1.953820097760456065e+01
-2.281978678041588893e+01
-8.059087681968129857e+00
-1.297058706958529051e+01
-1.499414357392982922e+01
-1.219506928040961036e+01
-3.524661043644522351e+01
-3.802207866189797159e+01
-3.419639939443509746e+01
4.328940005610700581e+00
6.153311375335633215e+00
-3.769365194559605925e+01
4.210262617507005700e+01
4.588505751670828658e+01
4.413181187268772021e+01
4.866705885072197901e+01
-5.939621971978755077e+00
2.669788899611473099e+01
2.442909498458337936e+01
2.877827372183303112e+01
1.674542144350142081e+01
2.591568190471456035e+01
1.905781850222385998e+01
1.969427745183584832e+01
2.691928796488562980e+01
-2.578095300836323034e+01
-1.855091894354310966e+01
-2.304213532491500871e+01
1.148295865009957062e+01
5.439849454457869271e+00
9.262741275654787998e+00
-1.794451229550237059e+00
-6.802919268654196827e+00
1.164348476741617899e+00
6.732272402991297255e+00
1.018231061965114925e+01
2.981015323388305216e+00
4.890977893179207392e+00
-7.197478185407532258e+00
-1.915489599727552061e+01
-1.832935620832812162e+01
-1.320683397229906042e+01
-5.998763940356761282e+01
-5.962597166506274249e+01
-5.986057447650774321e+01
-5.972869278553135786e+01
-2.411605929788403913e+01
-1.760286949876267926e+01
-1.918565858915392042e+01
-2.293597709694740061e+01
-6.233750617001530436e+00
7.421705317046269901e-01
-7.006767498691977014e-01
-3.744254691066385732e+01
-3.544088311114781220e+01
-3.396689435393801659e+01
-2.711298833291892052e+01
-3.162527682385726990e+01
-3.000008817389025850e+01
-2.666081807601645082e+01
3.379467269525221695e+01
3.146553840211401010e+01
2.743890048715849872e+01
3.255400406438108973e+01
2.885482135008316007e+01
3.510098959612138003e+01
4.841008580592666277e+01
4.603212189536220222e+01
4.636080932802639865e+01
4.401481631397658134e+01
3.280963248001285137e+01
3.213296663795897956e+01
3.557439775887809930e+01
3.312670688590358736e+01
-9.336426777662101273e+00
-1.654545411746586936e+01
-1.200830187465700050e+01
-1.828023941293696097e+01
3.701038430746348240e+01
4.058750464723060247e+01
-4.122482734107892810e+01
-4.394811802751136298e+01
-4.215011240170483120e+01
-4.519626381330016329e+01
-5.128231028948270165e+01
-5.179813632824310332e+01
-5.380662753223168693e+01
-5.386595054969502883e+01
9.119699127985310128e+00
7.779279291260457363e+00
1.299981862458261972e+01
1.127148139359736945e+01
1.302919234235412027e+01
8.402865575141708732e+00
4.818025670410249717e+01
5.059234432763275890e+01
4.935238314575323670e+01
4.919195042684211927e+01
3.767092944193600346e+01
-2.629549791588967977e+01
-3.353390879282797243e+01
-2.813933759525356137e+01
-3.259302057340786263e+01
-2.082100101812141091e+01
-2.080023343712676009e+01
-1.332602255225006971e+01
-5.093463771295987819e+00
-7.756140314496187571e+00
-1.190956911908443061e+01
-1.262498294065001936e+01
-3.488057521717463771e+01
-3.946462407800542849e+01
8.656016339476916954e+00
1.347230588929859074e+01
1.381470264989316021e+01
-4.056594776543582270e+01
-4.525055083786293864e+01
-4.107440825952330243e+01
-4.393266045190085833e+01
-4.453451599150133688e+01
2.235145944181529032e+01
2.103248306271105861e+01
1.654618780671690104e+01
1.358199654435405002e+01
-5.189873812673034337e+01
-4.792460082535055932e+01
-5.246158861415334940e+01
-4.914293157915869159e+01
4.347874163485065679e+01
4.214516383673441169e+01
4.059883668346083851e+01
3.873403462317345713e+01
1.037248151555042952e+01
5.938907017237296415e+00
1.097216927772108086e+01
5.172859088764787394e+00
2.208012679706970971e+01
2.532134955785999963e+01
2.862400129883560140e+01
1.937927934500196869e+01
-4.361631738369091948e+01
-4.823606105150604861e+01
-4.431745324731532065e+01
-4.438447417020348240e+01
-2.331662548413774871e+01
-2.815569690407815884e+01
-5.209916844520689239e+01
-5.254780494668668211e+01
-4.935941052857719313e+01
-3.709134313698078245e+01
-4.237549458417942105e+01
-3.951602965895023800e+01
3.373925801831718729e+01
3.372202420620686780e+01
2.955154605084022990e+01
-4.780910655878324178e+01
-4.976690992726730656e+01
-5.038882302033386651e+01
5.079167599105878672e+00
-4.831168231841034100e+01
4.650895144493428290e+01
4.457634343355206852e+01
4.673662621516096038e+01
4.892209597295887136e+01
4.815947475488604113e+01
-4.135513499403881355e+01
-3.692598209054312264e+01
-3.845079296985009165e+01
-3.430905121381246659e+01
-3.041661308656657070e+01
-3.252023456291321679e+01
-3.634060157200092789e+01
-2.737953734048359067e+01
-2.456209858855845951e+01
3.878884480685856317e+01
3.216836343017244815e+01
3.546257919238203016e+01
-5.209409820704647132e+01
-5.026605687628492802e+01
-5.093229940992220861e+01
-4.818941634099167004e+01
2.022348488610835915e+01
2.336629248305287021e+01
2.531436653217977906e+01
2.870650132695567081e+01
3.794538316333225225e+01
4.087610593071813270e+01
5.027821607734834686e+01
5.181200309107875057e+01
5.037392863265780107e+01
5.198073351374179651e+01
-3.023602411912785115e+01
-2.777500186566791029e+01
-2.565129766122479893e+01
-2.692474865478175161e+01
-2.257432457508749124e+01
-4.425528846723612730e+01
3.816158384068174314e+01
4.356320581704235195e+01
3.767225128536870216e+01
4.080716321774224298e+01
-5.006386129912679195e+01
-4.897742688949463030e+01
-5.041720397184914759e+01
9.785202546067177209e+00
4.135581848063329957e+00
9.731065238450614885e+00
3.855680257304614056e+00
-1.302353943063051966e+00
-1.879277577488689843e+01
-1.701066366924187889e+01
-2.222040185207596963e+01
3.476443508021864659e+01
2.910086160217905871e+01
2.960435610885089019e+01
3.569644188844947053e+01
3.190640744347579982e+01
2.702744863922456986e+01
-3.580506796487802035e+01
-3.876429961654501000e+01
-4.051220499194182878e+01
-5.632731446270337017e+01
-5.475118640331466935e+01
-5.541817551110241880e+01
5.029301367928830757e+00
6.707871147105032961e+00
1.120042254930040038e+01
-4.488433013207694700e+01
3.796214552558014788e+01
4.110198601102276683e+01
3.576077432603005946e+01
-3.590094989100334999e+01
-3.727461266905970660e+01
-3.192177073785018848e+01
-3.376580006532927314e+01
-4.454288910473206187e+01
-4.073829814500969349e+01
-3.859935444489382661e+01
-3.322855295661832997e+01
-3.103787194943231853e+01
-2.895170901324311075e+01
-2.490501282456817123e+01
-2.422007988004122936e+01
2.421676509633693897e+01
-4.057208333356968666e+01
-3.858989727663684732e+01
-4.296011165548328847e+01
-9.813021584579169954e+00
-1.423117460874636997e+01
-6.743401789013756975e+00
-7.454422006705035741e+00
-2.592277996913104943e+01
-2.674641525237823103e+01
-3.064720081522148121e+01
-2.205352236364391061e+01
-2.108167671923269992e+01
-2.241092172206633037e+01
-2.534354370467521989e+01
-3.029768645303802899e+01
-3.086853487681797148e+01
-4.286594199243292280e+01
-3.740570518018036239e+01
-3.993372930604476068e+01
-4.152207295329812098e+01
7.326237463794038618e+00
4.994231779869658716e+00
1.075291540467462958e+01
-6.308571415248222181e+00
-6.664333901851962061e+00
-1.113607777175503966e+00
1.794028378981879968e+01
2.285644410042801056e+01
1.944607305348084125e+01
2.737749700778271134e+01
-1.255833395179874934e+01
-9.842266249000043710e-02
2.765270817707117956e+01
2.557372175702987960e+01
2.304461072153407031e+01
3.356492065474107278e+01
3.075657440326115122e+01
-4.725712500007980310e+01
-4.384020154811069148e+01
-4.465188370687246788e+01
-4.043219717500326738e+01
-4.249115129772839339e+01
-5.240148887187397264e+01
-5.379413898369647029e+01
-5.258815611866830153e+01
-4.399541032897778337e+01
5.480364067870331013e+01
5.580113749330308082e+01
5.370647339945809051e+01
5.524105658260838680e+01
4.351585585339294227e+01
4.443810751241822743e+01
4.596670567483530334e+01
-4.035426412864474344e+01
-4.403011077785704686e+01
-4.022714306578963317e+01
-4.361443123926743226e+01
-3.348449671617127876e+01
-3.311927293582824916e+01
5.315684136666525283e+00
9.524152475423738551e+00
1.127479012103692035e+01
-5.117620724566003787e+01
-5.138666274190701699e+01
-5.378102070018034908e+01
-4.775730695613516730e+01
4.774811341614516813e+00
1.790434000747934107e+01
1.198668929708517084e+01
1.716303460493546851e+01
5.633789986057148269e+01
5.378739846798440283e+01
5.338972719722328719e+01
5.621120197555853082e+01
-4.475968828431275170e+01
-4.280613746470645964e+01
-4.610921127056536051e+01
-4.477439397627664164e+01
-3.952727151572918984e+01
-4.236083507641446744e+01
4.444441382214805003e+01
4.688292656762995847e+01
4.245089959451809847e+01
3.902924943517926692e+01
3.688410821603302736e+01
3.497971646119294320e+01
5.195467374278060824e+00
9.600581789989599102e+00
1.247064103808038915e+01
4.755967663244373256e+01
4.250570091409821316e+01
4.071053757166267673e+01
-4.602554419485632309e+01
-4.266627276532180701e+01
-4.793386546320097352e+01
-4.491833653790200742e+01
-5.616089210834815759e+01
-5.732300212481560209e+01
-5.762650743330223690e+01
4.644388032003114120e+01
4.528493919635150178e+01
4.867840696527238009e+01
4.336811940840661350e+01
-1.267159791590879081e+01
-1.332169326377274921e+01
-1.873423209828954938e+01
-1.977578272628559120e+01
3.390610310908392222e+01
3.838507754142757733e+01
3.841939946597801736e+01
-4.015008671855706268e+01
-3.191021081939519988e+01
-3.458697192367267803e+01
-3.764822663235830902e+01
-3.588229666916228666e+01
-4.991377315866751729e+01
-4.867510293149967993e+01
-4.573901448192722086e+01
-5.263207409074922083e+01
-5.427121327059966660e+01
-5.375685713994563741e+01
-5.157677172359696982e+01
-5.347132930900649228e+01
-5.402483918330108992e+01
-5.201014210494030010e+01
-5.040373006138040068e+01
4.344373026469023102e+01
4.424256989565240872e+01
3.994474850448855818e+01
4.754553061698762662e+01
-3.063588195321143104e+01
-2.536803464299734046e+01
-2.795989806109223963e+01
-1.362672691806661085e+01
-1.685211541693384873e+01
-1.032957055159551985e+01
-1.695580539597709091e+01
-1.220271714193935964e+01
-1.777094785427722101e+01
-1.336897599934282965e+01
-1.908483497320031930e+01
-2.260543107348307856e+01
-2.091802660418652948e+01
-4.328870265342491308e+01
-4.188138597088644843e+01
-4.453869683637058330e+01
3.797374602285285761e+01
3.469023604260883786e+01
3.776495008837346745e+01
-8.340333052596651697e+00
-5.121949280039519437e+00
3.248458435322884696e+01
3.545380146320132297e+01
-5.603249792294736409e+00
-5.931321823044940267e+00
-2.259628251946039157e+01
-1.754041826091370027e+01
-1.926524912477539075e+01
-1.853534740983328888e+01
1.057193094404346034e+01
1.341652106765091013e+01
7.889016779803344370e+00
9.603976595343784339e+00
5.917594603858144353e+01
5.938575044819035043e+01
5.988266163571522327e+01
-4.662142952240855287e+00
-1.144431841573732989e+01
-1.159317177759544926e+01
2.336417840215698050e+01
2.828424479464231922e+01
2.776107536641542950e+01
3.072737182404759082e+01
-3.047738470838335090e+01
-3.054259986995537091e+01
-2.653298111613100119e+01
-4.719680152999958267e+01
-2.358403448843958117e+01
-1.698128510203068942e+01
-2.176631506604383048e+01
2.068046149294384861e+01
1.575964966213236984e+01
2.336176794142881974e+01
-5.412482795094698318e+00
1.587857434625238007e+01
3.384147641915289739e+01
3.066208386569583055e+01
3.238155166957044173e+01
-1.681759684608308092e+01
-2.383740505882017047e+01
-1.925434988899150923e+01
2.303082868376110071e+01
-5.224639361492558720e+01
-5.062265555565152653e+01
-3.443140639571579698e+01
-2.767754051495661116e+01
-3.213823209175218665e+01
3.675802999223269296e+01
3.579087968681596266e+01
3.905362978230306226e+01
3.887141344871599813e+01
3.188580573527886131e+01
2.951173259911585944e+01
1.255654560349351989e+01
9.969420662415988232e+00
1.630586950114910039e+01
-5.236567652054659305e+01
-5.070250785244527236e+01
1.045240708676531050e+01
1.627711904582968927e+01
-3.047702656175943048e+01
1.291265582773968923e+01
1.260820959293164023e+01
5.981224875018397391e+00
-3.982398402511027768e+01
-3.529939557522727256e+01
-3.543497392312222161e+01
4.276768491591064425e+00
1.743510677703432066e+01
-1.792330732854130915e+01
7.221401136078444694e+00
6.503062737740848753e+00
-1.274554337817023963e+01
6.545023803835177567e+00
2.824175067983491161e+00
1.645916851950463000e+00
-3.482124976600743338e+01
-3.603825293749345349e+01
-3.017467764094255855e+01
1.076899106487820035e+01
5.791429457459879693e+00
1.137532171521218949e+01
-3.033172218845819046e+01
-2.987916424005934957e+01
-2.799379624660157972e+01
-3.232571972120364734e+01
-8.551363550497390165e+00
-1.368236430904481971e+01
-1.825451370348557134e+01
-2.094483319595624948e+01
-2.352961271773263974e+00
-4.930014877855560229e+01
-4.624281064874122649e+01
-4.774000361836389317e+01
5.640126375349387189e+01
5.338202563537485901e+01
5.497979507572517122e+01
5.383681102242338312e+01
-3.573800093445976245e+01
-3.917730803321911282e+01
-3.746504513460263297e+01
-3.940470354354931004e+01
-3.643903160541056252e+01
-3.513320981303891699e+01
-3.748974701462722692e+01
-3.432136115486125050e+01
-9.934154508922663496e-01
-6.009943348041391964e+00
9.786421133408390816e+00
1.353142115538802059e+01
1.815104293800226998e+01
-4.768164869298976427e+00
-7.827747506075045436e+00
1.406191475155853965e+01
4.927839331325476735e+01
4.897109622216755298e+01
5.052808347964631253e+01
4.762071273544648875e+01
4.700793356498393649e+01
-1.721840628102290083e+01
-2.458463787431184855e+01
-1.911317503744517055e+01
-2.084505096312675931e+01
-1.590567787725236037e+01
3.354250769207492056e+01
4.173593506190030666e+01
4.457696273700196343e+01
4.523351713742015079e+01
5.046380022661408304e+01
4.788456793658347266e+01
5.148221617460998090e+01
-5.674280212638713294e+01
-5.617787689403130713e+01
-5.695463210487051242e+01
-5.588449773587603175e+01
-4.414496950927952668e+01
-4.198652087999185767e+01
-4.066790945248389733e+01
-4.390110387643277789e+01
4.934319023170444751e+01
4.731949823016263679e+01
4.509651814173675888e+01
4.268167100744042131e+01
4.522992372410163142e+01
4.557529647894497771e+01
4.164926417226163302e+00
3.636234251506051152e+01
3.540346705658801341e+01
-3.818786191377124339e+01
-3.716136190530715311e+01
7.534186968545305341e+00
1.847791783190336901e+01
1.802376324286258935e+01
1.317167954123108053e+01
2.350313724304458063e+01
-4.328210354092119871e+01
-5.429177020218080685e+01
-5.552937105770198656e+01
3.658502911147615322e+01
1.666248790170498983e+00
-8.360727312797087141e-01
-3.704719151670845090e+00
5.899921009681895256e+00
4.275448952486333276e+00
4.142753595411033274e+01
4.245713358806590065e+01
3.966911360156883148e+01
4.020799878383345316e+01
3.729884143252157713e+01
4.381221018797351263e+01
4.131748169146730731e+01
-1.100120099279341979e+01
-1.187054228683502011e+01
-3.410621751999079265e+01
-3.546095472055520759e+01
9.959022585707694830e+00
1.079759262804073927e+01
1.563055668551018051e+01
1.627784130973492083e+01
3.741562690422573922e+01
3.898773465870507238e+01
4.194806201168911031e+01
-5.573710961248586671e+01
-2.784783448076563062e+01
-5.143695383128059717e+01
-5.178813731908137186e+01
-4.869017563229792245e+01
-4.821566159034985333e+01
-4.481144676576772667e+01
-3.425541836247003857e+01
-3.354079489592287189e+01
-3.060381638709970176e+01
-3.590363033772335655e+01
-2.224262022153371987e+01
1.895586866534847914e+01
2.504758039722968022e+01
2.236982334405977113e+01
2.860348081823343946e+01
4.164402333922974009e+01
4.412716718618651868e+01
-1.603627101182878079e+01
-1.197999090933146071e+01
1.774926329566303096e+01
1.687973855482784913e+01
2.292640413416829048e+01
-1.761788643935691923e+01
-1.913836284488051120e+01
-1.211125533321856018e+01
-1.432598688508313067e+01
3.794485243306186106e+01
3.723129427962989269e+01
3.334455574432494274e+01
3.170756482008160049e+01
3.591373015639688049e+01
-4.855911748131398298e+01
-1.694337912400715140e+01
-2.293688647359941157e+01
-2.061472460353117953e+01
-2.028847664962449926e+01
-1.363879876256192958e+01
-1.609403922828187916e+01
-9.454744012715854851e+00
-1.309944836631641074e+01
6.199835724261338221e+00
5.694333849653985702e+00
1.247966052091580025e+01
-3.856197888323317780e-01
4.509597865763501190e+00
6.266722680383261412e+00
1.175022357411475937e+01
1.300077472272666945e+01
1.335657363803995956e+01
6.611517901487298232e+00
6.399169619663340747e+00
-4.247059819116925894e+01
2.687960088291444904e+01
3.006615887043615842e+01
3.259930939724512911e+01
-2.961342736208710136e+01
-2.081124396919043917e+01
1.988483315748058899e+01
2.356531654140824017e+01
1.800159906482837968e+01
1.990900975988099120e+01
2.485830292850366874e+01
-5.041453420530753249e+01
-9.376757290306706238e+00
-8.101238801107227161e+00
3.758471168148984987e+01
-1.929714089987730086e+00
-2.419684511562254947e+00
4.594669406371796327e+01
4.053315351484594231e+01
4.553820012188477051e+01
4.215015927533747941e+01
4.644633594346964856e+01
-3.241070577690781818e+01
-3.222353224283600781e+01
3.721536051729005035e+00
-1.424769485630701027e+01
-1.944338850176653111e+01
-1.837483771692177825e+01
-4.530318264777469039e+01
-4.279612213946190735e+01
-4.620654516752558294e+01
2.227020868224963124e+01
2.845635018925962001e+01
2.836366471367211872e+01
4.442602789162589261e+01
4.610084708043117985e+01
-1.334129232781920038e+01
5.382626535673465185e+01
5.319499841742680246e+01
-4.802907055567335703e+01
-4.771142063692730062e+01
-4.977365391203309031e+01
-5.496001096956533161e+01
-5.583180498980470219e+01
-5.679564168219697251e+01
-5.015826697445074700e+01
2.719885334930621923e+01
2.397696668372806883e+01
-3.785351123718608335e+01
1.379181682873299053e+01
1.489304329734389043e+01
1.011673711294965017e+01
3.318458174305064290e+01
3.454071537622272103e+01
2.823936243869273000e+01
2.915640811841173985e+01
3.179910788605528893e+01
2.524364079426097973e+01
4.922140041386109743e+01
4.972200370326989116e+01
4.725468638108289099e+01
4.684200954181992671e+01
-5.864121051862576195e+01
-5.935325986597994330e+01
-5.972638472418592670e+01
-5.895982797744156301e+01
5.028261361954002240e+01
5.203910285517000744e+01
4.040177387802521025e+01
3.716246913581016287e+01
-4.701554685406328815e+01
-4.752737656417220080e+01
1.982320248153548903e+01
2.150013889445159876e+01
4.704793494173092938e+01
4.726546591864278923e+01
4.427996066633065197e+01
-4.672258789363092291e+01
-4.523171743015222290e+01
-4.391469267949400290e+01
-4.732177719602260879e+01
-4.794428190499355935e+01
-4.876413265353593118e+01
-3.443954183254445667e+01
-3.785598083590539886e+01
-3.051362354171600089e+01
-3.204527553928709693e+01
-3.503448850368285861e+01
-1.551368200326736968e+01
-2.073297858247256897e+01
-2.074297248830984941e+01
1.757718540176905009e+01
1.456091025023622976e+01
1.950682218598344164e+01
-3.344833156094625792e+01
-3.948806762525354941e+01
-3.678920662043484668e+01
5.450911343375098284e+01
5.077501348015690752e+01
5.186425586858226922e+01
2.056941925420386141e+01
2.519961137293931941e+01
1.801787027796558149e+01
-1.798383377843629916e+01
-1.157410270589551970e+01
-1.445825786736775953e+01
5.010225715990932827e+01
5.163163259562696084e+01
5.208103446125291214e+01
4.948623504489059854e+01
3.054639211888095840e+00
-5.402637000452759963e+01
8.723575374164939333e+00
3.711065404797929901e+00
-3.648589536385112808e+01
-3.295893909064501770e+01
-2.560663839442378986e+01
-2.506725975465145950e+01
-1.978505818700872965e+01
-3.041842428621820105e+01
-2.741195263284987860e+01
-3.349618176782379209e+01
-3.138194257889427163e+01
-2.164755038166822843e+01
-2.734547146023485098e+01
2.561787697237033967e+01
2.391134455495447853e+01
1.728925249484144899e+01
1.028805001538479935e+01
4.455170619672307097e+00
-2.286372046371050004e+01
-2.396399458775545099e+01
9.904618564553915760e+00
4.431316972224948358e+00
-2.543882841310369969e+01
-2.562662404891196033e+01
5.057880490176779986e+00
1.204285780662137917e+01
6.227974458560698423e+00
-3.458669670682247244e+01
-3.906985529995102269e+01
4.499419816049090315e+01
-3.832191605240347343e+01
-3.379243688034375026e+01
4.855977149961530159e+01
4.726150651876959330e+01
2.483279758362413148e+01
2.675416761624531858e+01
3.094425224189776102e+01
3.253709607101973944e+01
-4.001848244986612002e+01
-3.630262799071392266e+01
5.559715784265160110e+00
5.576936079480990571e+00
1.199790718704755932e+01
1.112098527389875002e+01
3.218839087369966734e+01
3.532194886094747233e+01
-4.728078226506333692e+01
4.882864455737696119e+01
4.161062729242774338e+01
3.694114090221346203e+01
4.151567633338537178e+01
3.737864206500520226e+01
3.689787389694301822e+01
1.951812125970016965e+01
1.556982573060506958e+01
2.119780904052716153e+01
4.943346601498404880e+01
5.255429500160992262e+01
5.066088778175964080e+01
5.351955430943080216e+01
5.031929388439659334e+01
3.212637212768414940e+01
2.656546466158320996e+01
2.943800110810274973e+01
-4.516332595290177920e+01
-4.643355451985458160e+01
-4.456760185909998029e+01
-4.828069573329734254e+01
-4.580766633892491058e+01
-4.593319459434823671e+01
-2.576376292294006021e+01
-1.513137960262294079e+01
-2.168995809402057873e+01
-5.733870436208120225e+01
-5.821855560705346733e+01
-5.707620559520754711e+01
-5.866416680260571326e+01
3.980820263519480307e+01
3.831247418968803231e+01
3.953106055242407280e+01
1.815730794906582091e+01
1.475974150249740013e+01
2.182213239741084010e+01
2.608664849018094145e+01
1.549519579271533054e+01
-1.721678006928105020e+00
2.945429755989101839e+00
-4.449882460416696439e+00
4.945889626270123784e+01
5.004427830422007872e+01
4.581752158750300907e+01
5.036886923384351888e+01
-3.054080929748415940e+01
1.307171720747986043e+01
8.545750172925767885e+00
1.157024786804429972e+01
3.282406984440756759e+01
3.802350080804819754e+01
3.534105901294508811e+01
-8.380264536249592666e+00
3.417509615361763053e+01
3.756208458333244948e+01
-6.780706343402068903e+00
-2.633358801344911981e+01
-2.940735933393973056e+01
-2.351312367461617114e+01
-2.377596799055088894e+01
5.258623323344829714e+01
1.885295558222938084e+01
2.490322456756945968e+01
2.452487939704595021e+01
1.836369971284998925e+01
2.072379562750620963e+01
1.663659018493533992e+01
1.244366971491604978e+01
3.299289973534809128e+00
-7.486335577292395627e+00
-3.708548846831168921e-01
-5.073207909834449580e+00
-1.149183254411831001e+01
2.690427223876676877e+01
3.025306170344919110e+01
2.576096281126330112e+01
-1.623961538984260988e+00
-6.556079207802371300e+00
4.727260626891677808e-01
-1.336481995327540062e+01
2.337332395790539863e+01
2.444368732058268989e+01
2.901851107081618864e+01
2.795749684307574157e+01
3.187083487081471844e+01
-3.757682448241739337e+01
-3.355789516601475242e+01
3.431143644529044678e+01
3.594633093995206963e+01
3.226245620279990334e+01
4.279009288365887897e+01
4.683503214565865136e+01
4.487727735503597160e+01
-2.553827321741745848e+01
-2.350739751000480027e+01
-1.972810835839116095e+01
4.828151656976022821e+01
4.687014624041756150e+01
-2.455528996222042082e+01
-2.932427418311161915e+01
-3.052141906699814911e+01
-3.429490594256706260e+01
-2.562358735841786128e+01
1.949435518998426176e+01
1.814546013173330152e+01
2.350443642715281101e+01
3.107897620524574833e+01
2.735687199069250042e+01
-5.313263696416398396e+00
-5.080715508666932223e+00
-4.359165822851996808e+01
-3.867755195537154123e+01
-4.242862087340863297e+01
-3.759388919839788201e+01
-3.445156153897624307e+01
-2.418974456425645059e+01
-2.175278366843177125e+01
4.365127711802725941e+01
4.232327506880074708e+01
-1.764716968762244065e+01
-2.321348383511801927e+01
-2.221620031736009082e+01
-1.690795842218761891e+01
3.768939576929989244e+01
-1.147274041822167945e+01
-1.454713038688788984e+01
-5.316676146023939253e+01
-4.989236564626831694e+01
4.802920621977275317e+01
5.229312782835066287e+01
5.099725668737436735e+01
-3.435841786655787189e+01
-3.082441687683677856e+01
4.929736198526620683e+01
4.183425397492710829e+01
3.169137655268562881e+01
-2.237826549979434887e+01
2.220410901449513830e+01
1.841164477670599098e+01
1.982452598268820054e+01
1.505875174161615071e+01
9.229835823817609253e+00
4.292294902824425940e+00
1.257434540679141044e+01
9.157708681034968379e+00
3.276001651852207885e+01
3.543415158649011687e+01
3.685032443333494712e+01
-5.383200075718336919e+00
-3.363349499301290013e+00
-9.051134176699394018e+00
1.094934166311821944e+00
-2.943020098636765880e+01
-2.409781380805307904e+01
-2.763851573068141931e+01
-9.769950060156022964e-01
-1.911626447257513073e+00
-1.916478954882229147e+01
-1.762857909495734887e+01
-1.207274702932731003e+01
-4.512684564101002138e+01
-4.146399329289258873e+01
-2.244650032494056902e+01
-5.674425531764378583e+00
-5.128368642510552355e+00
-1.138399438028273991e+01
2.275605661860582885e+01
4.061556194461743274e+01
9.828461887914899719e+00
1.539501283714225011e+01
7.474007149945474993e+00
9.195947979642699721e+00
1.428160883490994060e+01
8.345305103757453935e+00
1.411690997166838990e+01
-1.823436033472126994e+01
-1.772706024186657103e+01
-1.339946607584630023e+01
-1.279510169183840063e+01
-1.486092973896431957e+01
-5.917921935726487703e+01
-5.812278085220437873e+01
-5.865539938250599761e+01
4.904536513102633677e+01
5.044151623375532267e+01
5.220035898616566783e+01
-4.820032360849617703e+01
4.727332697896139990e+01
-1.717205844789495828e+01
2.098056310902463029e+00
-4.618634301465171887e+01
-4.784983059921489712e+01
-4.415509937615100711e+01
-3.772201824242109147e+00
-1.392345687148567990e+00
5.424453841943500443e+00
-2.965678092652791875e+01
-2.649915321695252857e+01
-2.346052237282901132e+01
-3.921681514181007344e+01
-4.374303742541351880e+01
-4.244959349648914326e+01
3.400726893845445176e+01
4.442155665442957257e+01
-3.840156625386025091e+00
-3.443650180175941244e+01
1.815960002791995009e+01
1.686578754889761100e+01
2.265844983309704830e+01
2.037522844408290013e+01
5.875475561772149291e+01
5.764377209217008158e+01
5.852915162469187749e+01
5.761600966444976279e+01
-4.064833764104719904e+01
-6.073127085951192328e+00
1.630711914859735145e+01
1.750455566269193142e+01
-5.799906766654270740e+01
-5.717570413673738727e+01
-5.692672361900269351e+01
3.246097007583359328e+01
-1.426751357744639925e+01
-2.656998189141789979e+01
-3.153303095648074006e+01
-2.462799485742975136e+01
-2.887190666570463904e+01
-2.398834297459966791e+00
2.319052668050809007e+00
-7.385068631459791311e-01
1.447606653750314010e+01
3.127437156706134047e+01
3.475859670589721873e+01
5.230232063272703869e+01
5.009411901103374021e+01
3.341489371744159342e+01
3.751228090807811810e+01
3.796805004504859937e+01
3.271976685741204705e+01
2.867468415217490119e+01
8.094450277981584563e+00
-3.700894916987277838e+01
-8.194582862685400926e+00
-7.327223676399850838e+00
-3.694018093234642031e+00
5.077496736822558887e+01
5.227389685306732758e+01
3.157081370852955970e+01
-2.788235368464005859e+01
-3.215489334836421165e+01
4.585042016521561692e+01
4.527323267611129154e+01
4.271344847350181340e+01
2.836626257704959997e+01
2.240033619597848968e+01
2.542680517234033033e+01
-4.263962968628539407e+00
-4.322465023449416321e+01
-4.402678534321565706e+01
-4.622090540757349686e+01
-4.783989895162672923e+01
-4.038475681172351983e+01
3.034738245245857158e+01
3.504436086790813221e+01
-4.363951753090036334e+01
-4.153064354659002788e+01
-4.170377582076056200e+01
-3.991653989449864071e+01
-3.142276904564380047e+01
-2.770600840036896884e+01
-2.710991399952493097e+01
2.979241457800685922e+01
2.450600668006480021e+01
-2.792984417635645045e+01
-2.172225359152572111e+01
-2.581437819974295067e+01
4.739758552571324657e+01
4.766002440785820227e+01
-2.435343612221345921e+01
-2.645930585228662935e+01
-3.110061833091087991e+01
2.458163432915693036e+01
9.526433986330079762e+00
2.666082883025136141e+01
4.954327820402132687e+01
4.858702490814213348e+01
4.537318145268549330e+01
4.485084284310490688e+01
4.652946625200235076e+01
2.968303097575781813e+00
4.827431388793520739e+01
5.132446480633130648e+01
4.981013942739014766e+01
3.946794081403675136e+01
3.708527377116394774e+01
4.126415894594202172e+01
3.884424279708615302e+01
4.077005916243506611e+00
-2.674198444733026037e+01
-2.232848998501570037e+01
-3.029419557424310838e+01
-3.332950901622945850e+01
-3.062002811152520110e+01
4.158055391808981227e+01
7.836608392236207976e+00
-5.120622305296320320e+01
-5.352481322905170913e+01
1.651506640918023905e+01
2.142791421785441841e+01
-4.177569440649593702e+01
-4.125870523569675896e+01
-4.054708437462654302e+01
-3.795374687072875730e+01
-3.823604136567067258e+01
-5.706216258248230311e+00
-7.256877308536500593e+00
-1.046415899756991941e+01
-1.173734054411369909e+00
-5.971383650923156949e+01
-5.988086021176849982e+01
-5.945887998007550834e+01
5.674009968688707772e+01
5.483405096757662278e+01
5.497769974227345813e+01
-5.997864480657526798e+01
-5.164802403933990860e+01
5.662715261866839711e+01
5.741336482782592299e+01
5.795412486596742241e+01
-5.074940892023165162e+01
3.496165243934291311e+01
3.278020802740577722e+01
-3.085312129146343096e+01
2.594441422875886971e+01
-3.211042997798917042e+01
5.572824367135351054e+01
5.713222634272221256e+01
3.846625977660187345e+01
4.199814775749985074e+01
3.811078405763760202e+01
4.071184822362882727e+01
1.617569003510048020e+01
1.550242041618422917e+01
2.123287894703745948e+01
2.931204713681681895e+01
2.648122086398425878e+01
-6.014918093321335313e+00
-6.231578281668810781e+00
-5.200168616411229294e+01
-5.480590898255547216e+01
-5.305139734583055144e+01
-4.904208321352958677e+01
-5.605876352460590084e+01
-5.750307446310409887e+01
-5.689827931775393921e+01
5.504286385547948868e+01
5.550262390281245928e+01
5.412700084146960222e+01
5.618428469742949716e+01
-3.730554993976218725e+01
-3.501023264835893656e+01
5.535751011073497807e+01
1.074527657311553952e+01
6.771669737956463209e+00
1.337856796473372079e+01
6.833746296237852569e+00
-4.710561544266555245e+01
-4.886698999608695004e+01
-4.837406413998824917e+01
-4.543498196759102115e+01
5.622548808322709846e+01
5.475466949593423749e+01
1.536583138786578928e+01
2.181983371603820032e+01
2.020419209921717041e+01
-6.673027949194071162e+00
-1.333871002245729009e+01
-1.323083992975126932e+01
-4.749934697666893157e+01
-5.002444421042846301e+01
5.279338517052085678e+01
5.286507496619658752e+01
5.570415391529289906e+01
5.509619375320335877e+01
5.696153140378370949e+01
2.977678768558115863e+00
8.298204791248588563e+00
3.380106703816257152e+01
3.410973936599336298e+01
3.814540863097173684e+01
3.632656084173886857e+00
1.804177226682774915e+01
4.266369590754065655e+01
3.878456641304470054e+01
3.769837544892075698e+01
3.400594856022026846e+01
-5.240572406432582930e+00
-6.618697321059410221e+00
-2.919692179323343950e+01
-3.256867833210922214e+01
-2.085288425899803855e+01
-1.862689110968391049e+01
-1.489148794297237011e+01
-1.621802462136880862e+01
-2.650725256202579061e+01
-2.738301373319930931e+01
-2.364851650110268011e+01
-3.222622365515677245e+01
-5.410519456084116285e+01
-5.513398089530088697e+01
-5.553653711968112816e+01
-2.093628121015225929e+01
-2.630864942465426992e+01
-1.698719422338593077e+01
-5.115417487677332176e+00
-1.150871092035639975e+01
-6.069652440101814150e+00
-1.398864286599421014e+01
-1.351206891947481026e+01
-8.218381528524133728e+00
-6.764079296687387277e+00
-1.593225546528340075e+01
-1.890935873072344009e+01
-1.390900968566413987e+01
-1.028201378387709930e+01
-5.689729039524392107e+01
-5.728706158809013260e+01
-5.797587648683507666e+01
-5.525917860929357772e+01
-5.626165098044374702e+01
-2.763450119900046076e+01
1.624892689917404098e+01
-5.106334850484621768e+01
-4.707114995675115665e+01
-5.039890132425591673e+01
-5.304724030120242162e+01
5.126615728441306885e+01
5.970093103578781779e+01
5.982869588548759765e+01
5.957693853214845348e+01
5.994950222519697292e+01
-5.531824469520316256e+01
-5.434983743886324703e+01
-5.143456591464580896e+01
-5.322353628655356061e+01
-4.871563410034737984e+01
5.329025683835237004e+01
5.428347539989985648e+01
5.534778482478778727e+01
5.004592101448231745e+01
5.222388742005053786e+01
4.122719697169866748e+01
4.270476548193867217e+01
4.423856750730823961e+01
3.717706626373514212e+01
-2.533933965918055975e+01
-2.483386621954307927e+01
-2.625862646329076000e+01
2.360906920229287920e+01
2.471852592784474112e+01
5.760681586649066332e+01
5.725352771315211697e+01
5.662793864753626139e+01
-5.304913290651798263e+01
-2.778653491747450133e+01
-2.335184872796833844e+01
5.408577250564161609e+00
8.491663892904254496e+00
1.160150627030117931e+01
1.478618200787897941e+01
3.567172849870338069e+01
-1.037990781941430996e+01
-3.676019115809163651e+01
5.619227620980225169e+01
5.821327757717285323e+01
-3.377245167403430770e+01
-3.484853906217381336e+01
-3.930498801805600806e+01
5.774705292702517312e+01
-4.216151118676116027e+01
-3.602068447194960754e+01
-3.852230848231978655e+01
-4.127642713732973334e+01
-3.675093672358966757e+01
4.766477878746192687e+01
4.605330567976810130e+01
4.425943452900534680e+01
4.853665501171730057e+01
2.901624823465424896e+01
3.396960548822882942e+01
2.739745584589227079e+01
2.414729714741794098e+01
1.775998349227056039e+01
2.439065906181032162e+01
1.934222857048019151e+01
3.079725178495148086e+01
3.361936082340208287e+01
3.264465960148388746e+01
3.890138330041730796e+01
4.428223408419987805e+01
5.734284376111465775e+01
5.893536367509641849e+01
5.763633593058784754e+01
5.938676266335402687e+01
-1.204257784726367042e+01
-1.460282082706216933e+01
-1.813582840183131140e+01
-6.908126240178686039e+00
-7.773573443887459078e+00
5.434137751164171704e+01
5.624285739021657093e+01
5.359091675059538318e+01
-1.510064309658815951e+01
3.743484317244293869e-01
-9.676666038727211872e-01
-6.591866629319068416e+00
5.392729816047002345e+01
5.220282525100635240e+01
5.129451012923492215e+01
5.466641985034524254e+01
5.619659765529961248e+01
5.054714308090292718e+01
5.222091339214598094e+01
5.827885516836864355e+01
5.836455103006547063e+01
5.698971593052110762e+01
5.617879845258333660e+01
5.769147810168453105e+01
1.616696814658747883e+01
5.982611408552026688e+01
5.894017772943065836e+01
5.799109066515711675e+01
-5.079723362616652338e+01
3.555103785103190717e+01
5.731744502172603006e+01
5.825310356924744326e+01
5.714357364428332176e+01
5.847150279818259122e+01
-4.628567678388071727e+01
1.928463429318399136e+01
1.843282003746049114e+01
4.247739768590238185e+01
-5.483661610224948646e+01
-5.682492608401712886e+01
-5.446967820721218345e+01
-5.624528783302108081e+01
-5.829945312133737900e+01
-5.833577883698266220e+01
3.504139906139079841e+01
4.051363663358142020e+01
3.651720431570331726e+01
3.948153535820102178e+01
1.976693847119421976e+00
-4.698591841186649631e+00
3.798593139493826154e+00
-4.910549919176021127e+00
-7.152817364499508557e+00
-1.329851255324139991e+01
-1.172871419982745067e+01
-4.003838754661641275e+01
-4.068672788416844810e+01
-4.548788565931089778e+01
-4.398331584826136975e+01
-2.860997926126477964e+01
-3.278923910108954232e+01
-2.845087684445033105e+01
-3.188511390514824839e+01
-4.711812999525425738e+01
5.780809094526460257e+01
5.648705711740755220e+01
5.817163611933425216e+01
4.567045177673831091e+01
4.437617213242115355e+01
5.812004464454675912e+01
5.455841248271663346e+01
2.835927324659006032e+01
2.507881752193607028e+01
3.150985737324065994e+01
2.059879954980171846e+01
-5.215109641129392770e+01
-5.034968606050532713e+01
-5.368693926133712324e+01
-4.885364204408862321e+01
-4.629933758618484774e+01
3.875318704007906945e+01
4.251762095723756119e+01
4.329787724335311339e+01
-4.250789958268165236e+01
-4.351449689137945853e+01
-4.086542191368167920e+01
-4.069138001855940701e+01
1.901790853504287071e+01
2.205712995616273986e+01
1.471452553160960086e+01
1.594782067035474071e+01
2.320651615893410025e+01
-1.218405063477809058e+01
-5.820393882506767369e+00
-7.341242874557083908e+00
-2.977102836596321112e+01
5.224885198875551851e+01
5.594645458407673999e+01
5.413369179993448910e+01
-3.036593057055771894e+01
-3.554826873775849094e+01
2.404985534260007896e+01
2.143611801806396144e+01
2.767683258307647876e+01
2.312704814604414949e+01
2.954980055459689936e+01
3.253670462232513216e+01
5.292182854437132278e+01
-4.207825240046504689e+01
-4.620241678088302706e+01
1.470417515356549032e+01
1.506948564981055938e+01
1.805002518156598157e+01
6.287824866954959679e-01
-4.942384374504481315e+00
-4.290914583337849031e+00
6.875245967194867802e+00
6.826997957639235892e+00
1.247658038552575954e+00
-5.032504747873076667e+01
-4.763204102758758296e+01
-4.532485586910078723e+01
-4.272115340845766696e+01
-4.387740733448153208e+01
1.220752850508701037e+01
1.056735759084589077e+01
5.229465207513923275e+01
-1.047677705929691960e+01
-1.206707013056822930e+01
5.443630732636687242e+01
1.899460393170711825e+01
-4.681268622962029724e+01
-4.639024757163465296e+01
-5.072245006193829653e+01
-5.361809466548317005e+01
-4.964232139494330909e+01
-1.630265140770730170e+01
5.387028233849426329e+01
5.430046999613136904e+01
-3.376332848417158061e+01
-1.832734154156180040e+01
-1.950260674914368053e+01
-1.379079248506769950e+01
-1.858109361087792166e+01
-4.690715733920549013e+01
-2.046604122141354054e+01
-1.735319490836657863e+01
-1.105346457235846991e+01
-6.911186121765249268e+00
-7.141301315162195351e+00
4.651852119022210275e+01
4.909449653057364316e+01
4.595145475128998669e+01
5.070497368950685768e+01
3.450917154575184043e+01
3.204700771827695860e+01
2.885822171730896102e+01
-5.151208542406967794e+00
-6.456715580846715596e+00
-1.243376416989885058e+01
-4.542856353961507665e+01
3.010346828143671161e+01
2.853408915930506140e+01
2.309959198740236985e+01
2.421472806991419091e+01
2.379140786525919893e+01
-2.076794678657036997e+01
-2.729661472584007953e+01
1.915152697475130950e+01
4.120893403731042071e+01
4.506821786944882291e+01
-4.788774250159585932e+01
-2.964549830951168197e+00
-1.176739407816554950e+00
5.077979526395130705e+01
-4.361449853598060145e+01
5.886162428609719655e+01
5.906718345149960925e+01
5.915961111545161799e+01
5.855124765432651657e+01
-4.443201295380728055e+01
4.829572615292102356e+00
-5.568795495605200330e+01
-5.623624709277269318e+01
-5.385271221747407822e+01
-3.105424731498359847e+00
-5.098233899277344605e+00
-9.748355469956722530e+00
-1.130966382700658990e+01
-1.408886133250334005e+01
-9.702032285300909109e+00
-3.364768100752675650e+01
-3.053986540736732991e+01
2.869096506178047079e+01
2.919851623583032918e+01
2.548948700996727013e+01
2.135941359786016136e+01
-3.950088374413809333e+01
-1.665205202668429152e+01
-1.269864517867853060e+01
-1.169328536066301005e+01
3.815907101498348197e+01
3.825419748814059062e+01
4.030674205260484655e+01
-6.755339026679734182e+00
-1.150470430824285017e+01
4.615940674617723261e+01
4.140770756209231251e+01
4.292389096368197698e+01
3.838147289060203349e+01
6.412406180316491344e+00
-5.179739790645486153e+01
-4.813995293011394949e+01
-4.882035296490460752e+00
-1.093512363710389934e+01
1.392793802308075080e+01
6.925875640166966107e+00
3.470605604719280812e+00
6.370930946651801818e+00
-5.813423828854526931e+01
-5.880232647794546352e+01
-5.811756925033373733e+01
-5.758234546991570113e+01
-5.747639702288307717e+01
5.446421270799727665e+01
5.232538617893335697e+01
5.209635998445668292e+01
-4.852288272028150828e+01
-4.999980274855551698e+01
-5.068832741928265051e+01
3.757487659411941650e+01
3.256773559257243278e+01
3.508555600911230243e+01
3.232773290790294851e+01
4.144106053594951078e+01
5.960338039268307142e+01
5.907580325241710995e+01
-1.224229636351013006e+01
5.890657979189285243e+01
-4.283725237532325281e+01
-3.784623130247337031e+01
4.973124040851620720e+01
5.042640288228091805e+01
-5.562298200360552869e+01
5.632286124600059196e+01
-2.839630560746888932e+01
6.907647698104057987e+00
6.007963293616515266e+00
5.535962144536986784e+01
5.420668329324347212e+01
5.318996654735808249e+01
4.330738461055437938e+01
4.514521146082301328e+01
4.151304997514770179e+01
2.119535420275569848e+01
1.923473344807656105e+01
1.224501990922514061e+01
-3.267107805900405282e+01
-3.456642139211516707e+01
-1.480408299724050991e+01
-8.773200111521378020e+00
-2.534284718933943026e+01
-3.038363383225341963e+01
-2.736882671307916937e+01
-4.031163617802594956e+01
-4.423554576062348787e+01
-4.354004908928106232e+01
-5.350170618389527277e+01
-5.299123733049545848e+01
3.533265330897336298e+01
1.320320318374817070e+01
-4.000011110484152965e+01
-4.352290750325647650e+01
-4.060593715171823703e+01
-4.640017067831824704e+01
-4.609092424956902789e+01
-2.082037275687693878e+01
-1.831484181473523165e+01
-1.484448839891516059e+01
-1.475957633920469014e+01
-9.726032263780739484e+00
-3.114095364565460855e+01
-3.615972172208901725e+01
-3.464247072007123762e+01
-3.104451420816302942e+01
-1.743552080299086882e+01
-4.869671558479036122e+01
-4.704740131886531174e+01
-5.015370089822486221e+01
-3.146325604125561171e+01
-1.965175974970302164e+01
-4.528921220135776338e+01
-4.885831368643987815e+01
-1.005487037463698030e+01
-1.390353373632247980e+01
-1.621137165800331914e+01
4.625067780117164773e+01
4.466630571249540083e+01
4.285446904816234337e+01
4.649919424983632865e+01
5.454370259614287164e+01
5.452017635332285295e+01
5.608829188336613214e+01
5.550052086507879068e+01
4.718503627649141663e+01
-4.277934247853919203e+01
4.162098258888344304e+01
4.527450180668748914e+01
-9.299239704687455088e+00
-5.975238692322884759e+01
-3.569573108797357719e+01
-3.389070896886453710e+01
5.085004422195231655e+01
5.090705421761686722e+01
4.462301329022707819e+01
3.904120862862836816e+01
4.096746744745905033e+01
2.363265598114080035e+01
-5.845753944819158932e+01
-5.704293027302566088e+01
-5.602495841075098326e+01
-5.372557838186637724e+01
-3.114574866346274007e+01
-2.614566658029603019e+01
-2.526882000578207865e+01
-3.253051197336809963e+01
5.313406302141522985e+00
7.376096955879003936e+00
1.097085895141161060e+01
1.538182507151585021e+01
1.747099368092125005e+01
-1.431768765801037979e+01
-2.992321313708144004e+01
4.406070857327677714e+01
4.221723204308405997e+01
-2.960882041665004039e+01
3.981969565647887777e+01
-3.394302239544273903e+01
-3.307607707878465675e+01
-2.850082175552778097e+01
2.967515814069248137e+01
2.825004825229141048e+01
3.359098021990042326e+01
3.482493204447162327e+01
-5.379669538871655732e+01
3.824482426016721348e+01
4.315212621935304327e+01
4.780904722196162027e+01
4.974073536229956716e+01
4.931294283689028646e+01
4.849173974551595734e+01
-5.703271711327423787e+01
-5.808791239599965195e+01
5.099691036389622667e+01
-5.643220033490578658e+01
-5.788472639779166684e+01
-3.870862138200391911e+01
-4.102862980472472287e+01
-3.770119409712059166e+01
5.469136328431076066e+01
5.225074033781677230e+01
5.792449287099334754e+01
5.619680069194382099e+01
5.462734470998923797e+01
5.637348054591772240e+01
5.417790809126928053e+01
-2.228643115208326009e+01
-2.356055524339478069e+01
-1.776918986994473926e+01
-5.465755585297311114e+01
6.019647862072631916e+00
1.322295013338350955e+01
8.656318757678231890e+00
-5.384150367126782299e+01
-5.620262342828433333e+01
-5.329810793039648331e+01
-5.652749264879751223e+01
-4.028318266761475286e+01
-3.551707070454448001e+01
-3.628067359859400653e+01
-2.027728528176432832e+01
-2.265831875225779868e+01
-2.346715051144846953e+01
-3.942751287730634147e+01
5.620658990719231696e+01
-8.775878296714409998e+00
-6.542489149308263308e+00
-2.727135376990093896e+00
-2.075032074559686990e+01
-3.992610789356395884e+01
-3.714372816996405646e+01
-3.567538253629287226e+01
-5.765925357902787596e+00
-1.046181193886796912e+01
-5.239411454866856666e+00
-1.182091214423810044e+01
5.053434663689381878e+00
4.618110442001401417e+00
5.821549141698570295e+00
-4.532507752490778330e+01
-4.806674872302541957e+01
-4.436306102607426283e+01
-4.694047451521996095e+01
2.772325979998818113e+01
3.034820266967421887e+01
4.690023409184330916e+00
2.457802074160193140e+00
6.572970034569119768e+00
5.950338895469366207e+01
5.878487106963837050e+01
5.819040181389038224e+01
2.659949226931950861e+01
2.193235467662044869e+01
2.034604101635227025e+01
-1.619967836829950869e+01
-2.402519937091609137e+01
-2.652452922639956157e+01
8.221979123114902421e+00
5.663975022806540238e+01
5.662176694966738211e+01
5.582733887354328317e+01
4.143981932567128723e+01
4.177337941063768056e+01
5.749541667410075263e+01
5.696134839197887345e+01
6.800907600388400809e+00
4.506886251847147662e+01
4.227210342656434250e+01
-4.191398230259858693e+00
-5.770307591068537079e+01
-5.891469983757359330e+01
1.238265228701787990e+01
2.914021892435041039e+01
2.446097933089783893e+01
2.298864291648976987e+01
2.809423472298416158e+01
2.306357563500885988e+01
2.676237652513065868e+01
-3.545182458042791751e+01
-3.240087567648151179e+01
5.794473181532014650e+01
5.910227495547086818e+01
-2.066835982946722083e+01
-2.122643861855427971e+01
-5.768983085226903995e+01
-1.144387946313930016e+01
-5.919941990457822811e+01
-5.955694407977008353e+01
-5.947901865986474235e+01
-5.921611241590716190e+01
-5.880772472585253041e+01
4.909296808739946982e+01
-4.785812475463053772e+01
5.196348038851510154e+01
1.629460126718561952e+01
2.059265602943721873e+01
3.717207703005347241e+01
3.098063541432031087e+01
2.897182667246810084e+01
2.581073901230141132e+01
9.937357160042894932e+00
9.941529166459485367e+00
-1.179319760158012009e+01
-1.185213743085189009e+01
-1.306992986727514072e+01
-4.531191893392230696e+01
4.415038858950710221e+01
3.966695570758000144e+01
-3.410540141170910999e+01
-2.964650905015836102e+01
4.521438477458841021e+01
4.493963185952173944e+01
4.845319629011846985e+01
4.966412945904757237e+01
4.591816880926405275e+00
3.464419612863942177e+00
4.865369422697457225e+01
3.093339532130417879e+01
3.656951340204393830e+01
3.445222074209338103e+01
5.115158862216897262e+01
5.258898398315668743e+01
3.440764373305211166e+01
-4.143993925440003778e+01
-3.959460750375175309e+01
4.484857684688533652e+01
4.001657681790580767e+01
-2.132215044196941989e+01
-4.304878280915063726e+01
-3.908306237251714776e+01
-1.112897252103741907e+00
-5.474413612831722276e+01
-5.428516830721346764e+01
-5.234695319710849049e+01
-5.625369520451307892e+01
-1.678154350582943044e+00
-6.243069792410424590e+00
-1.079696366245502936e+01
-5.800709114346363293e+01
1.408701508632753985e+01
3.943271681837112652e+01
4.061111824686489058e+01
1.710102224220209166e+01
5.947835193494837114e+01
-2.655241183996906074e+01
-2.941421346272557003e+01
4.770541850418705820e+01
4.735681932317464060e+01
-5.622243158146405761e+01
3.388190991877500835e+01
-3.673116531328562218e+01
-5.476114897523648040e+01
-4.955726063013796789e+01
6.125519681844279418e+00
1.326721109014519051e+01
1.677606851329057847e+01
1.151063493239865032e+01
4.510150588734688171e+01
4.164740857233613980e+01
4.205535653281175712e+01
4.897308009597291090e+01
4.557211949107247762e+01
3.987242199370084705e+01
-3.501574740372775096e+01
-3.298166961950271769e+01
-3.714884788688115691e+01
-3.689190802425414262e+01
-5.359262779582803660e+01
1.226773794395242057e+01
1.213724960564582034e+01
1.821275770119942905e+01
2.864388032637889125e+01
5.631021181712677759e+01
-6.007674583019042558e+00
-4.078742925742349712e+01
2.081264574241271958e+01
2.654210989822583144e+01
-5.133449484878469349e+01
-2.513903004009398856e+01
-2.689097756365408998e+01
-3.165624658147157078e+01
-2.884267922763768865e+01
-5.496282059569129785e+01
-5.486657557664386076e+01
-6.091932016807806605e+00
-5.624534552281357946e+01
-5.579393689859261229e+01
-5.424017737690230234e+01
2.908371554627728894e+00
-5.745274893755108359e+00
2.150046593308697851e+01
1.447209187916065964e+01
2.119356778153251852e+01
-4.951272351760674262e+00
-7.658028415901806163e+00
-5.762209016136454665e+01
-5.514254261818842906e+01
-5.692648395973152020e+01
-4.259944835560551724e+01
5.765400774753649671e+01
-2.998253124996217167e+01
-3.026488474830266995e+01
-5.317703665626751786e+01
-5.507927208760604998e+01
-5.311490133017411353e+01
-5.124053094046327317e+01
3.369171081660118716e+01
-3.230939427600254277e+01
-2.747434804446958978e+01
5.185594765052523769e+01
3.926802880753710667e+01
3.959538819278733257e+01
3.573953990639954270e+01
3.456694793974558166e+01
-2.879995994350469957e+01
-3.102541072362019037e+01
-3.309485743794849100e+01
4.659581798093653582e+00
-3.352167740708423338e+01
-3.226146340945889790e+01
-4.043845202626769719e+01
-3.107417952892618018e+01
-2.736464334023647993e+01
-5.758588856088360330e+01
-5.603148162550107969e+01
-5.760850563375529276e+01
-5.705049187898808327e+01
3.857851328057159179e+01
5.059679931129718256e+01
5.130882637686492131e+01
5.288979928171274025e+01
-5.156122310174401235e+01
-2.164221371747508016e+01
-2.652832756406330006e+01
-1.946222145374363066e+01
3.715699486952515684e+01
3.113005951227432888e+01
5.167139001292908773e+01
1.133213641261658022e+00
-4.716585553103890049e+01
-4.586209760805434854e+01
-4.649894411587904841e+01
-4.909738001802566743e+01
3.546276975973155743e+01
3.178412986145967167e+01
3.723158650747667764e+01
4.253271926025429650e+01
4.038798717485659751e+01
4.500688169062792809e+01
-3.968139387643765303e+01
5.360623293756145813e+01
4.571852944623717008e+01
5.023074754156961319e+01
4.736208087181704229e+01
5.102383178195636759e+01
5.328957714184696925e+01
5.388490442889055743e+01
5.618155659368810717e+01
-4.650375058577360932e+01
-4.459712725259647925e+01
-4.198119560103840797e+01
-4.675728698437033160e+01
-4.848041892468233982e+01
5.256745154223474259e+01
2.881566231733885886e+01
2.493000045419082866e+01
1.796954416728992143e+01
3.353701518160900008e+01
2.783144485973059901e+01
5.071439595240090803e+00
-5.871364587880128738e+01
-5.746878251201638221e+01
-5.890358615125214925e+01
-5.936324386732226088e+01
5.909782181281173763e+01
-5.878361011267482183e+01
-9.968617562791251885e+00
-5.806182261768645958e+01
-2.166586718164262138e+01
4.371307231914141767e+01
-5.815799792561696790e+01
-5.460554194795358995e+01
-5.137157028898548816e+01
-5.021194811652088674e+01
3.797385154201391089e+01
2.878729727466517829e+01
2.638556837471271166e+01
3.170291765769050940e+01
3.009670823903536885e+01
3.395236712285282010e+01
-4.317411438310855942e+01
-3.992198576909171948e+01
-3.618272413363715856e+01
-1.602915239671530045e+01
3.799359736664266052e+01
3.136115875206742132e+01
3.745046077834037135e+01
3.395980362402332275e+01
-9.652157581585768753e+00
-2.750758479155078096e+00
-6.370166053424089370e+00
3.541856967033149317e+01
2.929029983682064042e+01
5.361053105832348109e+01
2.470891114782696008e+01
2.645622515518147111e+01
-5.203384001202000775e+01
-5.178378617577804599e-01
-5.968546396384960318e+00
-2.637669875849962153e+01
-2.223485682798073881e+01
3.922838028848408243e+01
5.768871294008094175e+00
4.257666175801585240e+01
4.644377585032135158e+01
3.214575430986298699e+01
-1.997636794317975983e+01
-1.374036940953297936e+01
-2.055455334328335937e+01
-1.645112345542267107e+01
1.707186521657195044e+01
-5.149438331627518295e+01
-3.791539839814676327e+01
-4.034364090747696707e+01
5.789958028655225064e+01
5.832194380722763327e+01
5.719586869770360948e+01
-2.406669636985600036e+01
-3.401186329492043825e+01
4.241065493027374345e+01
4.337582916396355159e+01
2.278794912622533175e+01
-3.507076175696273168e+01
-3.816135098940419113e+01
-3.223211718066406206e+01
1.456698472746665018e+01
-2.946107262455776166e+01
5.770570166609636686e+01
5.741446914944324931e+01
5.575898267249822027e+01
5.375184798972586719e+01
-3.965208459900519244e+01
-4.479578688600542336e+01
2.250889602121802824e+01
2.577609154270271929e+01
2.745718300060175920e+01
4.239505611085782988e+01
4.387454986602264739e+01
-4.484887136711734001e+01
-5.660445367615446344e+01
3.778694530191025791e+01
4.774157611828501757e+01
4.221695498194708307e+01
1.093604668507260946e+01
9.179334238051987782e+00
1.428001849499131914e+01
-6.783283660164970641e+00
-5.345241727613389315e+01
-2.573946055893696894e+01
4.561830585697799023e+01
3.022875424009685119e+01
2.984468705701895885e+01
5.154836548608145819e+01
5.853424098842568668e+01
5.796850941963703008e+01
5.744700055559646756e+01
4.795079091860965370e+00
9.301279742800964812e+00
3.408068108915060890e+01
3.877798569325089062e+01
2.907448119767868988e+01
2.454226097381392080e+01
-2.746786491601947944e+01
1.274189599557121966e+01
1.872967649162323056e+01
-4.097332121592000220e+01
4.744992968918983678e+01
-5.225393837635036220e+01
4.686256750157569684e+01
-2.324165186663477911e+01
-1.875853978136094824e+01
3.573375179031965132e+01
-1.145365029931770984e+01
8.339523798661101495e-01
9.586778904628959097e+00
-3.378223205610844104e+01
3.223703178236895184e+01
2.646362272000983040e+01
2.701337942585617924e+01
5.595327520066405924e+01
5.727572851664142917e+01
-5.073140451417751251e+01
-4.686262556366281018e+01
1.196315352232983997e+01
5.889933004711966014e+00
2.851267972958158126e+01
3.984904120684006301e+01
3.468792986275641255e+01
-4.128682943859462284e+01
-4.373210705685534094e+01
-5.548175175764642120e+01
-5.361472983354516231e+01
-5.280414992787338946e+01
5.006152247808410749e+01
-4.321805187417170657e+01
-4.639117804484124719e+01
-5.035864934223049261e+01
-5.080740286806007333e+01
-6.537524466538039647e+00
-8.962115429358455287e+00
-5.262302152624530294e+01
2.671883068597495026e+01
-5.786183418104511844e+01
-2.182798016115550865e+01
3.119605563159770156e+01
-1.082636078499271903e+00
1.841978893377026028e+00
-2.806222273399730938e+01
2.132900521404435068e+01
1.638981283096502040e+01
2.311594111733158030e+01
5.335206259690740893e+01
-2.113350638308715901e+01
-1.739377739752479002e+01
-2.327316609992573149e+01
-1.606741091542664890e+01
1.999183921991873092e+01
5.748253338241237742e+01
4.655602452965710114e+01
-3.796993498124587774e+01
-3.207729112455889009e+01
-3.675078672565918225e+01
-2.728974792836741159e+01
-1.957986765876195889e+01
-1.535294458366077919e+01
-6.047391321838745171e+00
-1.088976656396691034e+01
5.354330359843225295e+01
4.754589346956146301e+01
1.496189767220426070e+01
-2.212713683105481977e+01
5.167273304914026966e+01
-2.353589742000940888e+01
-4.988961205726215375e+00
2.219390179380492967e+01
1.402994944778603958e+01
4.980784061520009942e+01
5.126966149924557214e+01
1.868451300334612952e+01
-1.841325442424734860e+01
5.532138022578320324e+00
2.066200041253389941e+01
6.460592138004829010e+00
4.519574305956822258e+01
-5.149208539981803767e+01
2.301729492432015078e+01
5.322541348557017926e+01
4.904452086320743120e+01
5.903597065289069690e+01
1.406624831410086074e+01
1.778475648651280139e+01
1.529831708024454073e+01
1.079628227909993043e+01
-2.741065442816683984e+01
-5.576802164551484964e+01
-4.164388217418741078e+01
-4.946860192665631217e+01
4.673156204999749974e+01
3.062367890982222107e+01
-3.612608505985750185e+01
-3.311301413242426150e+01
-3.877170112737383079e+01
-5.567757566818894333e+01
3.946017867850964222e+01
2.353185071951271112e+01
4.657899956761818316e+01
-1.616978824530847092e+01
4.184991345278429975e+00
1.947408902759275051e+01
-1.082160297730804999e+01
2.531237729929825875e+01
3.068745420396427903e+01
4.184480440634750664e+01
4.297709458289043738e+01
5.921847661204954250e+01
6.905909826552949049e+00
1.114344010780816951e+01
-1.785478554848370081e+01
-5.715497501748313880e+01
-5.889035606238024911e+01
-5.924931560301160260e+01
-5.874982031711871855e+01
5.902682231476269692e+01
5.862599121737174812e+01
5.936538483086332718e+01
5.919769364257653876e+01
5.965048586844155665e+01
-2.153622021493013960e+01
-1.902052588036096026e+01
-1.035108031810234053e+01
2.521653044245239883e+01
8.004781525694456334e+00
1.038739518195582079e+01
5.229118915002281653e+00
5.466531309370863312e+01
-5.673491954772826418e+00
4.795805421608289976e+01
5.949630589051395191e+01
7.297894763970781185e+00
-1.762731866200292075e+01
-2.384659638986859065e+01
-7.585326885542467146e+00
-1.536986754260319010e+01
-1.509005081186592001e+01
-9.934723734853736943e+00
-9.573982491565697472e+00
-5.359214312759109333e+01
-5.447964147564790238e+01
-5.271274764957512105e+01
8.450391250276888755e+00
1.415044265514318056e+01
7.648396736448244582e+00
1.315680363466053038e+01
5.010156697584802288e+01
2.835085353215376003e+01
-5.905055908805797316e+01
-3.239251648463220334e+01
2.050295078667623017e+01
1.663913393130524909e+01
-4.412336765794560023e+01
-6.879115287253878108e+00
-1.532097408041857989e+01
2.107531017425213093e+01
3.996128373087397279e+01
4.341057149113469649e+01
-5.715772851073076311e+01
-5.637728328464663718e+01
-3.851197322234901321e+01
3.902429246928731743e+01
-1.120413261525625037e+00
-3.922697242749867286e+01
-3.846019821819933782e+01
1.279297078791869069e+01
1.409867840184366017e+01
-3.669695736276732845e+01
5.342583926892073265e+01
4.607534634902363990e+01
-3.946867942311818922e+01
-3.332035555485108347e+01
1.624803604489315134e+01
4.987631317595627678e+01
-3.906140231374361349e+01
-1.768745332664448000e+01
-3.609160247060570725e+01
3.313401637008305300e+01
-2.550728279903613949e+00
9.432651560271214208e+00
-1.098951856241384917e+01
-1.595975665107529018e+01
-8.682913115983442509e+00
-1.244800705947199049e+01
4.984038062715063688e+01
-5.957069561378809652e+01
-2.552185717386468866e+01
-1.114694079784355019e+01
-1.647740227424118942e+01
3.641074680389549201e+01
5.804967526533416411e+00
-4.916599488305674726e+00
6.235651507568070073e+00
9.618783713674320168e+00
4.552779924921748211e+00
1.610371952340888058e+01
2.542508518145476870e+01
-4.252141115273988703e+01
4.931266391959739082e+01
-1.262715531417565984e+01
4.127572006479248756e+01
-1.020426479539646003e+01
-6.144049783689141009e+00
-1.131895842437014998e+01
-1.217343020713959945e+01
-1.652924199926717108e+01
-2.254412393814430970e+01
1.748665249588566084e+01
2.030233532625983983e+01
1.103586735990105971e+01
8.389884551787565314e+00
-2.144637530134211900e+01
5.368967368521511929e+01
4.080946800633164173e+00
-1.879608289864103998e+00
-4.876051800058049679e+01
-7.283702389179254055e+00
-2.751133093837671950e+01
-2.531506144384724877e+01
5.485979226470684367e+00
-1.603534903538302103e+01
-5.892232880728941247e+00
-6.074640545002223391e+00
-3.060441436210366106e+01
-2.253799993295255888e+01
1.238130961694229981e+01
5.808125038744414326e+01
2.784984149217203964e+01
5.805739859571180261e+01
5.835389416509333671e+01
-2.830324595284642086e+01
6.924176342860826061e+00
5.608368234285904919e+01
-1.674383999142706969e+01
3.348865669744004236e+01
1.957082777684550123e+01
2.004278779166149960e+01
1.378317083041000046e+01
2.219966308952612977e+01
5.879447859132515219e+01
1.915132264801263062e+01
2.800076186368053044e+01
-5.453937419846536017e+00
-6.538183945040086265e+00
4.410723986899303561e+00
-5.814274969812368710e+01
-5.727234087792471939e+01
-4.522032801291886983e+01
-4.840064602014957984e+01
1.921250249711131985e+01
1.769423655577504917e+01
1.512791033554248976e+01
-2.146371949862387041e+01
6.453634168740522092e+00
-2.873027213901887933e+01
-1.185018637536433950e+01
-8.433639363481724160e+00
-2.351433022801652939e+01
5.423050610136336047e+01
1.829214672764388894e+01
2.192137348884958925e+01
1.813149039541359997e+01
1.446454225654134085e+01
8.476877392188800542e+00
1.203257071556114965e+01
5.667388818394294425e+00
9.518762438869773135e+00
1.486586357896804067e+01
1.226463781594513947e+01
-1.055699300500483062e+01
-2.961284745633976101e+01
5.880070163654011850e+01
-5.996447511691122223e+00
-1.212403360996298929e+01
5.497019688753542965e+01
6.495443083055771893e+00
1.954899237849097915e+01
2.725530344289614160e+00
-3.781904251639354175e+00
-1.569556766156452010e+00
-3.786321310507150883e+01
-5.949865685869073673e+01
-5.387176349837741185e+01
-2.749355581030645013e+01
-5.572113616804762692e+00
-6.912539594427152601e+00
2.630516258050564105e+01
2.836793116572463092e+01
-1.115975469592464009e+01
5.995495818904841911e+01
5.989484116645994760e+01
1.884417221424414990e+01
-2.637720628641218923e+01
-6.707770012655904779e+00
-5.152764533568144856e+01
-5.037775478640067206e+01
1.669220977409908935e+00
-2.698240544368958993e+01
1.307286218726719973e+01
1.586443883230178997e+01
-2.667887852885785893e+00
-2.737145238547836090e+00
-5.210815564538984290e+01
-5.165739527853561697e+01
2.387087330566457055e+01
-2.422966917923769969e+01
2.799545955541816156e+01
9.111168505726029210e+00
-4.810611654806383797e+01
-5.055343547647017743e+01
-5.787426217508932780e+01
2.552079249043580944e+01
2.401113743154445856e+01
5.949752031244921113e+01
-5.016836119217578016e+01
-1.028251309201671049e+01
-3.062651610473092845e+01
1.467543690183637928e+01
-1.930404638006300999e+01
1.333887370814288076e+01
-5.915615503829932287e+00
-1.334982599446965956e+01
-5.852928086531701979e+01
1.362150660302454064e+01
-7.855624705392788343e+00
1.335451829020044912e+01
4.729136096305270875e+00
9.818897010423656369e+00
2.053749037732620053e+01
-5.508858386276786234e+01
-5.519929145999790876e+01
-4.185366346563356821e+00
1.638523903222077038e+01
-4.529983868343093967e+00
7.124978534647704587e-01
-1.061373281808572955e+01
-1.342343233492982080e+01
1.930390629553678039e+01
3.591460264938061897e+01
3.857545921571541925e+01
-3.695649498009260725e+01
-2.718811961074332828e+01
-1.297802245915501018e+01
-5.732967222170712418e+00
-5.861349155980458647e+01
-6.438205552932524611e+00
-1.104900173415557951e+01
-1.285634430814664952e+01
-5.108733113052789321e+01
-3.169218396757175071e+01
-3.619073934825222949e+01
-3.273624235548049821e+00
-2.832772793712781123e+01
-2.397545602126503894e+01
-1.738773791297408877e+01
2.010418179655300008e+01
-5.893105063140472311e+01
5.553998781190286138e+01
3.164718747219120942e+01
6.182227327519957960e+00
-5.936153910366913777e+01
3.500337327908213325e+01
2.079662786798729002e+01
-5.837218715210298114e+01
3.745135725508716718e+01
6.447611195082799895e+00
2.542210360725092855e+01
-5.966262858454479101e+01
-3.604142379201569213e+01
5.101816526046886224e+01
5.336312096240207126e+01
-2.996565595669991922e+01
5.278081005366892953e+01
1.312505138401822080e+01
-4.043889688215237044e+01
-3.700480028941181843e+01
-5.503366733607975902e+01
7.957393883514909394e-01
-1.571513056485868987e+01
5.437917375844786250e+01
-1.531697474337222964e+01
-2.780113346128432994e+01
3.303226614852768250e+01
-2.376331696620195899e+01
-1.808939538826055937e+01
-2.139937119999520121e+01
-5.896021684447011779e+01
-5.645150692590865305e+01
-5.569634422765696868e+00
3.469061705753714975e+00
-1.740667767812513134e+01
