6.000000000000000000e+01
-6.000000000000000000e+01
-5.994183139160379881e+01
-5.976704152093466149e+01
-5.947477174645253939e+01
-5.906356832999785667e+01
-5.853134728519974317e+01
-5.787534246910450264e+01
-5.709203384113222057e+01
-5.617705161831886329e+01
-5.512505027587543793e+01
-5.392954337277789278e+01
-5.258268729372444739e+01
-5.107499501183929880e+01
-4.939495734640053826e+01
-4.752852913796385792e+01
-4.545842748202041861e+01
-4.316315698860262273e+01
-4.061562470131192271e+01
-3.778114418825553855e+01
-3.461450388775708831e+01
-3.105565795393869877e+01
-2.702352915251589138e+01
-2.240817647099354915e+01
-1.706658716384717067e+01
-1.084984397089995056e+01
-3.754702547131147039e+00
3.754702547131314017e+00
1.084984397090011932e+01
1.706658716384733054e+01
2.240817647099366994e+01
2.702352915251600862e+01
3.105565795393876982e+01
3.461450388775715226e+01
3.778114418825568777e+01
4.061562470131207192e+01
4.316315698860285011e+01
4.545842748202053940e+01
4.752852913796397161e+01
4.939495734640062352e+01
5.107499501183939827e+01
5.258268729372456818e+01
5.392954337277795673e+01
5.512505027587548057e+01
5.617705161831887750e+01
5.709203384113224189e+01
5.787534246910450264e+01
5.853134728519975027e+01
5.906356832999785667e+01
5.947477174645253228e+01
5.976704152093466860e+01
5.994183139160379170e+01
-2.770713465739385839e+01
-2.480891529267467988e+01
-2.187338952367349165e+01
-2.646211803357703118e+01
-2.451552251813902927e+01
-2.946016569404882901e+01
-2.112247951104398069e+01
-3.349487325856340902e+01
-2.721986390878617001e+01
-3.226925140703936279e+01
-2.956568261456813929e+01
-6.482106204569931585e+00
-8.055257786932489950e+00
-1.234928606094051950e+01
-1.735940843938579947e+00
-2.366990552026150141e+01
-2.740998188828887905e+01
-2.044813767084866996e+01
-2.907902907741950926e+01
-4.185191891268455322e+01
-3.860367174437576665e+01
-3.864424120519735339e+01
5.921017985064523259e+01
5.851448915594772870e+01
5.785504484470747144e+01
-4.175754263759002782e+01
-3.203845290609145025e+01
-3.060672636868563856e+01
-3.536292383649792725e+01
-5.943994298114056107e+01
-5.946928119068264351e+01
-3.267834724822802173e+01
-3.603351423893953154e+01
-3.139986307013796107e+01
-3.218203438358995783e+01
-2.609061817182575993e+01
5.780969701233013325e+01
2.236546945758921012e+01
1.910386335466263930e+01
1.700292302266328903e+01
-5.215812778016469053e+01
-4.853528218375699765e+01
-5.061415597814333722e+01
-5.203924490989823681e+01
1.458502807127858070e+01
-4.859967439407151346e+01
-5.142087848058542221e+01
-4.852200636460145233e+01
-7.731474584766859337e+00
-8.758290962790287182e+00
-1.258191088263503055e+01
1.310656030675126971e+01
8.438033545091618848e+00
8.491204392908331400e+00
-5.917765428345047241e+01
-5.846450807070676348e+01
-5.925439925789027740e+01
-5.883388762758129076e+01
1.500559664794941028e+01
5.668575554245526149e+01
5.711522635290487671e+01
5.845812635747029873e+01
3.501800393951842172e-01
5.953797380724653365e+00
-2.168396244499707137e+00
5.683419035436117817e+00
3.499527116744174293e+01
3.988838482801177321e+01
3.621464589621903229e+01
3.838552269115849924e+01
3.224121092189614046e+01
3.093781726684242983e+01
3.412696356712702084e+01
1.514601281702772084e+01
2.139789968833339984e+01
1.910687608152336026e+01
-2.629206584462167129e+01
-2.094563137943341857e+01
-2.597072112377793118e+01
-2.306190632031229981e+01
-4.950770321352288761e+01
-5.090354768693507026e+01
-5.331169941548127866e+01
2.909779320970541150e+01
2.930372080738674967e+01
2.338017457941445087e+01
7.304113438262636038e+00
1.279548834699230042e+01
7.234457960941938381e+00
1.319887958355656998e+01
2.211292779958242960e+01
-8.050795177233327493e+00
-9.323754784468594181e+00
-1.453687772892151031e+01
-2.251335870658634875e+01
-2.011511828348622899e+01
-2.591458830779854949e+01
-2.448500770286412020e+01
1.805855737142159967e+01
1.553770175329641923e+01
-1.170196565294251911e+01
-8.588073359230001813e+00
-1.562454547525688930e+01
-1.115259193939832016e+01
-1.976218117975185962e+01
-2.140264035064152992e+01
-1.528299322276481931e+01
-1.749992981645214130e+01
-5.930265689240660265e+01
-5.943276530929173163e+01
-5.854335452632628289e+01
-5.878260452000588288e+01
-5.853654357965641708e+01
-5.935598843588395113e+01
1.642605526083290002e+01
1.169273987888712085e+01
1.747644047645238885e+01
1.099448587183612069e+01
2.422114791186507077e+01
-4.466216671221732781e+01
-3.990077390355764209e+01
-4.498546561562758228e+01
-4.223011324513532827e+01
-4.482161032294734326e+01
-4.654345411339696170e+01
-4.819178423333114125e+01
2.923992900876096002e+01
3.543933577137266155e+01
3.285720718947975882e+01
5.865618680890798231e+01
-3.687748511801049034e+01
-3.447835486121805815e+01
2.513169765625509910e+01
2.093905747760457103e+01
2.607577770267192108e+01
-3.095942311529692859e+01
-2.976566212783540877e+01
-3.445836103832107256e+01
-3.282401873421836314e+01
-2.888592017123990985e+01
4.245630039958410151e+01
4.072139224529512092e+01
4.474772367911459980e+01
4.374882833363064094e+01
-2.339965313168325878e+01
-3.149810837478998948e+01
-2.395695165552649897e+01
-2.759219613477486988e+01
-4.534939173749758190e+00
-1.218273580062905914e+01
-8.759432456001267298e+00
-1.488821881596622987e+01
1.423176622395645019e+01
1.878309093638727134e+01
1.929217262528953825e+01
1.282602051291119949e+01
5.578824288326109837e+01
5.430663407769434770e+01
5.272584540507998696e+01
5.670501138244962647e+01
3.583950984472161849e+01
2.969215603037623907e+01
3.602514721126618724e+01
3.391747793266644351e+01
3.245524889542298297e+01
3.032980537031053103e+01
1.631741232304153044e+01
1.813543721415366861e+01
2.393000441109654020e+01
-3.841526373791708693e+01
-3.282611875741046958e+01
-3.753273652784635317e+01
-4.291201313893076730e+01
-4.431306340932182763e+01
-4.487863539730565776e+01
-1.686790831582181127e+01
-1.076723439296111984e+01
-1.323635085977240067e+01
-5.656357523332029302e+01
-1.165381910806173060e+01
-4.084065019823042597e+00
-1.012199282862141025e+01
-1.033862488244107958e+01
-7.787150551562880274e+00
-3.623186170473807977e+00
3.629824231959960201e+01
3.989446715636125873e+01
3.987998803239627676e+01
4.339167512088332757e+01
3.562188267126121843e+01
3.141075637461025849e+01
2.988430844540636855e+01
3.548262904643336668e+01
3.963918579531552666e+01
4.174242042178801171e+01
4.686080417246993335e+01
4.337997243394911351e+01
1.093990612121564965e+01
1.543365925086169987e+01
1.715613430116331983e+01
2.088423835655873972e+01
-2.315496684824365214e+00
-7.708819686511716895e+00
-7.906020296483549092e-01
-4.803225226949025206e+00
4.027252631897341217e+01
3.875951174321139092e+01
-1.226260833047034993e+01
-5.512313148176215982e+00
-6.689152091537947875e+00
-1.185044562307592919e+01
4.633517418747413075e+00
2.520736400917321027e-02
5.470457831214372568e+00
1.202483410145534926e+01
1.063447020166506007e+01
-3.200266793277084787e+01
-4.613665455823078076e+01
-4.113258040181406017e+01
-4.667491084899560150e+01
-4.356718041552971954e+01
-4.712379558844165928e+00
4.152097537256809745e-01
4.426549088304349233e+00
3.650274064587409839e+01
3.583254414498448170e+01
3.411522748387977799e+01
3.831752919086901699e+01
3.708528825091588033e+01
-3.348086202591470339e+01
-3.228773457679415770e+01
-2.890798563613531869e+01
4.175163262461047964e+01
4.634045652718034347e+01
4.440031437775775203e+01
3.957173325186556667e+01
4.093435604628739810e+01
4.482244459728332941e+01
1.151298175806421931e+01
7.574822496301588437e+00
1.107902130796023954e+01
5.555570389298971179e+00
1.044611723142251059e+01
1.193697134551998040e+01
-4.143728162304068974e+01
-3.834861169918907819e+01
-4.010354518107276078e+01
-2.438749198238626903e+01
-3.631101773320600756e+01
-3.160183366333864896e+01
-3.707410379795850019e+01
3.416709604237514242e+01
3.047409881337076953e+01
3.606345702285422306e+01
3.216095667413247128e+01
3.169475522883238128e+01
3.557270539815147714e+01
2.597815317886653119e+01
-4.715787459129864345e+01
-4.783783904847687296e+01
-5.003665118977571780e+01
-5.143526778862013771e+01
-5.236588707723325342e+01
4.846106803876290314e+01
-6.812364705025856892e+00
-1.378875645901742075e+01
-4.464212035659309130e+00
-3.809397292220357656e+01
-3.907800042429848730e+01
-4.138075034616851866e+01
-4.335045695790920917e+01
1.876489287164205066e+01
2.334963259548291958e+01
1.729419701080242078e+01
2.497297020088959840e+01
2.096146782441786982e+01
1.651403722252648976e+01
-1.914987060542739883e+01
-1.364258086395773084e+01
-1.744873965266504001e+01
-4.087734025566371088e+01
-4.575560674899247005e+01
-4.420980109822477289e+01
-4.164412444689138226e+01
2.450191748028887062e+01
2.853366526680083126e+01
2.718859736198582056e+01
-3.399196720986162745e+01
-3.663733037214183952e+01
-3.671916722754332341e+01
-5.501748686065109695e+01
-5.334110288517621967e+01
-5.396427006765288326e+01
-5.076162566566929968e+01
-3.509183765139918876e+01
-3.413151942292422802e+01
5.154775026518456826e+01
5.197952319289957046e+01
5.366149569109901307e+01
4.801037733902376914e+01
4.912185124440693329e+01
-2.566971066372198962e+01
-2.883457867113687101e+01
2.603335812343594924e+01
3.212563123703807122e+01
2.703526086935445960e+01
3.921437241762541159e+00
-1.871472712949598105e-01
-2.122567192571216843e+00
2.921809331385678021e+01
-1.939305353582878055e+01
-1.823396340439878927e+01
-2.368645669853356850e+01
-2.108379784276865010e+01
1.080770386175063047e+00
-4.500125557755245254e+00
1.251092210394121107e+00
-3.302837992429883229e+01
-2.716318639283262115e+01
-3.112823383073038030e+01
-2.576894536223676013e+01
5.200657738970162924e+00
-5.095603449090796433e-01
5.941103732815585658e+01
5.904578153017003217e+01
5.859486072349154995e+01
3.101130387965167046e+01
3.092014081465729092e+01
2.633391677857770929e+01
3.614302876642737772e+01
5.969289743625134292e+01
5.073953094987246715e+01
5.213009919846047069e+01
4.962220680233158987e+01
1.576506919407412965e+01
2.386521023706042044e+01
2.359563129105314161e+01
1.810038176489119977e+01
1.391005725919290015e+01
1.960256692005194168e+01
1.380529369955520913e+01
1.980604640552867934e+01
2.137941856834190091e+01
1.669038825584654973e+01
3.964210512613460224e+01
3.701371753268801967e+01
4.208191191532179687e+01
2.981840552466823979e+01
3.407935821423053113e+01
3.374374433817762764e+01
5.967475801812030767e+01
5.893591674716631701e+01
5.860826094777770123e+01
3.639109325090876723e+01
2.632090940667965029e+01
3.031325308704131061e+01
-3.749897850856145709e+01
-4.105010079951814816e+01
-3.451672013036605335e+01
-3.775168797166890045e+01
-2.076608874289405904e+01
-1.761098178668279957e+01
-1.609849970229069882e+01
-2.394641841650199154e+01
-2.305003737030855149e+01
-1.842161905357696128e+01
-2.871089530508573873e+01
5.808925734805797703e+01
5.755482411257681008e+01
5.630382904256777721e+01
5.559523038266495121e+01
-4.166143008349968824e+01
-3.755311657863188657e+01
-3.925496868054970179e+01
-4.292480702286979266e+01
1.650301323742036175e+01
9.911620485543549464e+00
4.680506690975241746e+00
1.810997553573953978e+00
2.774287206663284877e+01
2.828517638214063012e+01
3.387593170580009172e+01
1.039778623699604942e+01
8.661403535250256525e+00
3.744290278002222916e+00
2.349310642250599912e+01
1.724976985449834999e+01
1.782467012165948006e+01
-2.809337018077959058e+01
-3.147215389266938956e+01
-3.636793195777669752e+01
-3.662334545734527325e+01
-4.091874635736820665e+01
-3.159419501954392118e+01
3.340228372302772897e+01
3.678455395693205787e+01
3.738645873899194783e+01
4.067928429604595664e+01
3.712937181107226792e+01
3.986611639639919247e+01
-5.749497388220248695e+01
-5.859440089584945355e+01
-5.708280881982197030e+01
-5.812052853295205779e+01
3.982181685809020166e+01
-1.552973202493033966e+01
-2.021178825471720941e+01
5.768691762985914018e+00
1.460922447956997949e+01
9.647314712188487462e+00
-3.150080223588937134e+00
-9.079138453734085346e+00
-8.449305387206889506e+00
4.021048146192097761e+01
4.243091501720952152e+01
-5.541308411814098278e+00
-1.702527754484006950e+00
5.560968997949152737e+01
5.638334702360195649e+01
7.417551494075993013e+00
8.758033251346477144e+00
3.552581160742144917e+00
1.239755915102269057e+01
-5.359621608149237915e+01
-5.204958493862673663e+01
-5.317607117852048049e+01
-5.164185402102435773e+01
9.737981354190559102e+00
8.548810564700980663e+00
3.579826585116347992e+00
2.518780635370167076e+01
2.659881057755924161e+01
2.986110083566932971e+01
3.538049726715197352e+01
3.285548155116718760e+01
-2.900684931449812964e+01
-2.334769471896631998e+01
5.153248592151223306e+01
5.128307417195296125e+01
5.363500630640633915e+01
-2.315639872335987093e+01
1.570493863063330053e+01
1.870970672702732074e+01
1.279727941881309050e+01
-4.083712277807345004e+01
-4.466881133587069286e+01
-4.147411072045770908e+01
-5.733261584186721649e+01
-4.251855508335300726e+01
-2.414772257999283056e+01
3.750035723019576039e+01
3.822243282116185981e+01
-3.297546645923765141e+01
-2.987619302716656122e+01
-2.915113783747793974e+01
-3.072247990836815035e+01
6.452608267287092580e+00
1.350450741975883062e+01
-4.461647248720866088e+01
-4.890989680075914947e+01
-4.531839370870846295e+01
-3.783953358952476265e+01
1.466233957088060080e+01
7.862562610373763583e+00
1.286862033121790994e+01
-4.133418653869549786e+01
-4.444040741684025875e+01
-5.638649147526106020e+01
-5.617064139638811326e+01
-5.482547656641776257e+01
1.705731358066010017e+01
2.321796117053920128e+01
-5.807350478768609037e+01
-5.685910680267178208e+01
1.180206444542898048e+01
-3.666679016684061310e+01
-3.298215586762898965e+01
-3.564115630212687336e+01
4.400287760440235729e+01
4.757980721057492701e+01
4.786393869897384690e+01
-3.901010889490636657e+01
-3.340606315221555178e+01
-2.875530866106078065e+01
-5.777846202753310934e+01
-5.712120522343602858e+01
-3.182684648328600119e+01
5.963253945424497005e+01
5.993266206685382258e+01
5.995750126236166722e+01
-3.859569595251846863e+01
-3.589808712392851220e+01
-4.123841894861791246e+01
4.280789116244306314e+01
4.275216825674993260e+01
4.025843139019072936e+01
-3.759738725801265247e+01
-3.993872500746287102e+01
-4.125811864131213014e+01
-3.754909146787871776e+01
-2.995277448192463865e+01
-2.890539647447955929e+01
-5.441059623999066019e+01
-5.264107435125079348e+01
-3.121982073114466871e+01
-1.546822554312785059e+01
-2.163983009100568111e+01
-2.206323403142625850e+01
-1.956133009244089038e+01
-2.677711471775576868e+01
-2.383664424959406958e+01
-2.528205478089872926e+01
-4.766689948370110841e+00
-2.180806887867764221e+00
-8.894756635925359589e+00
-2.416819101899169908e+01
-2.489856985907164955e+01
-2.915290804751381870e+01
-2.945279932887964947e+01
-3.192812503285540870e+01
3.944801889891314772e+01
3.849791834807321322e+01
5.588278826317586834e+01
5.413690722938363820e+01
5.355020802390212253e+01
-8.882170908789255748e+00
-4.030609400903055750e+00
5.556037916409147215e+01
-4.673190945230254911e+00
3.104866329674345948e+00
-2.556251615406738842e-01
-3.934606618314321125e+00
1.984837774637919994e+00
-4.235344995608660668e+01
-3.880551739089857932e+01
-3.963754827068461850e+01
-4.266149148099604815e+01
-4.441119895454146160e+01
4.380374009916589984e+01
3.669083327708160880e+01
3.578701258671146235e+01
3.374262767493497250e+01
-1.141990127400321953e+01
-1.647204302063692083e+01
-1.309797776031462924e+01
2.678595016614333080e+00
-4.461505578369536096e+00
-4.447506171397123786e+00
6.826915816114700331e-01
-2.234645312185542920e+01
-2.329070816297506141e+01
-2.804103598392309138e+01
1.149947301559883961e+01
-1.068375897763234050e+01
2.372445098367247951e+01
2.886642946863182857e+01
3.005895920932135112e+01
2.087918228348431882e+01
2.394262595455344922e+01
5.917331783358864072e+01
-2.850320743952066849e+01
-3.141931857509061032e+01
-4.563159018799826327e+01
-4.606778356581863676e+01
-5.815629642259074217e+01
2.912508332668873834e+01
2.509552011174908870e+01
2.923269512821086025e+01
2.470063840514677977e+01
-4.102133981549061303e+01
1.269290578896194965e+01
6.316642240641611394e+00
8.246192157716237148e+00
-2.375544978623974046e+01
-2.032897209181711062e+01
-2.320241254580528079e+01
3.248575875785412137e+01
-1.951932630411457126e+01
1.854635482708136962e+01
-1.007291914370953911e+01
-1.029255647503867088e+01
-1.447296840644266958e+01
-1.737587676482586119e+01
1.710518295044478876e+01
2.217494255746640164e+01
5.452713504546611745e+01
5.527507227789146071e+01
-1.059076092814706982e+01
-1.518692950128390962e+01
5.911165160049574752e+01
5.902039531783398729e+01
5.791083608279222972e+01
5.774302532066214866e+01
-3.799561396058371798e+01
-3.798778242688843676e+01
-3.301692353196734331e+01
-3.000331147301514179e+00
-1.049167328391872012e+01
2.843919440337435844e+01
2.870366013600004962e+01
3.311690513366085753e+01
3.462380521148691059e+01
3.842689082202836204e+01
-1.265499760466079948e+01
-7.920170847919052903e+00
-1.144132191003705046e+01
-7.397108019723027006e+00
-2.537388464579315084e+01
5.645541342916668981e+01
5.399587394858230738e+01
5.542652243228930331e+01
5.245849750717241733e+01
7.335760340917593325e+00
7.427894319841534809e+00
3.375666962743277111e+01
3.708716650145318994e+01
5.396340075365755240e+01
5.483452257558398912e+01
5.245092650200493267e+01
5.488255737056289263e+01
5.360468313858788036e+01
5.595177073287310066e+01
5.462717382352396100e+01
3.553493819541885301e+01
3.434238910680932833e+01
3.957363454724850271e+01
3.897146239853596228e+01
3.350546180940551722e+01
-1.872717916079638911e+01
4.290579042351013328e+01
4.030432552645915223e+01
4.272387343786336800e+01
5.425020009843723301e+01
5.656469199524399016e+01
5.513538792065691752e+01
5.663086693490752310e+01
4.271535496454497860e+01
3.163793470794878004e+01
3.507521345939959190e+01
3.244613468872214668e+01
5.883600875832262744e+01
5.819889944273173654e+01
5.848241825260117110e+01
3.546361298691859787e+01
-1.422895742649924955e+01
-1.969945483975541123e+01
-1.868237453012915950e+01
-1.361155920920617923e+01
-3.575790419477723248e+01
3.828017117121885349e+01
3.352262418858075677e+01
3.363288125751984836e+01
-4.528616476548641145e+01
-4.837453069535254713e+01
-1.341670114296806027e+01
-1.665549002484344854e+01
-2.005130434165166875e+01
-2.284819492664558993e+01
-2.004667787663721157e+01
-1.595196414719580069e+01
4.509575472017323960e+01
4.277150362394972660e+01
-4.049485871944627036e+01
4.717032242876302206e+01
4.527807376816051743e+01
3.828616363263409994e+01
4.402190470237208331e+01
3.898118283643751170e+01
4.220123025263457350e+01
3.735703342191735743e+01
4.394298317391624664e+01
4.287872453283630136e+01
4.633925594419216054e+01
-7.409296811465413413e+00
-3.128320713314387991e+00
-1.231767454974125009e+01
5.010964543511258640e+00
8.507468386436505270e+00
8.433014946669258549e+00
-4.970105297053746085e+01
-4.629888070681189305e+01
-4.773029744640906813e+01
-2.571343929598500111e+01
-2.520992019542615026e+01
-1.285111406995421035e+01
-7.501343030227048736e+00
-3.301259547200707800e+00
-2.451826803914070041e+01
-2.704810495650616886e+01
-2.480383070633736153e+01
1.967289926217931040e+01
1.558509931479821020e+01
1.445808482993090927e+01
-1.931816082658487943e+01
-4.517907568217607661e+01
-4.804821201319592205e+01
1.063491208681795008e+01
5.792432809164937879e+01
5.732784962298840981e+01
5.856017945319837992e+01
-4.086026763389435956e+01
-4.115487693512788780e+01
9.079614042907985905e+00
3.338958549453975966e+00
6.087463795354405960e+00
6.351348129561096734e+00
-1.838398568199330896e+01
-1.994794351225445084e+01
-2.000425052810231108e+01
-2.681225587203502059e+01
-1.265431139985500053e+01
-8.747663171252241909e+00
-5.607538385428573413e+00
-1.058852282714016013e+01
5.383746959079673822e+00
2.182118823614770164e+00
3.473781522880098294e+01
3.614199169171632775e+01
2.718636008055560893e+01
2.828842750984145127e+01
2.520949930216880119e+01
2.883980615011120108e+01
2.801627836169998886e+01
2.942405193956535925e+01
3.299194530558140315e+01
-8.930393009352886935e+00
-6.176152210476496762e+00
-1.356839365431775057e+01
-2.217395581294264950e+00
-1.055656600699387937e+01
-5.355716017259008588e+00
1.709730174941731917e+01
1.611857338073086865e+01
2.170925743492945159e+01
2.299167671455147044e+01
2.070756610144161058e+01
-4.418855305789048771e+01
-4.144900545913718304e+01
-4.301565067988988744e+01
-7.636768543266986953e+00
-1.299515746967028029e+01
-1.220137355258330025e+01
-4.269092395164921072e+01
-3.783951341245573019e+01
-3.847221632663808322e+01
1.950234971034211995e+01
2.767547749639284049e+01
2.403580375323361906e+01
4.099667043137184663e+01
3.699613738525403761e+01
3.994335141292238944e+01
-5.705049213261730046e+01
-5.866362270177422999e+01
-5.816806442602762672e+01
-2.161105346850979103e+01
-1.988707483896311956e+01
-2.079598664507676986e+01
-2.705644221017175965e+01
4.114921879143184924e+01
1.636847759198796126e+01
3.897479050491747898e+01
-3.227915376781609069e+01
-2.730395284484009011e+01
-3.183262907218000137e+01
-3.445443093547518743e+01
-3.068139856198384052e+01
-3.588366858027755768e+01
-2.518204699431568017e+01
-3.106319820400582898e+01
-2.563119626708951060e+01
-3.008968339008523074e+01
-5.142385051738588686e+01
-4.770932792226256680e+01
-5.075672336245366978e+01
-5.069742739101771889e+01
-5.383224611342350130e+01
-1.729549781012972076e+01
-1.450823975901855079e+01
-6.354826552406954931e+00
-1.026083560457997024e+01
7.633683170645055860e+00
7.840571611004784280e+00
-4.347025690812927223e+01
-4.155282999296993296e+01
5.658757456567784061e+01
5.557497638376892723e+01
5.557020453006037286e+01
-2.146156212354095061e+01
-1.813729677967081955e+01
-1.768110196373190846e+01
-4.335301987126290868e+01
-4.741134482979032327e+01
-1.351510080069703079e+01
-1.386005777719904941e+01
-5.348656305698899871e+01
-5.178785276030667717e+01
-5.004231639971114731e+01
-4.841696429535691948e+01
-2.125681079198191981e+01
-2.398043859750502094e+01
-4.284529593428916883e+01
-4.480487632778884688e+01
-4.216877319928885015e+01
-4.437648822316047159e+01
5.053517773044175954e+01
4.814037565580589018e+01
1.033981645923994108e+00
2.314336325259568028e+01
4.178808291881959747e+01
4.549915368967442220e+01
4.117313568414331826e+01
4.457081965993271666e+01
4.603468899159629046e+01
1.023790543493331029e+01
6.401109355796316791e+00
3.297096091509089888e+00
2.649508788646645030e+01
1.993660623487292938e+01
2.167719764608661137e+01
1.485421369875133912e+01
1.815077574613759026e+01
3.458810881303345752e+01
3.872776046591720700e+01
3.858993449351540761e+01
-1.608587542480726995e+00
-4.748030252777764026e+00
2.544793955826080989e+01
1.768985220396337965e+01
2.578388410537102970e+01
2.038505564613807053e+01
-3.933795486817165710e+01
-5.763730739417447779e+01
-5.548966199705336066e+01
1.294388038924406992e+01
7.227066061314067369e+00
1.210024128426828049e+01
7.430781860906141567e+00
-2.246842192361607005e+01
-2.073795575765219112e+01
-2.597327123776791069e+01
3.737246017664367770e+01
3.695465771579434744e+01
-1.583222356903569938e+01
-1.118251548787963046e+01
-1.719551880632464957e+01
-4.920992154795519014e+01
-4.789416175795607700e+01
-4.706428197569243821e+01
3.380241713913120094e+01
3.307404365539338187e+01
3.873858302878289805e+01
3.257641499162144783e+01
-3.540059698316152748e+01
1.176960474496820019e+01
7.907279543972727254e+00
2.112008440103905205e+00
-3.759710144314683333e+01
-3.267468589464881745e+01
-3.346014100105693245e+01
-4.792429636999339237e+01
2.987627673297550146e+01
2.846260367147995041e+01
-4.951994014293965307e+01
5.371059722090812016e+01
5.226168492806972665e+01
5.514582099083794731e+01
5.508753315976517229e+01
-1.500683818498898958e+01
-3.929378453001748284e+01
-3.665396412060575670e+01
-3.443405032224210771e+01
-3.699255974296759319e+01
-3.398692028971783685e+01
5.358216445584056942e+01
5.455330323978334661e+01
1.979535254861549021e+00
4.775609297485881655e+01
4.894790673267655023e+01
4.964967363414785240e+01
4.794081469791343864e+01
-4.158884007937565741e+01
-3.695661305676191688e+01
-3.857948858623220900e+01
1.725026055547489889e+01
1.989410761326604060e+01
2.057581065171293133e+01
1.707398913609161895e+01
2.850199443082489026e+01
3.143480148281447839e+01
2.696934893053916937e+01
2.365097523553284020e+01
2.273641820791581125e+01
3.785966863274244787e+01
4.031264161913343713e+01
-2.003868806984792883e+01
-1.440513455503242923e+01
-1.937582785504861960e+01
-4.006868983524376659e+01
-3.532420093480217815e+01
-3.854913406641001217e+01
-5.303081726294146137e+01
-5.338594125274271818e+01
-5.550737706078191991e+01
3.062109940203756153e+01
3.396779874189402904e+01
4.352119919859372033e+01
4.181808417894208674e+01
3.918344054307853241e+01
3.789610795067587645e+01
4.078276430077980308e+01
2.054837676453718132e+01
1.643889994647179975e+01
1.368356770935474032e+01
2.051802535177978015e+01
2.636822278974624822e+01
-5.670476801396839761e+01
-5.613403601550176347e+01
3.077754287879940165e+01
3.501534578072214998e+01
3.030347014268640038e+01
2.543309933615460849e+01
2.609782613006175112e+01
-1.093494835623814998e+00
3.457256488880839029e+00
-1.625586831817419053e+01
-2.117052368340176827e+01
-4.711920185759713320e+01
-4.510191323096123028e+01
-4.392946661230117655e+01
-4.574974745002189991e+01
2.917681036847525000e+00
-4.854654669374276921e+01
-4.629511441077325173e+01
1.194465109140844916e+01
2.245847022439235019e+01
-3.590521137287524311e+01
-2.939176252966939984e+01
-3.139724864343950017e+01
-2.483371984642630981e+00
-6.077915374731846399e+00
-3.420115549361823781e+01
-1.560512353925384943e+01
-1.570047489265646945e+01
5.527261643608046171e+01
6.794545212556296399e+00
6.788764556510307635e+00
1.117906526743272089e+01
1.036303947398645953e+01
-3.109896796834985011e+01
-2.874588611284429973e+01
-2.658364701629210103e+01
-2.282810024932037862e+01
-2.323733573755286841e+01
-1.752974785724856943e+01
-1.955231684568089889e+01
-4.647913385756639926e+00
1.918150427581845063e+00
9.083289606590423393e-01
-3.932419015693521036e+00
3.148348414565048969e+01
3.490265558831198689e+01
3.042513673809314056e+01
-1.621281823349828954e+01
-1.040915982492271930e+01
1.536701234555436990e+01
1.965971844067493990e+01
2.225498760909932017e+01
3.268346779493573706e+01
3.758826380916053722e+01
3.260352816205671189e+01
-1.393205735750584928e+01
-1.937279290121821163e+01
-1.593554349935963010e+01
3.243364941455809003e+01
9.406031307908180317e-01
4.461898042173427115e+01
4.285590137470809680e+01
5.683030775742155072e+01
5.715531171980222069e+01
5.643324133208400184e+01
2.886339183109193129e+01
3.042492821848414053e+01
9.933038941380832654e+00
2.957156801727542916e+00
5.649363177578703876e+00
1.179914083743483921e+01
-3.649264781669042890e+01
6.569113076327235845e+00
1.236968173248672009e+01
1.091949532304938941e+01
-3.138469007788480880e+01
-2.805011681142012137e+01
-2.591282318823623854e+01
6.846392254932680110e+00
1.428408408723231915e+01
5.706151979339114177e+01
2.747580548276528845e+01
2.082911093276177894e+01
2.000321034921933006e+01
2.248735083058461015e+01
4.127916822177172662e+01
4.347362117132230708e+01
1.561291142291925915e+01
-5.199902443097794702e+01
-5.379877258825913344e+01
-5.506838492334593127e+01
4.479838124851382730e+01
4.025458953826929331e+01
4.202250372196078843e+01
1.133631792347478928e+01
1.881880771145362985e+01
-3.936312672617732034e+01
2.772754525162083894e+01
5.574717766171121980e+01
5.665140945412761653e+01
5.443147784650007281e+01
5.569887953572060724e+01
-9.502447909221958255e+00
-1.502310730426068019e+01
-1.206521962416447913e+01
-1.393264544938887006e+01
1.594470845831803985e+01
5.440251984511110805e+01
-2.885696212221141010e+01
1.605335591592295996e+00
1.108242395885081066e+01
1.588372700313252039e+01
1.555659851695324036e+01
4.899163871604029219e-01
-1.033728985310367943e+00
5.260912588817988933e+01
5.019323290453151287e+01
5.397351391066420234e+01
5.212329426260497200e+01
-4.538399737857049843e+01
-4.641823856603687659e+01
-4.333391040835491737e+01
2.232862354963214102e+01
1.140406057941821949e+01
5.365424597972534571e+00
1.566221505417147952e+01
2.049661866001018140e+01
-4.799987331800657131e+01
-4.520471854353755248e+01
-4.412485873834665995e+01
-4.776761566173019702e+01
-5.078896148966180135e+01
-2.792123649573370781e+00
2.186124541113845865e+01
5.940424297802606191e+01
5.954819043248529198e+01
5.987739522013823290e+01
5.427304495056865186e+00
6.860562883617090435e+00
1.614743573175534053e+01
2.710261591224266908e+01
2.627967897641464035e+01
-9.948278945474692492e+00
-1.603837852737003900e+01
-1.650544031395013889e+01
4.991069626967544082e+01
5.276139554544044330e+01
5.052567980326536912e+01
-2.671475035793572061e+01
-1.807728521330205140e+01
-1.990153766169591876e+01
-1.387371282012290052e+01
2.399741076135240903e+01
1.039566331913763975e+01
4.973229148468296756e+01
4.567989481161843912e+01
2.344527690648325002e+00
-3.227079787531498267e-01
5.667711109738742259e+00
5.026381872180987642e+00
4.282805440306874090e+01
4.608767924732556764e+01
4.506800568400551299e+01
-4.164216573694511681e+01
-4.424278280917990003e+01
-5.271136537508986919e+01
-5.549773670659271829e+01
-5.332035708339269320e+01
-1.416046154615234975e+01
-1.003822198302055924e+01
-4.636015503797482751e+01
-4.675934782744783291e+01
-4.273098086961091724e+01
-4.533277159272162748e+01
-5.887352862543413323e+01
-1.734597167728172096e+01
-2.984576513570356937e+01
-3.004789081915845017e+01
-3.520986420046145327e+01
-3.430970911503344922e+01
-3.486130195309571178e+01
2.397563203392737918e+01
2.198401743364230043e+01
1.533907991765786072e+01
1.630678871864952839e+01
-3.360319685179545957e+01
-3.411775952237717746e+01
-2.935276101746505972e+01
-3.039352030798725934e+01
4.440269909224500822e+01
-5.508729904638271613e+00
2.880047390040902044e+01
-3.573148573677909212e+01
-3.476870754669896257e+01
-3.343458254131572005e+01
2.509131171664452964e+01
2.040570104224079984e+01
-1.943004740455581114e+01
-1.516806516704311036e+01
-2.143835178450942891e+01
-2.115351846998306939e+01
2.678945212110097884e+01
2.456652847808650009e+01
-3.248905303743831130e+00
-2.678829665150184169e+00
-9.192056630809689821e+00
-5.644999813796020760e+01
-5.538996812706829331e+01
-5.562621071874732337e+01
-5.627529145393253884e+01
5.498283396436100645e+00
-2.338970068641000877e-01
6.529644590792733183e+00
-1.429221234650023931e+01
-1.854580751285218909e+01
-1.984862974592191875e+01
-7.697868524384716693e-01
-2.064715503519252948e+01
-1.811339725985551041e+01
-1.383852103467654970e+01
-1.308787982945366046e+01
-1.718605428597832940e+01
4.875815416647328249e+01
5.022843995304631903e+01
-2.789857066794048990e+01
5.407976240667957768e+01
-3.004637588368922962e+01
-1.402304847937356058e+01
-9.817612097420049366e+00
4.464320285209797134e+01
4.088499699562932932e+01
4.422929092709509291e+01
4.103397413047051856e+01
5.761770185757077201e+01
5.743328619792008283e+01
5.571097086811459320e+01
5.222543229495929040e+01
4.219634489417097711e+01
4.432734323941912891e+01
4.664359003649804691e+01
2.303733252645172058e+01
1.647769760670016836e+01
2.291214977633828909e+01
2.986055831625350976e+01
1.941724763041789004e+01
1.382831464537300015e+01
1.783493723981290913e+01
4.061955570862920695e+00
8.411673557802414436e+00
1.173747360572729015e+01
2.639418416822544078e+00
-2.114335581300079170e+01
-2.030684003372875068e+01
-2.589519597390181893e+00
-2.992344206028694131e+01
-2.782949414758671125e+01
-2.479879719746375955e+01
-2.428072934022846852e+01
5.471346731475973613e+00
7.088921536816903402e-01
7.053336002308662422e+00
1.132267862679779080e+00
-4.843801911186091047e+00
-9.475502994993101780e+00
5.675881042589419678e+01
5.494615218901672904e+01
5.494604726709796694e+01
1.161691926550352960e+01
6.548014855023848391e+00
1.401822957045208007e+01
-1.584324195358103005e+01
-8.658577911860925624e+00
-2.848663142905796875e+01
-2.812479155739546144e+01
-2.215548392522525845e+01
-2.375330652237699880e+01
-1.883774423591703950e+01
-5.181458883421043282e+01
-5.066659671870112902e+01
2.869470663429279966e+01
3.087702800700539996e+01
2.614167470448263941e+01
-5.030083186420777253e+01
-2.491034825665007091e+01
-4.178767510099916649e+01
-4.520383172529248839e+01
-4.647187479715947944e+01
-4.898135303229454252e+01
3.563062448924698344e+01
3.788310137633458652e+01
-1.797803105412189950e+01
-1.928054672571876083e+01
-5.308205015540907823e+01
-5.448116986009984686e+01
-5.514931190302341690e+01
-5.421567652726095332e+01
-5.000196341775807696e+01
-5.023230508173543285e+01
-5.270481680672663316e+01
-7.232559891494094728e+00
-1.901641564934288908e+01
-1.774225558065726105e+01
-1.431783930113788017e+01
-3.657676901481796961e+01
-3.471634022241323692e+01
2.400122527152748120e+01
-4.427509772622421025e+01
-4.239356041027774324e+01
-4.159002255181839303e+01
-3.932443181811238020e+01
-5.612862523165514261e+01
-5.667984609197969093e+01
-3.921067943375319942e+01
3.288364169749643651e+01
3.386932684954266648e+01
3.674835271941923054e+01
3.474432294203533900e+01
-8.479802117777307302e+00
-4.514952730287650207e-01
-2.628281956750711856e+00
-1.213171514672598938e+01
-5.621081470704036853e+00
-3.935691255175086667e+01
3.344264616458754347e+01
-3.000335515830796851e+01
-3.615369639350399211e+01
-3.186062647018630045e+01
-2.699359052096399836e+01
-8.708634221597001401e-01
-2.933142671650339040e+00
2.897488936623025868e+00
-6.407412588772466222e+00
-2.270032187862757844e+00
2.319576698813803972e+01
2.538771733966492050e+01
3.088476001400620063e+01
2.750591526455277958e+01
3.489177833355100233e+01
-1.988660915296087950e+01
-1.408729750585131058e+01
-1.382179352369074010e+01
-2.611371829606164141e+01
-1.994902014784863908e+01
1.916083122235079017e+01
2.079361967283546875e+01
1.516632225152297941e+01
2.397419167480698832e+01
-2.257497619329906158e+01
-1.988507999510374091e+01
-1.522460714391128000e+01
-4.803351305064308718e+01
-4.610198671507878743e+01
-4.311884556318270612e+00
1.707130553190804034e-01
-7.881756207076381138e+00
2.444446801174299111e+01
-2.392491529233815939e+01
-2.634831601833613846e+01
-8.031386953060783540e+00
-3.689990282664453058e+00
-8.777217352612781909e+00
-4.160316307716127149e+00
4.556155114399304296e+01
-4.601541630852478804e+00
-3.323758662242069306e+01
-1.792180965083721134e+01
-7.238091693943013993e+00
4.666896771769044250e+01
4.502716633453022865e+01
4.200363142898685709e+01
-1.175034950769176945e+01
4.010982436977481314e+01
4.538947701070682683e+01
4.413460755718371331e+01
4.001387576555885772e+01
4.394267984705280128e+01
1.722685370449481823e+01
1.558588959751631009e+01
2.174678116091200053e+01
1.021359335046910033e+01
5.144246032715744832e+01
4.849896638584373676e+01
1.996851837961641962e+01
2.003923378533670885e+01
-8.347725544389446029e+00
-5.034429156093838564e+00
-3.040133126979509992e+00
-5.145795263221418736e+01
-4.958257382828413284e+01
-5.033981753777960222e+01
-4.565056074183718948e+01
-4.048535599643356875e+01
-1.761052254994757149e+01
-1.114868394596465961e+01
-1.624980676489553844e+01
-7.744692832299827856e+00
3.144181026716769978e+01
2.580763621092708959e+01
2.945380991526628023e+01
2.943391739521171857e+01
2.601887223438794905e+01
-2.333442114056855843e+01
-1.904036503591551011e+01
-2.401649593081840095e+01
4.555840909335822886e+01
-5.781154863248831788e+01
-5.720473519183993716e+01
-5.753711033105334849e+01
2.317992358571328992e+01
2.563525412634009015e+01
2.825520703277441115e+01
1.943995007581433043e+01
1.633646724267720884e+01
9.657650860451241215e+00
8.601009868258723046e+00
1.132304949676037076e+01
1.245758389682858081e+01
1.691151958559299828e+01
2.018731480675234025e+01
1.585237204089104068e+01
1.620010385302154177e+01
-4.431542884695565121e+00
-1.120880021727995057e+01
-1.507489957413618953e+01
2.346077855587864036e+01
-4.677227577962477056e+01
-8.116397290212743698e+00
-3.705917685273524942e+00
-1.231124165985952068e+01
-6.800887847336922754e+00
-1.669472598178089129e+01
-4.903602598105823063e+01
-4.824458233830362275e+01
-2.557521245334337934e+01
2.290126123648380130e+01
1.819378918595707972e+01
2.446986330312704894e+01
2.055095956336536034e+01
1.253198731037307923e+01
1.341618194431947941e+01
-4.768351245988615261e+01
-4.338356598323287017e+01
-4.700908715094153223e+01
-4.373729279593909069e+01
-5.322293764697994334e+01
-5.381133644473469957e+01
-5.418767599625048348e+01
-5.228300341399763340e+01
-3.716875632898418758e+01
-3.673061809016567736e+01
-3.460334156234919334e+01
4.468677581475208882e+01
4.402911039518347280e+01
3.911167458802110275e+01
4.062587456492464355e+01
4.694790698771051751e+01
4.465714867225609908e+01
4.812245809654538675e+01
4.632756690547022771e+01
3.669663590744033854e+01
7.052763800893139035e+00
1.267720623687161030e+01
7.537676443570862972e+00
-4.112973990287101422e+00
-9.335252301474401548e+00
1.001260806610400067e+01
-1.826167398821591092e+01
-4.963566136389175654e+01
-5.042104685093590177e+01
-4.679729968379358240e+01
-5.164366307162386249e+01
-2.963111467669466137e+01
-3.242954799112715136e+01
-2.662233020396453043e+01
-3.482869854301382873e+01
-3.807074001484674852e+01
4.502469904242276755e+01
4.110651615522075275e+01
4.069623307755699670e+01
-1.144476243865243958e+01
-3.566500327357299938e+00
-8.632751772009681801e+00
-1.846792129183835129e+01
-4.312281491653445897e+01
-4.353718121582105738e+01
-4.593559808012489754e+01
-4.760861513126876332e+01
-4.509022673516874136e+01
-1.752848757603953089e+01
-1.929717445077583093e+01
-1.467564775975784030e+01
3.162743125096936936e+01
-2.877459843628541947e+01
-2.097649946471407034e+01
-2.458840365928566030e+01
3.829662561053081760e+01
3.302911939916339890e+01
-3.829071500243554738e+01
-3.794647949964239331e+01
-3.429512591239078745e+01
-3.511319650067552089e+01
-3.582339501743489762e+01
-3.122767745775863091e+01
-2.284069054550976929e+01
-4.261830633258678347e+01
-3.801205161470132055e+01
-2.619143125823972795e+00
-4.096116144202358100e+01
-3.747253624614366174e+01
5.496872459195463279e+01
5.505948490220509228e+01
5.405144876105274676e+01
5.382862432928457963e+01
5.473767390413924261e+01
5.368517332753940963e+01
3.139799299289807877e+01
3.465012286147432974e+01
3.840747591309614251e+01
4.071778340527404083e+01
3.883843607133405129e+01
-5.439707880101229165e+01
-5.588965539962985929e+01
9.849489781068487826e-01
4.173747806547618922e+01
4.349278955563860904e+01
1.816412749677354110e-01
-5.309351173092247222e+01
-3.492130655608031731e+01
-3.629444643727079267e+01
-2.971932301896656980e+01
-2.311791207304070994e+01
-3.017465682865497101e+01
-5.109025849841229672e+01
2.563313657849825944e+01
2.392764511991306975e+01
3.679829964660554253e+01
4.192789624572237983e+01
4.360232431439224854e+01
4.526084512223589229e+01
-4.856104653657975234e+01
-2.998718814897123863e+01
-5.519261602337618910e+01
-5.671166291530487058e+01
-5.896882420900505650e+01
-5.958742868150020655e+01
-5.956819542151926328e+01
-2.855547413126079093e+01
-2.608497130174180967e+01
-3.089843686383161980e+01
-2.091606581797459086e+01
-3.434590884737369976e+01
-3.889413998163300334e+01
-3.913374466657511164e+01
-5.909902733743304282e+01
-5.958266679807792343e+01
-5.867318430473382307e+01
-3.353296190243794683e+01
-5.111989066197666176e+01
-5.148791147157770354e+01
-5.440095863144765076e+01
-5.441655349098518002e+01
-5.359180870214471071e+01
5.619175088051974143e+01
5.337263384429014224e+01
-5.561844072719296861e+01
-3.340397866430289042e+01
-2.846640526033085905e+01
-6.718004107378598100e+00
-5.992431770624229870e+01
-5.995904285282841784e+01
-2.942890807334445924e+01
-3.682385103099777268e+01
-1.689454495688788915e+00
3.356044550517502945e+00
-2.452563120694598808e+00
2.909121760871682838e+00
-3.690352571962070272e+01
-5.866514385024586886e+01
1.792279246017168859e+01
1.409493530497121050e+01
2.150773485420247155e+01
5.120284292273478854e+01
5.266538948656828012e+01
5.110634011472239280e+01
5.286511591827184731e+01
5.120527854344622654e+01
-5.913383101554448729e+01
-4.909977215519590032e+01
-5.066226456237181708e+01
4.499428058863663260e+00
-2.162524775605894956e+00
2.797253955183010010e+00
1.569023157347605002e+00
3.226401845324880924e+01
-5.607280483506166746e+01
-5.754422168797430004e+01
-5.712817023772073810e+01
1.278469645735633087e+01
1.720389677567073861e+01
1.209093154859954033e+01
-5.922237279266870758e+01
-5.820742992496211343e+01
3.829288959726657993e+01
4.341082301098082041e+01
4.182230136782573027e+01
4.600906950217550673e+01
-5.896277837274477207e+01
-2.964527593258063831e+01
-3.526847601579577685e+01
-4.626629506773902278e+01
-4.496620714042045108e+01
-5.761919552960969071e+01
5.788692168914199243e+01
-5.981787110257055673e+01
-5.945231797308702681e+01
-4.044208513137835581e+00
-3.287145873105025151e-01
2.331422280817057047e+00
-4.323009311692742607e+00
1.023491739052911020e+00
1.485027208063809034e+01
1.875899249244590905e+01
1.635329756752927111e+01
1.076405324028269028e+01
4.038866105622613389e+00
8.271665649388390662e+00
4.302413405812630742e+01
4.699249378084557094e+01
1.858025983086283972e+01
1.912777040761134018e+01
3.929988138687608057e+01
3.627934950155558891e+00
8.833170288414372351e+00
-4.641365087987598059e+01
1.076197921979295913e+01
-3.969231761309895745e+01
-4.464476100060984720e+01
3.086351778921363831e+01
3.075247805867187978e+01
-1.100747109199090978e+01
8.695146079805967432e+00
-3.529686418307593243e+01
-4.321212537920359154e+01
-4.568160682456984745e+01
-1.143370194065339085e+01
-1.622426989347817994e+01
-2.056647955494796065e+01
2.734108266676988919e+00
8.830550013613628346e-01
-1.794209723991454952e+00
5.157677755696808219e+01
5.136835203273096084e+01
5.337151889466842647e+01
-4.468672410106442783e+01
-4.209195456252243162e+01
-4.957809799411023732e+01
-5.063232567318645749e+01
-5.438502807318116794e+01
-5.173811850034208248e+01
-5.336025837402584671e+01
4.434036098650676649e+01
4.049504129944750019e+01
4.106676127564232104e+01
2.542291414031407015e+01
2.725461316276858170e+01
1.400152323120060061e+01
1.632510716250985894e+01
2.465169442282084944e+01
1.997043511238607039e+01
2.691283041224629002e+01
1.704732046687308866e+01
1.261163056303131924e+01
-1.881933940849188858e+01
-1.427330723182227956e+01
-1.949881652990828940e+01
-2.425805497048024861e+01
-2.207990234006972941e+01
-4.954540849666354774e+01
-4.573584765298115684e+01
-4.755056300046263118e+01
-5.020128708846520738e+01
3.034379699508641082e+01
1.484535834198132953e+01
2.425728446256621851e+01
1.788913880736303952e+01
2.519574497280708059e+01
-3.455374234485299212e+01
3.891828981959198330e+01
3.424288333011770646e+01
-9.787639045961572748e+00
-4.518979559344799668e+00
-1.004047825676754968e+01
-3.783659157399589645e+01
-3.935553457910152986e+01
-3.565225698677119937e+01
-3.157518391312773076e+01
1.458031527180756015e+01
1.723185138264684113e+01
1.032792530904531070e+01
8.339264416597741203e+00
2.177496175266819023e+01
-1.899108852573442974e+01
4.022824466546745015e+01
3.678821367563474354e+01
5.414410809228336774e+01
2.106868312898332984e+00
4.816318235156182226e+01
4.951173835919677657e+01
3.078970109355131868e+01
3.121097584216278875e+01
-3.730578723421947274e+01
-4.336199541241936828e+01
-4.077407732393386652e+01
-4.064580301588973299e+01
-1.187329921052961978e+01
-1.657950236013396150e+01
-2.043005276831683048e+01
-2.621059488083204059e+01
5.050340248202297033e+01
5.299743133812140883e+01
5.385025287892064938e+01
4.909101690756148173e+01
5.024626864690586103e+01
5.140544636449771332e+01
4.926567474559050197e+01
4.953545566263485966e+01
4.753110341596934063e+01
3.898844977952992963e+01
-3.232271584106490181e+00
-4.066182879286427720e+01
-4.246927293505115841e+01
-4.174141441994193258e+01
4.484343528894027742e+01
4.734051568133519083e+01
4.859874734701413956e+01
5.106803166755459245e+01
5.150887786582652694e+01
5.257052365691279761e+01
4.921315654248279259e+01
4.865749842708005701e+01
-1.191274513123445011e+01
-4.136091057975394136e+01
-3.395632324381323741e+01
1.113081776487599095e+00
-3.948554889086087205e-01
-3.256769361398586682e+01
-3.451533959183972655e+01
-1.057643637687026938e+01
-8.031812952338666989e+00
-2.589664635149021876e+01
-1.551779451851384017e+01
-1.122179889700477950e+01
4.473077866030393324e+01
4.199559272043919833e+01
4.492016542525041700e+01
1.691583380169399931e+01
2.152724227279004054e+01
1.550049129486128052e+01
2.101742772941156900e+01
2.474007163836536094e+01
2.018277524823496094e+01
2.539215728346878009e+01
4.815242406306702350e+01
4.884802594715323210e+01
5.067700188646500692e+01
-2.300576355529413064e+01
3.813695738436462079e+01
3.734554118591925231e+01
4.020119930742737324e+01
-2.177109989404798895e+01
-1.712422645439423974e+01
-2.455355364678917951e+01
-1.369482318465965065e+01
3.475380767280010019e+01
3.857558764896700865e+01
3.596205407988340141e+01
-3.422799534647165132e+00
-9.181208710890526703e+00
-1.323714432440291056e+01
-4.130371654207581145e+01
-1.357092099012827013e+01
-9.406197790465464337e+00
5.956174145918920715e+01
5.992462840395580770e+01
-2.464069866483250948e+01
-3.976869531652896939e+01
-4.122436178997465817e+01
-4.478734352235593263e+01
-3.198493848990808885e+01
-2.882001419401069953e+01
-2.934820295092199061e+01
-3.213491217252889243e+01
-5.579949464303241768e+01
-5.667063521217136923e+01
-5.716965502383006736e+01
-3.923516228739487133e+01
-3.561062079223975729e+01
-4.002276965452180235e+01
-3.675493407509470245e+01
-4.311564250027379330e+01
-1.063204911306952916e+01
5.100239897080344775e+01
5.234217046387843908e+01
5.281839736280794995e+01
7.215267761555323567e+00
1.129609950621816949e+01
1.461845687350792922e+01
4.332866298517993897e+01
4.692930515676310677e+01
4.606767450125492758e+01
2.497614493471498887e-01
1.413991908617951987e+00
-3.561211013906584011e+00
-4.054005467845318122e+01
-3.044194550749320882e+00
-8.389094251037485961e+00
-8.325234607155513444e+00
2.816376200233193927e+01
3.002564260188018963e+01
-3.008418202556310206e+00
3.173345747309145981e+00
4.861316191974542278e+01
2.649033885919763875e+01
3.143027268673244023e+01
-5.978041464789623660e+01
1.635211645336050879e+01
1.120874995623876913e+01
-4.326888630726907792e+01
-5.228684580836748097e+01
-5.472479057825373161e+01
-5.520373990842556111e+01
-5.262171809655335863e+01
-5.495010844575755726e+01
4.101301803342102659e+01
4.821044764873386157e+01
5.044751510512043779e+01
-1.436352478089438023e+01
6.880482270860280636e+00
2.149293950093244021e+01
2.497482166589913177e+01
-7.954139797804442580e+00
2.260409415964543101e+01
-5.382848648750372611e+00
-4.321165750900226143e+00
2.175096047658899856e+00
-3.428796575556127824e-01
-6.147059936754818210e+00
-2.156415988617236934e+01
3.617734993046887126e+01
-1.555281683136536053e+01
4.126960288812328770e+01
3.807565191424414053e+01
-1.174058326183349088e+01
-2.092062728850763165e+01
-1.886339536177833054e+01
-5.416452804383938258e+01
5.820294562250020221e+01
5.772364991366131193e+01
-5.154285512902239219e+01
-5.288740779137563663e+01
-5.375872141793570336e+01
-1.617580240368408084e+01
3.568351637370074059e+01
3.967438257508828769e+01
8.601039582683446483e+00
1.463461240740275038e+01
3.556368041348179787e+01
3.714986845282415828e+01
3.215599262747377196e+01
2.908915696029283993e+01
-5.980527746585700299e+01
-5.989886734075832209e+01
3.275764574774530757e+01
-4.873442041419755810e+01
-4.467904302456805254e+01
-4.545991076673040965e+01
2.491334315414328060e+01
2.337427812974094010e+01
-3.209802884721410265e+01
2.879822289866129204e+00
4.262589001882933815e+01
2.431037198094616159e+01
2.704085438415079068e+01
5.529394207345809065e+01
-4.179114848186880948e+01
-4.548872789319962351e+01
-5.526572309685342077e+01
-2.454516149326806840e+01
-2.547657225627770927e+01
-2.932176460909980875e+01
-2.086235792622332852e+01
5.985400454932796777e+01
5.935929330378912283e+01
-5.830093869821200059e+01
1.472296192962289041e+01
-3.932499342119871244e+01
-3.990757536952993689e+01
-4.013305278290358302e+01
1.181784435405355937e+00
-1.249162234603200972e+00
2.833705808525211012e+01
2.313170510109085143e+01
2.559429043282012017e+01
2.829279081458584955e+01
-1.788345134104365997e+01
-4.836404012887827264e+01
4.741208833417596225e+01
2.177189019868018960e+01
3.065101779929545955e+01
-3.561204267521902267e+01
-3.457006299551554207e+01
-3.035815097433956922e+01
-3.292804013801917762e+01
-2.000354717097766866e+01
-2.292481798313329833e+01
-4.913716706661847233e+00
3.297100674572772760e+01
3.732044952572297802e+01
-4.667706071696633430e+00
-4.849639968222747655e+01
-5.007561767810531705e+01
-4.705047278880478245e+01
-4.731623738953734915e+01
-2.450348714186548094e+01
-5.639351137210771014e+01
-5.698771200407379212e+01
-5.545116757829988785e+01
-1.464582568131410945e+01
1.321380290094056065e+01
2.265927400509631084e+01
-4.396305507187268091e+01
-3.395417222594596751e+01
-3.184992661121145119e+01
3.064257910046945099e+01
4.978457928980858327e+01
4.980496177829149218e+01
4.620283816888800743e+01
4.703640513050469707e+01
-2.176384857180362076e+01
-2.297974668669921883e+01
-5.797270815596318272e+01
2.071796123312806870e+01
2.155516554652367844e+01
-2.517945979323076955e+01
5.760673303262510814e+01
3.672472986289719188e+00
4.702840947545289652e+01
5.139923652430704237e+01
4.851917418686498706e+01
-2.373674336661327899e+01
-2.599644965328907986e+01
7.659997730639340752e+00
1.595804743139015081e+01
8.022202166995233696e+00
-3.585455080628373281e+01
9.103344057609325191e+00
-5.183986106179757058e+01
-5.151155533983013868e+01
-1.927661088370190967e+01
-1.612511475148426854e+01
-2.159195688815093916e+01
-2.485390866109090169e+01
-4.424225271701170215e+01
3.956452020206467779e+01
4.213194983337726285e+01
1.272110397839152007e+01
-1.967737013145351099e+01
-2.305257510282513067e+01
-2.612545518722880900e+01
-2.460464623837481923e+01
5.044423213742467738e+01
4.830158325725157198e+01
4.811354821768718182e+01
-4.893336009804799147e+01
-4.943296724806238274e+01
-4.990159244975266262e+01
-4.411761945383869943e+01
-4.878077185788424686e+01
-5.141570146811741182e+01
-1.682328086875240913e+01
-2.122212982474767173e+01
-1.641727454065397040e+01
-1.765794589389393110e+01
-2.891545127642698176e+01
-2.938670631472840000e+01
-2.930432269181930138e+01
-2.418203115794020164e+01
2.980323981066748118e+01
5.406192571530927182e+01
5.227762884578532265e+01
5.546611827623046764e+01
-2.765337103074564951e+01
-2.941896378497774123e+01
-2.507890267234834880e+01
-4.132940295203535186e+01
2.929118314693043956e+01
2.971140942150287145e+01
2.710077047106462089e+01
2.230707522416187061e+01
-4.414069141940102270e+01
-4.762584970577886878e+01
-4.386151735710013355e+01
9.017079943744937154e+00
6.244158438047858972e+00
6.268849183389740176e+00
4.052720801479581780e+01
7.767778118919662411e+00
-3.812910339564489703e+01
-3.203229272027771657e+01
-3.549895914901797056e+01
3.028219840660965900e+01
2.685145047770375015e+01
2.462895125993895107e+01
1.971359040052371014e+01
-3.053908154374257933e+01
-3.455913842723582974e+01
-3.859262805988301892e+01
-3.322355781989624290e+01
-2.941786510381588116e+01
-2.707971349235294056e+01
4.784503763084882166e+01
4.907080497403543262e+01
3.350278165215156179e+01
4.529095631479175665e+01
4.930724828300628815e+01
5.574152197229629735e+01
-1.008471294989871936e+01
-1.452836917270382955e+01
-5.867114086709039888e+00
-4.240611704895693279e+00
-9.096135213710796918e+00
-1.169157958021082067e+01
-4.444048454978359786e+01
1.498773965048918022e+01
5.427320226483661258e+01
1.245908346536907985e+01
-1.160427952293592924e+01
5.218774348431760579e+00
-3.070736884179992998e+01
-3.277610149344165791e+01
3.694498071687897323e+01
4.234630106879696854e+01
-5.321947848828816774e+01
-5.034500626778441301e+01
-5.092637509076450186e+01
-4.914856305694195981e+01
3.232014217225115260e+01
3.665381133310106776e+01
3.976042937388726273e+01
2.735442226269411137e+01
3.879809939167940769e+01
4.469556444016225782e+01
4.057237722663831647e+01
4.401091995127762146e+01
5.500038567016129321e+01
5.595659665162771290e+01
5.640621834163248138e+01
-4.767882500703377957e+01
-5.199301746885812747e+01
-1.547518684175872927e+01
5.242553515995268043e+01
5.237164418107141728e+01
2.757761439665701175e+01
-5.983497596205697988e+01
3.336156682183980138e+01
-5.257080732810744905e+01
-5.401516580781615318e+01
4.444924899647490690e+01
5.970869515663392946e+01
4.134827751069102675e+01
3.684367195436021092e+01
4.931945353290434042e+01
-5.222720884195705082e+01
-5.437865618341125895e+01
5.231574212857273665e+01
5.289015956107817829e+01
-5.006180096697543291e+01
-8.708549183943606886e-01
-4.030635453601504992e+01
-3.908504323107211320e+01
2.667732185654740018e+00
7.663008355719911791e+00
7.659608749436772612e+00
5.227870382270671712e+01
4.537115141993500345e+01
3.516520709823021917e+01
3.224562032009787060e+01
4.384718810850458226e+01
4.814133580701385284e+01
4.603647463039138898e+01
5.037333313684654712e+01
5.496251550020443410e+00
4.256116490169794275e+01
1.560322935938745914e+01
1.720570666849148012e+01
2.158644594284886864e+01
2.649395269319813906e+01
4.054974976286307253e+01
3.665051536045859848e+01
-5.244158811960097211e+01
-5.162519424449372707e+01
-4.183550402745591867e+01
-4.170661496640997257e+01
-3.979350088365350757e+01
3.752595100212538171e+01
-9.641663181683011175e+00
4.618737599277650929e+01
3.557142748448914205e+01
-3.379053653004716296e+01
5.329507821983523286e+01
5.448859880192181748e+01
5.335047431027398090e+01
-5.937119077746677931e+01
6.243987982643166568e+00
4.095271268379212870e+01
2.748033754561641118e+01
-2.747090315332928867e+01
-4.772206638519975286e+01
3.049510947394211158e+01
4.997575867261880855e-01
5.259750941763696730e-01
5.692925169255919293e+00
4.784662142178123645e+01
4.629193047567176222e+01
2.437821799187362970e+01
1.972006007970768948e+01
3.035150603932573077e+01
3.442295500506710937e+01
-4.864189564809093014e+01
-4.489610918278936680e+01
-4.127527785773209246e+01
4.342067734009812341e+01
-3.294392056663844670e+01
-1.356764799392623999e+01
3.636091796663607312e+01
5.499310505099896318e+01
5.650127006679750252e+01
-3.719567255332874822e+01
-4.657030198059916061e-03
5.040471304380761808e+01
5.139103095463290316e+01
-4.804905889846867240e+01
4.255695728076914719e+01
4.656915305569855690e+01
4.473965850433840785e+01
1.893757471952316962e+01
1.527123291719023079e+01
2.880342313228437945e+01
3.482174775129546163e+01
8.573917746002267526e-01
2.053747929903504854e+00
5.190161584521315774e+01
4.422032275752174257e+01
4.815072866093326098e+01
2.004768643624375102e+01
1.519582684236626058e+01
1.987041630268423020e+01
2.339717110666958888e+01
2.242236432078210129e+01
3.266874019784025052e+01
-3.823447021528100720e+01
-3.506787073242349351e+01
-2.900015742246210948e+01
-2.678929868459972141e+01
-5.946065366204275193e+01
5.918893376145729235e+01
-8.219010375966128379e+00
-9.966435171492227241e+00
2.484248615424096140e+00
-5.009549375533825355e+01
1.689559625929614128e+01
-5.901841281993237942e+01
-5.863175651975630132e+01
4.426607269334523664e+01
-2.572277285101113975e+01
-2.748026806033752933e+01
-2.822758447418996042e+01
2.451443808468392938e+00
4.414451936507261109e+01
4.696350005100610758e+01
4.581265211833977702e+01
4.928856757039510228e+01
1.947597736669479929e+01
1.290670390436788040e+01
-3.756215297139861775e+01
-4.332568375086260204e+01
-4.720301280650210174e+01
-4.331222755681813652e+01
4.595814003382906776e+01
-4.983188407940573228e+01
-5.201961421679067143e+01
1.805440960507801051e+01
1.934623244024750122e+01
2.707174996689163038e+01
3.112969410701080974e+01
-3.627499663838599986e+01
4.811213400436312781e+01
2.839075725488369173e+01
4.952042801387349158e+01
5.729872809564088243e+01
5.175539636195401272e+01
-5.704052043630321123e+01
-3.303751523506591781e+01
-3.001473513263704973e+01
5.484294417677570266e+01
5.087294222409379785e+01
-5.789155052307892646e+01
-4.476901556139168292e+01
-3.303429395008529212e+01
3.313795184877164246e+01
-6.511533914231348419e+00
4.777541846050851149e+01
-1.449761556212946978e+01
-3.443511689573441714e+01
-8.044206857082780715e+00
4.793605572169091289e+01
4.545874735926666688e+01
4.462260469381711658e+01
4.744087702627697922e+01
-9.263119548469655129e+00
1.049914024454490047e+01
-4.069814786199673051e+01
-3.159201150749381171e+01
9.488308448298047537e+00
5.103509035207778766e+01
-4.775080075626492970e+01
-5.000336868705807802e+01
-4.543725289990136673e+01
2.970640085594432822e+00
-4.411870226538535178e+01
5.503942206473917054e+01
-3.777856022853296025e+01
4.654169956784463835e+01
-5.984056857631954784e+01
-3.236114934789239328e+01
4.760905416100663246e+01
1.004557404515029972e+01
7.748562158371138153e+00
-3.999765728016244992e+01
-3.997064297190632232e+01
6.592487739650890077e+00
4.919789070405332154e+01
4.977211914991620034e+01
-5.523212092454095767e+01
1.825349188548234025e+01
1.148391711599843035e+01
7.517240845053786202e+00
8.970732376118228046e+00
-1.950868606990102894e+00
-7.885540031523566640e+00
-3.642322443007449007e+00
3.679493267539086787e+00
1.435083619438269897e+00
-5.599204479743824692e+01
-5.479651210350058221e+01
-4.635332434055356998e+01
-5.424638727797049853e+01
-4.709205487549692748e+01
-4.787371513462584716e+01
-4.846931897056324345e+01
-9.263091524964893964e+00
-5.832551340288812725e+01
-3.394961383183966319e+01
-5.095796929356474436e+00
-4.971587591669226214e+01
-5.660206672140933648e+01
-5.424386797688777762e+01
5.824701242227241238e+01
-5.478687435031382336e+01
-5.412243508268853986e+01
-5.572019526028744707e+01
-5.485350843419001876e+01
-2.060882251016995959e+00
-4.330763944272628119e-01
-1.941474510555958877e-01
-5.464355927742403196e+01
-5.390106851330224202e+01
-5.559351395737304102e+01
-5.494515058113771744e+01
2.262627930275333910e+01
1.460495581204576077e+01
1.029577827320913919e+01
4.355939026878437659e+01
5.130220582779698191e+01
5.188289142151690925e+01
-3.992596322623295180e+01
5.887179334661563956e+01
5.663087463113748043e+01
1.463618493221479078e+01
3.698298450769132728e+01
3.252637552396583942e+01
6.284401196667946721e+00
1.136381755061380971e+01
3.192627782046665175e+01
-4.967914901442190612e+00
-5.825173704744491232e+01
2.067263293027895088e+01
1.837247266289120873e+01
5.740745623208405135e+01
5.659737632531818008e+01
3.841612798262147965e+00
8.762156667842941005e+00
3.654484040415952251e+01
1.826249253382741022e+00
3.029459391623706921e+00
-5.107377116622833313e+01
2.471136562886822929e+01
-1.503893335054040925e+01
5.732462097426895298e+01
-1.512161189943891060e+01
-4.379315311391602705e+01
-5.085457457899099154e+01
-4.927691989827150110e+01
-5.374830442181306722e+01
-5.279858943692146056e+01
-5.326172291907712264e+01
-5.146757987358780895e+01
3.264371054910954939e+01
-6.391980479999840981e+00
-5.411169025489690654e+01
5.185785837194762138e+01
4.946586442571955899e+01
3.055112558888567875e+01
5.437298362092347759e+01
-5.488574712456628646e+01
4.549704571095296757e+01
4.288724571916718276e+01
4.413909976194953799e+01
4.865979569249238068e+01
-3.004445700422176913e+01
3.487885267865762984e+01
2.743852118809246932e+01
5.838431931674662678e+01
1.489352748233084078e+01
5.109454518145815172e+01
-3.495613083371731022e+01
4.931226580825570238e+01
-5.667357129331779220e+01
-5.603310230288794003e+01
5.251559591478530820e+01
-5.620544986873994731e+01
-5.575375197449272946e+01
-5.780256026308168771e+01
-4.623096921290098038e+01
4.475403106105822104e+01
2.243983286546301859e+00
5.908852373714356077e+01
5.916630013663011312e+01
-2.563688041216992985e+01
-5.453052015765788951e+01
1.347409090688542932e+01
1.857265310031704075e+01
-5.500876489467776764e+01
5.701193660075779235e+01
5.318138225487456339e+01
5.225374133827990875e+01
8.936826713183245730e+00
4.616977665009110154e+01
5.788225713051213717e+01
-4.156211215599266318e+00
5.014627822359170750e+01
1.314473543869307015e+01
1.011612254679493006e+01
4.638745649172521723e+01
-5.175673511699793750e+01
2.356451527281560931e+00
-5.761629854179121679e+01
1.058431816727932073e+01
-5.444484134078945914e+01
-5.492284444862001180e+01
-5.673120207505277790e+01
-4.765842167345775238e+01
3.495612008725387909e+00
3.608098517759844981e+01
3.472103856160674695e+01
-4.968525959417451077e+01
-5.114596585301303833e+01
-3.115002638431037951e+01
7.554189593788957602e+00
9.883696249786316557e+00
3.589914579255589189e+01
3.150208942310585059e+01
-5.683257378328190157e+01
-5.722291560861624760e+01
-5.806125846541276303e+01
3.055699256935410091e+01
-5.413196690443589887e+01
5.267127272434368734e+01
5.658472801359459226e+01
5.762743221569777319e+01
4.862421530438206219e+01
9.705255726102448577e+00
-5.689790648095009118e+01
4.231592112288622332e+01
-5.661067032804513843e+01
-5.278543297008619106e+01
-5.295578611524140200e+01
5.651612756530394677e+01
5.716800731186850015e+01
-4.767496413101910946e+01
-4.752508477956059352e+01
-5.838908992862430125e+01
-5.631266403835189749e+01
-5.052605705691826898e+01
-7.551957987594230204e+00
5.910244374079473317e+01
5.823584162591185276e+01
3.476281712532352852e+00
5.856966823030730751e+01
-5.667712394257878117e+01
5.964522446336840744e+01
5.734122697170826655e+01
5.821745909857592238e+01
4.524766108708851675e+01
-5.260471892168757435e+00
-6.935719628650272917e+00
2.100924636673045853e+01
5.834571660327181775e+01
5.861625376738859927e+01
-2.376418628029828994e+01
-2.599006529097162144e+01
-5.745140665488869303e+01
2.126001054196807072e+00
8.020443361089882317e-02
5.482372365617783316e+01
9.351919109053044465e+00
-5.879417809720815313e+01
1.494940789485053934e+00
-2.258347546081000079e+00
-5.959456217592143901e+01
5.115478198996962789e+01
-4.973996581237597070e+01
5.765543719137156842e+01
-5.932018606558816742e+01
-5.958039809774548701e+01
-8.436221729967236627e+00
-3.990066807885638944e+00
1.587184759224451014e+01
2.656438993688015060e+01
4.813006522730501757e+01
5.870543194987160973e+01
1.384924376282985037e+01
1.121056690072036943e+01
-1.025965726196849914e+01
4.846728916601588111e+01
4.483539025234482267e+01
6.023349177541552635e+00
-2.520125767001281858e+01
4.978088492975990675e+01
-2.839767353900283231e-01
3.962609930989803786e+01
5.134049526344706038e+01
-4.951363627971620218e+01
-5.861143325022995043e+01
-5.738214134237129826e+01
-3.782322547048960981e+00
-5.081778282400326674e+01
-5.899643692827326902e+01
4.734378424138321151e+01
4.253363230187863309e+01
4.653694432468960684e+01
5.632875528198915305e+01
-9.903328103034166219e+00
-4.289443628713977219e+00
5.974538947890758323e+01
-5.739405073974447191e+01
4.926922864984570793e+01
5.694893618457785323e+01
5.296597506797670007e+01
5.312621193060917335e+01
-4.745696578638600727e+01
-3.219452811226259925e+00
1.327791226542843983e+00
4.225907977061068266e+01
3.017027046806683988e+00
-4.976755912087278233e+01
-5.267256305303766339e+01
-1.185124451606582952e+01
-4.780261253835242030e+01
5.814374894509151659e+01
5.734344748873206044e+01
2.707375671821499097e+01
-4.658081035293432137e+01
-4.281876950186310893e+01
5.957980550894040306e+01
4.940971699294993869e+01
4.994640293778601858e+01
5.294744066349260692e+01
4.527433802521328232e+01
4.922450827676695617e+00
-3.336972629358208042e+00
2.484444604639762133e+00
5.919036919823295761e+01
9.509998276482538593e-01
3.455521594489629145e+00
5.003027819671344645e+01
2.031389059232291849e+00
7.828724760730064958e+00
5.302926449957897148e+01
5.364085911474511903e+01
3.267117048296078186e-01
4.292253238087518952e+01
-4.894160565658182804e+00
-1.024430053988601941e+01
4.744597115188580183e+00
-5.104293493867658071e+00
-5.840423619828514745e+01
3.851526862224194048e+01
4.071019752106767697e+01
2.532234634038537990e+00
5.943957180681830721e+01
-2.810181687653188121e+01
-3.882037115154715945e+00
5.620171293711082683e+01
-5.265561159548843762e+01
-1.577656068995110017e+00
5.112780321276080997e+01
5.369881289258559320e+01
-5.602079734623158203e+01
1.611356233656773052e+00
-2.429755139491261984e-01
5.102916990312756695e+01
-5.980005406223524034e+01
4.751322111056113329e+01
