1856
1857
4197
19
262
2631
3
178
273
2241
5353
1555
1653
1852
18
838
880
7
1746
5138
356
4777
3353
4398
4965
10
578
2699
5049
5718
12
587
4234
5357
6108
54
1843
2525
15
1421
1494
1705
3165
17
2686
5536
659
4982
2814
4138
1849
2534
21
799
1363
1769
2228
23
470
6037
862
928
1807
1857
6121
26
915
3806
612
4729
1479
3776
4099
3026
3605
5207
30
45
1010
2433
2749
32
1212
1794
516
840
794
1241
2923
35
771
3154
36
1061
1775
5528
38
1636
2162
162
1604
42
102
138
41
2267
5546
235
2384
1183
2032
44
1597
2872
46
1375
46
6137
1281
48
326
371
1785
1862
50
1201
1457
1604
1605
52
1056
1481
833
3689
481
1634
5609
1504
3645
63
1320
3009
57
368
1858
1160
1685
59
1077
1318
1357
2030
61
1757
5683
1691
1699
267
581
1336
68
544
67
636
1759
66
1667
1928
3459
5153
2289
2602
69
2140
1763
2511
71
1535
1540
1611
1795
668
5526
5702
111
1446
1650
75
1070
1203
1323
5971
78
136
2009
1954
5084
5875
5685
6004
80
92
1196
1454
1708
82
4574
5380
2043
4573
84
1196
1454
1222
1782
88
2047
5990
87
1421
4992
1756
5866
3636
4573
90
4472
5321
2055
4856
444
539
2300
826
1601
94
1259
1443
1027
2288
97
728
2515
720
1180
1652
3714
4564
113
268
442
101
932
1364
3157
3677
6124
1348
1724
103
1032
1159
1683
1807
3489
4145
619
1180
2871
113
1036
2097
108
699
1851
1544
2871
110
1282
2192
1425
1582
112
1853
1653
1848
1725
115
2393
4818
4860
4861
117
3370
5365
119
158
1954
2944
4996
3746
3890
157
1335
1398
122
731
5530
2643
2888
827
1708
1894
129
525
2668
126
458
617
695
1224
128
222
2611
3731
4608
155
2603
131
1348
1854
1364
1697
135
930
3076
134
2673
5600
2111
5686
1050
1358
2442
5070
138
1683
1869
1770
140
2285
4770
2681
5711
142
3993
5059
4204
5892
144
3791
5408
2692
3584
146
2044
3378
530
2045
148
2710
4899
3358
5189
150
2874
5846
3068
4919
152
3215
5532
2862
3505
1343
2863
2864
157
788
2260
156
6072
412
2670
2509
2617
5595
160
2338
4606
4828
5970
1526
2302
2684
240
489
164
2501
4154
743
2504
170
592
4095
167
2610
5790
2081
2110
169
2242
4128
3027
3028
2306
5525
172
2675
3076
883
1628
174
1223
1238
175
1444
1826
2345
177
180
3450
5114
5807
3894
4002
1135
3988
4279
3437
5186
182
3105
3118
2036
3676
185
3851
5135
185
725
1025
957
190
2979
5690
190
3311
5620
230
2121
2849
4038
4050
5198
951
192
1859
2721
196
2723
2813
2952
3576
195
2349
2350
3192
3193
3363
5882
201
824
4685
199
2491
5154
3208
5327
3536
4081
5911
206
1130
203
317
5586
2049
3976
205
2448
3282
3015
4172
356
3917
208
1150
1362
209
1510
1549
2940
212
4448
5391
219
4170
4194
5128
5344
214
216
2448
3276
6020
216
4372
6021
3394
218
2503
5511
3261
3395
221
2621
3175
4944
5562
3873
6032
223
3406
4343
4867
225
246
1127
280
5109
227
921
1298
1648
2227
229
461
5392
986
4644
231
5447
3242
3850
233
3448
4876
4384
4568
902
1061
4763
237
2290
237
3153
6064
2267
239
2434
3061
6051
6132
1668
1774
242
1260
4807
487
4650
245
2924
3609
245
2691
4117
3621
1279
1789
250
3900
5547
249
3583
6112
854
3807
251
2384
3256
3295
253
3235
6155
254
6077
3284
4527
256
257
4032
5656
5864
438
1112
1475
3659
4118
1496
2747
2880
261
5465
5597
2259
2600
1570
1571
266
284
400
893
2485
3701
266
3384
3426
4427
272
1827
783
3022
270
807
1623
2278
5916
1581
1767
1813
311
1804
2870
3608
275
1209
2923
1578
1873
277
3292
6063
3454
3756
279
3760
3762
5008
5626
282
5105
282
283
5453
1789
3475
3770
285
3651
3790
5567
287
3656
3770
5361
5453
291
3366
6065
290
3754
5195
5907
5984
462
5812
293
915
3081
3110
5337
298
4501
4900
298
898
2459
297
4694
6102
885
4404
5507
300
564
565
1018
1290
1194
3473
3529
303
3822
5443
2876
3263
305
1040
1242
335
1080
307
1627
1721
680
1452
309
959
3309
443
1594
810
941
1362
1090
5917
313
1352
3928
4581
5432
315
2833
4968
5832
6038
317
3550
4365
5725
319
3030
4010
3088
4815
321
1442
2489
4005
5457
323
761
2097
326
1380
325
3944
4166
3443
5211
2891
334
1172
1880
2031
5144
5866
333
1437
1655
331
1310
4884
4449
4716
2421
2802
5199
334
507
1272
337
1337
1272
1880
4158
338
1751
647
1901
340
913
1306
922
2495
342
2941
3767
343
2490
4092
6066
345
1612
1872
348
943
347
873
3351
4207
4208
799
2108
350
351
1547
706
1736
1137
1625
355
4354
4395
1396
1773
4280
355
536
1175
2403
2832
1439
1472
2544
359
514
840
1240
1488
361
831
2819
1466
6012
363
5919
6096
2570
3467
365
366
1349
1413
1883
672
2028
368
369
2344
1871
949
2310
442
2652
3022
761
884
373
3659
5897
917
1475
376
1618
6118
2074
2836
4298
380
5325
378
5979
6060
658
6001
380
1539
1613
1603
382
4553
4713
4326
5579
384
2533
3471
4554
4555
386
2360
3568
3184
5071
389
1673
5056
389
5584
6143
3414
394
575
4134
392
2926
3510
4345
4912
394
3531
3535
3774
396
2017
3693
397
5742
5326
5733
404
1004
1018
400
3426
5752
4654
402
3450
5721
3761
4072
404
1005
1627
1728
406
1187
4798
410
1558
2425
3336
4209
409
4731
4800
5991
6157
419
3979
412
4755
5571
2731
414
1746
4946
4745
5138
416
3047
3961
1257
5980
418
5769
5978
4599
5813
421
6075
2765
5089
5428
3611
5224
426
4233
5032
426
4018
5030
425
1269
2603
3408
6072
5894
431
3349
6109
429
2982
4378
2432
4066
431
2324
3130
3327
433
434
4011
1977
4401
3731
6080
436
439
1066
437
997
2698
6095
2252
5929
1739
5026
554
848
1039
442
1645
2089
445
2300
446
994
446
958
2630
448
651
4609
449
503
457
1832
451
4955
5375
452
2559
2620
4190
454
1262
1634
1273
3102
456
974
2603
525
1664
458
2973
696
463
1645
2652
463
486
1793
1381
5273
3742
5732
1118
468
706
1547
1140
1895
5256
467
2730
5888
3530
3877
746
3711
700
972
1548
475
1682
473
2407
4907
2259
4037
5185
3453
3455
475
6039
6060
6001
477
1249
4963
479
1256
479
847
2028
1065
481
1482
1816
485
483
484
1124
4947
4997
877
4222
1710
3102
844
1005
488
2743
5574
5858
652
1605
491
4308
5126
4580
5337
494
4036
5576
494
4065
4732
5483
503
716
753
503
864
1832
498
5820
5821
1387
2768
2143
5682
5818
502
1229
5021
3393
5338
5872
620
4554
506
928
3121
506
3416
4403
945
509
5954
4157
5343
6014
1273
1461
538
539
1614
604
2905
5057
513
1615
2761
3212
4421
515
1105
516
1773
1395
520
923
1361
519
2698
3737
1144
4588
913
1031
522
4817
5273
523
2263
4553
5579
525
557
5135
528
1816
2749
528
2433
2439
2791
531
3786
5410
531
3265
6069
533
534
2912
2881
5610
5000
5367
537
3838
4230
537
1315
3836
851
994
1424
544
1776
1819
543
3191
5752
559
2276
4381
2185
4249
5582
546
1743
1760
1245
3060
552
3812
5658
549
4327
6070
1136
2542
1570
2251
2562
783
1725
1839
1438
2277
555
2650
3423
622
1001
1037
6113
557
1295
2668
558
2649
3421
776
3177
1493
1502
2823
562
563
4263
2639
5561
1884
5759
1212
2099
1053
1302
568
623
1203
568
1333
2494
1067
570
2481
4251
571
3723
2054
4353
573
3938
5667
4267
5711
576
3410
3425
2950
5318
577
5679
2431
5553
3737
5246
878
2119
4679
619
699
1322
619
1652
585
1434
5706
584
3823
4674
4774
5788
4173
4178
587
795
1171
1015
590
1951
5263
590
4420
5155
4986
593
1280
4175
593
3508
2305
595
2972
4087
596
4895
4123
5130
598
4041
5549
3768
5697
601
1729
2500
601
1741
1846
1668
603
604
3105
1397
3083
3119
610
2549
6154
607
2906
5151
1215
3258
610
3146
5935
1156
1205
5939
3356
612
2447
3806
4159
616
617
4733
615
2700
3569
2998
5407
1224
4151
2970
1904
2251
3744
850
5202
647
652
828
765
1265
1750
1777
2566
4088
5604
626
3214
5532
639
5438
629
2786
5583
629
654
5095
5215
633
2513
4044
632
901
5484
5146
6119
3535
4869
636
1621
2039
5106
5167
6076
1784
640
4183
4602
639
914
5255
1008
1342
3431
652
1774
5828
1468
5092
5512
645
3220
5987
645
2533
2535
2813
649
2330
3203
648
5833
6106
653
5816
679
1514
1688
686
2973
5899
6091
5250
5261
678
690
1825
657
1603
5325
658
1140
1089
733
1117
661
662
4905
2928
4779
4898
5032
894
3570
4758
667
4925
5433
2435
5319
5490
667
1373
3547
5260
1117
2686
670
2128
5178
2858
4425
1821
3290
5862
847
874
674
2907
3951
3258
5042
676
1224
2305
1280
2722
679
1753
5052
686
2130
1087
682
1442
682
844
1217
4005
684
1132
1133
685
1264
973
1396
5735
698
1147
1355
689
2127
2818
3084
4029
694
895
692
3136
4651
4148
5801
694
5161
5707
5859
697
2306
697
1830
5524
1029
1585
1426
702
5921
702
817
2828
1083
705
712
1222
705
1340
1781
1303
707
1175
1315
710
1761
1800
710
1306
1779
1777
1427
1809
5744
713
1575
961
1532
715
716
1057
1020
1370
863
718
1474
1827
720
2753
902
1058
2831
1893
722
2709
3248
1982
3202
2951
4112
5957
725
2261
2911
1534
892
2489
4985
729
730
3830
2014
3584
1156
4331
2091
6105
734
4360
733
5301
5589
4797
735
2752
2643
6038
737
3320
4638
738
4637
2248
4429
742
743
855
741
4391
5850
5656
5929
2504
3395
4180
745
809
6051
746
4594
1314
750
1308
1361
749
1696
3989
985
4644
751
1206
2095
4865
753
822
1057
4609
755
3507
4638
4397
4736
760
2727
5981
760
3075
3470
759
952
5636
5892
5893
4796
953
764
3164
3274
764
2187
3465
5286
766
1239
1634
5803
768
3025
3330
3599
3605
770
3147
3150
2155
5931
2618
5559
4443
4998
5678
774
2638
5561
3175
5177
777
1536
2891
782
5385
778
1380
1420
1758
780
781
5770
5351
5978
2262
5698
1924
2560
785
785
1840
5096
2297
2013
5284
5888
789
982
1391
789
1399
3077
791
5249
5253
3487
3534
793
3348
4281
1709
5094
1059
1503
797
1014
798
1341
2685
798
4662
3171
941
804
1165
1781
804
1340
1826
803
3893
5555
3491
3495
2508
807
808
6056
2245
2318
4747
5373
2321
5916
5122
6129
812
1148
812
1296
1792
1189
814
3379
3564
5193
5993
816
2309
3031
3368
4570
1225
1227
1520
1831
5524
820
1258
6049
5442
5748
822
1285
4750
1271
825
1129
4536
825
3183
5426
829
1050
829
2964
1200
1901
1358
833
1182
1616
832
2224
833
1055
836
931
3266
2365
4550
5320
837
5694
2479
2629
4757
5570
914
2547
5352
2099
842
1459
1883
843
935
1598
1599
1627
846
1209
1241
1023
1252
1251
4221
6113
1117
4456
5383
852
4555
992
1402
1859
3363
854
5337
6160
3081
3974
4823
857
2175
3585
3634
3635
860
861
2701
966
1161
1688
2485
6097
1441
1451
3416
6110
865
1021
865
2304
4833
867
4406
4482
3340
5552
869
1106
3422
1139
3910
874
1349
6031
874
1251
2685
873
4796
5058
5762
876
1000
4221
877
1142
1125
914
3403
880
2337
6041
6144
882
1628
5840
883
2824
2512
887
888
886
4913
3835
4624
1621
1785
890
954
891
928
1682
1291
1622
2939
3121
893
3399
894
5829
2970
2973
898
4381
4918
898
4677
4991
900
1185
3238
2351
3100
903
5671
903
5606
905
1071
2626
5497
5695
907
908
1588
1033
1725
4430
5755
910
912
1669
1868
2531
912
1407
1503
1663
1778
4463
918
4055
5495
918
6117
5898
920
3425
6094
940
3069
1879
6120
923
1052
1805
925
4258
4754
926
2683
5290
5674
929
952
4133
3944
5620
932
2675
946
1867
2975
934
1281
6030
935
1375
1654
937
978
981
2463
3142
939
1259
2891
1530
1626
2524
3410
942
943
1189
1495
945
4693
6102
4921
947
5420
979
1505
950
1223
2640
950
1238
2651
952
2980
954
2089
1170
956
3318
3843
2159
4642
958
2630
959
960
1429
3851
1222
1464
966
1084
1531
966
1236
1418
965
3710
5441
1675
4689
969
1307
2865
969
970
1541
2295
2101
2724
975
2773
4028
973
4280
5921
1064
5971
977
3782
1520
2307
6103
3255
3978
979
5420
2989
981
1590
1911
4696
1495
1872
985
1743
6029
986
1381
1692
986
1508
1860
2974
991
1712
1903
990
1560
2196
1508
2920
1023
1893
993
1107
994
1534
996
1629
2130
997
1825
6092
999
5718
6120
1891
4788
1001
1012
5803
1003
1131
1793
1004
1290
1005
1007
1008
5437
3531
4869
5352
1010
1012
5608
1483
1012
1142
1281
1014
1341
5598
1015
1016
2538
6108
1019
1488
1728
1019
2099
1022
1484
1022
5174
5805
2753
1970
2302
4379
1026
1321
1664
5971
1028
2602
2029
2308
1030
1183
1032
1330
1778
3989
1163
1036
1420
1035
2374
2822
2116
2138
1380
1038
1039
5002
5061
1266
2053
2623
1044
1137
1490
1043
2225
4621
3930
4116
1046
1736
1047
1240
1489
1047
2001
2429
1049
3444
3750
4579
5462
2000
1052
1326
2496
1374
1151
1212
1168
1879
2227
1056
6012
1618
1286
1061
1847
1146
1407
1583
2618
2720
1063
1160
1299
1419
1858
1070
1269
1783
5750
1606
1629
1070
1371
4044
5029
6152
2186
2190
5286
1072
5080
1234
5998
1089
1891
5355
1076
1236
1691
1198
1639
1851
1417
1863
1078
1818
1079
1845
1731
1898
1083
1133
1082
5262
5454
5598
6031
1752
1085
1123
1087
1688
1087
1122
2837
2026
2113
4854
1168
1091
1474
1319
3016
1093
1533
1808
1575
2748
2804
4942
5295
1097
1574
1730
1115
3313
4023
1098
1635
2624
2969
1100
2902
4583
1103
1934
1102
3199
3950
1971
5621
3504
3953
1105
1106
5937
1240
5757
1108
2911
2102
2827
1110
1343
4400
3243
3431
1112
2088
4421
2761
1292
1801
4705
1217
4005
5456
1116
2690
4004
5237
1217
2507
1161
1313
1514
1121
4842
5980
3961
4532
1123
1878
1763
1125
5766
6035
1127
5242
5243
1128
4176
6149
1130
2928
2832
1170
1291
1242
2829
5921
1135
5133
6086
5736
1138
3910
1723
1141
1548
1141
5757
5979
4280
6030
1144
3562
4586
3099
1199
1458
1507
1497
2192
1322
1426
1150
1801
1400
3233
5405
4705
1152
2033
1153
1263
1456
1824
1155
1206
1308
1156
1525
1158
1460
1738
2500
3060
1160
1163
1236
1163
1301
1329
1165
1556
1720
1749
1167
1168
1603
1539
2230
2883
3244
5468
2008
1174
4663
1356
1487
1174
5343
5977
4234
1360
3140
4211
4561
3637
3984
4572
1179
1180
1687
1711
1893
1182
1425
2191
1398
1357
1185
3537
4004
2953
1188
1518
5052
3417
4026
1189
1772
1191
4295
5827
1194
3329
1193
1588
1811
1246
4430
5592
1197
1601
2674
1197
1464
1446
1544
1201
2747
1201
1605
1203
1323
1473
1205
1206
2839
6028
1208
1345
1346
1209
1253
1211
1339
1353
1311
1635
1216
4672
4749
1216
4733
5688
2520
3718
5161
1219
2986
3506
3558
4418
1221
4013
5848
2417
3506
1626
1226
1752
5783
6106
1377
5849
1231
1549
1552
1230
5606
4763
5202
1232
1509
1233
1268
1609
1629
1235
3923
1640
2831
1614
1846
4790
2387
1262
4920
2826
1829
1502
1962
2264
1354
1426
1850
1460
1800
1247
1385
1393
1701
1250
2625
2687
1250
1251
5210
1253
1903
1254
1562
2164
1256
1258
1783
1877
3697
4328
2002
1862
1261
2987
4446
5565
1461
1264
2829
1794
1266
4920
1267
5002
5004
1270
2130
1422
1271
5735
1509
1273
1276
1492
1493
1276
2223
2486
2264
1278
1909
2098
1628
2890
1280
4176
1284
1497
1284
1474
2795
3016
1286
1292
1370
1935
4339
5645
1289
2427
2650
1295
3421
1291
1427
1294
1796
1800
1473
2261
2669
1445
1772
1298
1649
5026
1740
1301
2925
1301
1409
1412
1622
2039
1304
1575
1311
1339
1408
1637
1703
1750
1559
2196
1805
1310
3134
3372
3703
1574
1336
1585
1803
1393
1691
1315
4230
1317
1318
2931
1817
1818
1354
1320
1899
5917
1323
2261
1336
1325
1374
1523
1326
1583
2707
1328
4246
4637
4429
4740
1331
1412
1331
1585
1776
1334
2496
2688
1334
1423
2561
1900
3010
1338
2053
1901
2747
1340
6031
1343
1344
4168
5641
1576
1690
1689
2164
1348
1852
2298
1459
1352
2848
2851
1359
1397
2179
4278
1882
2308
1355
1357
1437
2550
2975
1917
5064
1736
2001
5878
1363
2940
1366
1366
1698
1844
2018
1368
4723
6056
2321
5709
1370
1428
1484
1422
1423
1374
1525
1805
4141
5095
1598
1377
5783
6011
1378
1379
5852
1383
5274
1383
1383
1707
6011
1385
1469
2203
1388
3740
4195
6136
3288
5338
1811
6019
1390
3616
4653
1950
3852
1392
1518
2837
5052
1394
1511
2203
1396
1794
2395
3689
1878
2837
2801
4549
1407
1616
2191
2827
4790
1404
3877
4079
3111
3439
1406
3422
5937
2404
4395
1906
2500
1762
2746
1411
5077
5948
5477
5953
1819
1414
4949
1416
1677
1842
3685
4049
2028
5750
1419
5134
1419
2925
5755
3990
2165
1881
1681
1695
1900
1428
1732
1430
1722
2649
5061
1432
1775
2618
1433
1583
1523
5965
1435
4410
3923
5670
1437
1543
2724
1439
5131
1440
3686
4216
1442
1448
1444
1626
2029
1447
1469
1471
1771
2203
1451
1452
2158
3654
4432
1451
1547
2644
1625
1454
1556
1782
1456
1759
2033
1885
1458
2642
2303
5262
2102
1513
1463
1464
1532
1765
1813
1466
1468
1665
1550
5112
5728
5912
3049
1470
1792
6019
1477
1854
3685
5926
1777
1478
1857
2339
6167
6170
1641
1697
3926
6083
1568
6048
1481
1872
3077
1617
1483
5609
2749
6130
1487
1714
2545
1487
1820
2182
1489
1490
1727
1492
1584
2797
1638
2578
1500
1756
1518
1507
1533
2826
1501
1661
2570
1501
5574
6126
1619
1630
6096
1508
1874
1512
2514
1506
1866
1522
1599
1806
1510
4750
1514
1771
3644
3992
5948
5953
3034
3957
4931
1517
1635
1671
1759
1885
1521
5525
5919
1521
4990
2989
5454
1524
1525
4331
2320
6170
1568
1797
4780
1529
2105
2791
1868
2439
1536
2640
1764
2746
1808
2725
2630
1537
1841
1755
1538
2622
1540
1596
2079
1542
1542
1543
2295
2550
1546
1546
1687
2871
1650
6070
1768
1551
3050
5256
6118
1609
1649
1554
2512
2852
1555
2298
1611
1557
1708
1892
3941
4030
1560
2101
1631
2769
4812
5189
1563
1786
1714
2182
1567
3268
4240
1566
3046
3440
2042
5611
1573
2634
2534
1571
2534
6044
4539
4592
2124
2555
2938
2869
2957
2748
1578
1580
1581
2303
2642
2129
3799
5221
5308
1662
1713
1584
1899
3016
2578
1587
2211
2408
4879
4889
1839
1590
1961
2538
2989
1594
5077
5477
1593
1632
4791
1595
1678
1595
2052
2545
2551
1598
1866
5262
1614
1695
2166
1602
1790
2000
2796
1609
5026
1608
4031
5864
4558
5868
1611
2295
2865
1613
2079
1617
1646
4316
2224
1618
1624
1993
1787
2551
2622
1622
2833
5831
4888
4958
1721
3888
4959
1632
2921
1633
1905
2100
1638
2223
1729
6156
2796
1641
2931
1847
2626
1817
1643
3686
4218
1644
1814
1798
5386
2008
2250
2736
3358
4899
6148
1649
1768
1651
1745
1848
1827
1795
1883
4950
1656
1658
2100
2724
2233
2654
5199
1905
5954
1662
2129
2791
1661
3400
5574
4266
2682
2224
2819
5135
1669
2819
1667
2148
3459
3367
2162
2249
1719
1855
5876
2308
2602
1709
2006
4794
1674
4736
4638
5936
1677
5751
1677
4947
5766
1680
1681
1680
1693
1962
2921
2052
4789
1685
2040
5031
6048
1871
1687
1711
1745
1690
1820
1715
1707
1907
1695
2879
2859
3224
4746
1780
6029
1698
1817
1701
2615
2800
5098
5595
4430
1938
5229
5844
1707
5449
1706
5556
6055
1718
3990
5474
5669
5245
1713
2682
1712
1791
1715
2551
4158
1717
1869
2892
1720
1838
2218
2514
1856
4509
1735
1723
3309
5002
1727
2343
2675
1730
2725
2880
1728
1774
2623
1734
2030
1733
4643
1810
5744
1735
2892
1892
1742
1746
3918
1741
2827
1740
2699
5049
4790
4188
4189
1907
1745
1791
1833
1748
2823
2890
1910
2563
1838
2508
2494
1752
6106
1771
1772
1755
2046
5683
1758
1993
1758
2615
1761
6029
1779
1764
2140
1764
1766
2674
1767
1910
2563
1769
2940
2032
2892
5757
5773
1803
1780
1780
1782
5748
1785
2289
1787
1903
1791
1789
2722
3475
1909
2674
1809
2008
1841
2102
2911
1843
1849
3799
4438
2367
3032
5212
1809
4206
4659
5312
1804
5582
1808
1815
2320
1811
1812
1840
5097
1815
1842
3733
2303
2682
1844
2140
1880
1822
4771
1823
2803
4105
5417
1834
2829
5859
1882
3752
5460
5739
1834
2624
1831
1832
2307
1837
2622
2969
1836
3066
4511
2976
5020
1841
1848
2930
1840
5824
5699
1845
2007
2141
5528
2548
1851
2931
1853
1854
1969
5084
2327
2850
5558
1861
2823
2890
5840
2288
1864
5683
1865
5134
2046
2651
1867
5694
2249
1870
1871
2930
1874
2531
2923
1877
3443
5779
3768
4460
4706
4963
2509
1891
1980
2561
2029
2222
5896
2969
1890
1919
2044
2730
4092
4296
1889
3277
4165
5577
5749
3019
3874
1894
1898
1897
3050
1897
3051
3142
2466
2964
1902
1902
3009
2077
4698
4791
1907
3060
5449
5881
6011
1910
1932
6037
1913
2062
3714
3794
4096
1915
2812
3427
1916
3541
3229
4132
1918
3874
1919
2333
4715
1922
2103
3333
1922
3612
5157
3226
2715
3534
5042
1925
5405
1926
3625
2557
5382
1928
4375
4697
2657
1930
1931
3725
3517
4163
4320
5017
1961
6110
1934
2432
3627
2848
1936
3048
1937
5654
4751
4756
1939
4847
1941
4923
1941
4727
5152
5387
1943
4527
6155
1944
3728
3962
4466
1946
2528
3205
2363
3543
1949
4167
6119
1949
3160
5158
5143
1951
4983
1952
2662
4984
1955
2075
2446
4050
4264
4487
1957
4458
4877
1958
3939
2516
3958
1960
2424
3641
3276
6135
6108
2920
2177
2251
2527
1965
2388
4355
2390
5382
1980
2165
2335
1968
2899
3133
2816
4178
2327
6169
2219
2684
3418
3857
1975
2476
4904
2799
3141
4241
1975
2058
4584
5302
1977
3853
5814
1979
1979
3231
4044
3999
5882
1983
2959
3397
1983
2901
5259
1985
2066
4677
5168
5366
1988
2757
5804
1988
4089
5034
5710
1990
4715
6123
1994
4862
1992
3436
4469
2220
4109
2031
1995
4978
3786
4299
1997
3294
3859
2367
3908
1999
4344
4911
2057
4859
2098
2403
2003
5779
3217
6049
2005
2147
2148
2006
2262
3348
2018
2964
4161
5033
2012
2070
3526
2012
4799
5489
4622
2014
2692
2015
3285
4564
2017
4527
6074
3730
2975
2020
2898
3338
3115
4911
2024
5162
5619
3033
4932
5212
2024
3875
4445
5774
2026
3584
5408
2269
2325
2326
3158
2032
4887
2039
2084
2188
2440
2714
3158
3845
2038
3117
2038
2255
2412
3652
4101
4402
2042
4901
4928
3337
3114
5990
2704
3786
4715
2640
2617
5591
2484
3322
4008
2051
5588
2051
3682
6062
3308
2300
2880
2055
5763
5180
2057
5552
6005
3338
2060
3563
2060
4904
5691
5986
3704
4389
6040
2063
3793
4564
4692
2065
2461
4991
2066
3991
5027
2068
2248
5784
3929
4794
2071
4399
5356
2071
4091
3112
2073
2074
4617
2646
5508
2910
2076
3006
2364
4843
2177
4760
2684
5083
6167
2108
2081
2082
2610
3593
2085
2254
2084
4415
4647
4841
3241
4625
2087
3234
3624
3818
4418
3479
4032
2097
2091
3503
4464
3735
2093
5313
5466
2094
4903
3198
4147
2096
2839
4257
4619
3076
2101
2106
4315
2106
3359
4571
2129
2531
4784
2109
5677
5768
2228
2110
5847
3594
2113
5909
2113
2271
5035
2115
2877
4253
2117
4074
3575
4503
3922
4739
2119
3381
4453
3404
2122
4570
4748
2122
3850
3921
2125
2149
4610
2125
4802
3240
2128
2637
5177
2128
5418
2132
3349
4724
5556
5669
2134
2210
4378
2135
3057
3385
4734
2137
3043
5886
2798
5640
2139
5767
3574
4015
2162
2206
2143
5093
5341
2144
3485
5885
2146
3311
5147
3412
3635
2169
2834
5698
2556
6052
2151
2153
4064
3996
4520
2153
4521
5142
3315
2155
2493
2916
4295
2157
3540
4433
2158
4122
2935
2161
5074
2161
4849
5287
6158
2363
2775
2861
2182
3408
2206
2486
2178
2218
3165
2169
2834
2835
2170
3348
4227
2173
2529
4542
2173
3025
3474
4452
2176
2673
3614
2176
3412
3310
2178
3092
2332
3105
2181
3893
5389
4274
5464
2185
2742
5023
2185
3190
5302
2187
2440
5176
2189
6058
2190
3170
3766
2192
2195
4859
5685
2195
2934
5960
4344
2974
2198
3294
3908
2199
2568
3482
4906
2201
2202
4732
2474
5483
3385
5989
2205
4108
4719
2467
4605
2223
2208
2449
5644
2209
2452
5063
5638
3148
3758
2212
2844
5533
5663
2214
2293
6122
2812
3229
2216
2956
4809
2217
5466
2790
5312
2527
5658
6164
2221
5891
2222
5085
5758
2226
3197
3713
4480
2230
2230
3167
4597
5897
2232
2233
2421
4057
4219
5617
2235
2362
3545
2236
4417
2788
5583
2239
4657
5723
2239
3687
3947
4057
2241
3275
3609
5518
2580
5450
2245
2457
4936
2245
2842
3344
2247
2265
5770
2248
3320
2258
2252
4551
2761
2254
3239
4802
5140
2257
3676
2257
2411
3080
3157
2537
5512
5737
3077
3689
2265
2648
4254
2879
4794
2268
4519
5834
2268
3369
2271
2515
2271
3566
5104
2274
3670
5517
2274
4069
4590
3971
2276
3370
4974
2889
2544
6164
5635
6101
2282
2283
3700
2281
3213
4836
2726
5981
3962
4467
2284
2632
3038
5102
2286
5003
2287
5814
5301
5585
2289
2291
4684
2372
2386
2293
2294
3855
4688
2546
3727
2297
4357
4450
3039
2343
2794
3156
3172
2302
2320
6107
2307
4834
2306
2778
4275
2651
2850
2312
2313
2896
2781
3595
3314
4292
2315
5625
5854
2316
3178
3125
4793
2318
2382
3344
2319
3417
4798
3500
2323
4665
5753
2324
3649
3188
2713
5139
2605
4820
2339
2329
5831
6101
2555
5951
2331
5900
3649
4829
2333
3677
6124
2335
3408
3409
2336
2337
3707
5570
4423
5461
6166
6170
2342
4491
5038
2342
2425
3641
3176
2512
2387
2930
2387
2508
2347
3592
3909
2348
6128
4077
5578
2352
4881
2351
5659
2353
2353
3692
3237
2356
3556
5535
2357
3044
5402
2357
3390
5640
2359
4313
5264
3720
4369
2361
3635
2904
3311
2363
4060
2365
4070
4487
2367
2368
3476
2759
5293
2370
2922
4607
3296
5459
2373
2385
2758
2373
3001
3525
2376
4502
2376
2822
3913
4848
2378
4292
6069
2756
3265
2380
3354
6143
2381
3771
3993
4226
2383
5861
3871
4284
2386
2386
3256
2389
5209
2391
2740
2391
2557
4956
2393
3505
4972
3552
2395
2396
3083
2919
3321
5076
2398
3663
5225
2399
2750
2488
5986
2402
4552
5154
2402
2864
4808
2491
2404
2429
2406
3728
3963
2407
3453
4120
2409
4224
2410
2844
2450
5543
2412
5380
2413
4314
4574
2415
2758
3525
5293
5489
2417
2418
5848
2986
2678
5830
2420
4847
5506
3516
4923
2422
2423
4003
2468
6002
2426
5024
2426
3335
2428
2732
3948
5578
5937
2431
2693
2694
5738
2851
2479
4668
6071
2436
5761
2438
4652
2438
5794
6085
6026
2537
4933
2443
4352
6008
2443
5685
2934
2445
3807
5332
2446
3006
2447
4319
6135
2450
4273
2453
2452
2695
5192
2453
5191
2455
3216
4680
2977
3271
2457
3132
3960
3955
2459
2460
5506
4991
2461
4847
5229
2463
2466
6060
4696
2465
2582
4155
3202
3248
5979
2469
4924
2469
4523
4670
2471
3054
4152
2497
4080
2473
5105
5453
4709
5329
2475
3152
3442
5485
2477
5381
2478
2661
4941
5590
6137
2481
3785
5387
5763
2483
2918
6093
2484
2873
5542
2489
2879
2488
3663
3721
5691
2493
2914
4664
2493
2941
2942
2495
2496
2499
3023
4066
4378
4734
4565
5050
4181
4340
2507
4311
6061
2506
2867
2505
2506
2846
4428
2667
2511
2513
3999
4094
3010
2949
2530
5943
2518
4529
2518
3965
6081
3667
2521
3002
3258
2521
3398
3549
2524
3593
4200
2524
3071
4596
2530
2548
2941
3101
6139
6171
4658
5280
2884
5120
6171
3749
3821
4871
3915
3471
6144
2626
5528
5966
2629
5455
2541
3903
4120
2541
4040
5857
4907
2543
5331
4326
4713
6165
2550
2547
6122
4683
2631
3407
3493
2554
5353
5529
2554
3368
3895
5411
2556
4850
2558
2559
4955
2560
4516
2723
2631
6171
2578
2566
3159
4820
2566
4667
5873
2568
2885
3298
3681
2571
3464
5496
2571
4266
2574
3678
5810
2574
3873
6147
2913
2577
4227
4586
2577
2962
5581
2835
2580
2729
5137
2581
3161
6100
2585
3876
2584
5205
5417
3194
5741
2991
4165
2587
5665
6024
2589
5081
2589
4271
5663
4405
2591
2593
4085
4943
5028
2593
3342
4908
5079
2596
2636
3377
2596
3068
5845
3273
2599
4642
6158
4604
4648
4719
2601
5991
3943
4342
4532
6115
2605
5139
5426
2606
4228
4536
2608
4697
5729
3548
4375
2610
4930
5140
4191
6082
2613
3326
5823
2614
2760
3131
5900
5755
2617
3223
3746
2621
2776
4476
3687
4500
3629
2624
4119
4597
2628
2817
5379
3352
4208
4710
3152
4676
2634
4113
5886
2635
3317
4836
2754
3360
2638
3084
2639
3805
5410
5439
6146
2797
5950
2645
2701
3061
3711
2647
4616
2648
5509
2854
3851
4436
2667
2691
3021
3590
2656
5616
2656
3325
5765
4954
2660
5223
2660
3656
5361
4190
4500
4900
5539
2663
3736
2664
3852
2664
5023
4366
2719
3521
3927
4917
5414
6116
3035
2670
2670
2732
2672
3670
5030
4124
4897
5910
2677
2794
6040
2680
3704
2679
3578
2968
4877
3264
3801
4623
4629
3007
4978
2687
4051
3167
2707
2723
2690
4291
5439
3538
3608
4135
3241
5679
3192
5964
3269
3382
2697
5152
5847
4725
5790
2699
2702
5976
2702
6097
2704
3019
5845
3377
2706
2755
3095
2951
4370
2720
2709
3247
6138
2959
2771
4928
2712
2897
3021
5362
5615
2714
5499
4306
3951
4433
2717
3067
3224
3869
4743
2719
3446
5038
4490
2721
5559
4151
2748
2727
4064
3995
2729
3792
4135
2730
2732
5668
2816
4173
5817
2735
3788
4253
2736
4317
2737
2877
3173
2739
4956
5200
2741
3300
2741
3945
3899
4366
5421
3116
3399
2745
2762
5493
3765
5532
2925
2751
4360
2752
5580
4062
2795
2756
3376
3090
4112
2896
3817
5248
2759
3859
4879
5899
3505
3552
2764
2895
4776
3810
5678
5871
6006
2767
3891
4274
2843
4034
5089
5336
2770
2771
5489
5716
2772
4731
4799
2774
3602
2775
3255
3205
2778
3630
2778
3842
4350
2780
2782
4751
2781
4756
3314
5012
5514
2785
3181
3527
2785
3524
4014
2909
2788
4141
2788
4060
6053
2790
4809
5013
4206
2793
2876
2878
2794
3264
2826
2797
2799
3513
3268
2801
5384
4855
2804
5227
2900
3291
2805
3865
4168
2807
3708
5409
2808
3292
2809
4214
4386
4815
3447
3927
4773
2812
3428
4688
2815
2815
6144
5403
3373
4019
4969
3252
3388
2821
4201
5402
2822
4437
2825
2852
2974
5840
5498
6070
5257
5324
5594
5671
4779
5373
3458
3163
2838
6145
2839
4619
2841
3589
5362
2897
4993
2843
3132
4033
4271
2847
3882
4468
3511
4154
3435
4627
4581
4748
5413
5134
2981
2865
2854
3259
4714
4553
2856
3028
3394
2857
3027
3109
3282
2859
5418
5631
2861
3255
4278
4059
2978
5020
3789
4552
5641
2867
2910
5508
3524
2869
2955
4666
4836
3020
3699
5694
6137
2874
2875
6093
3182
4830
4074
2878
3172
2882
3512
2948
4094
2884
5207
3026
2887
3482
2887
3299
5723
4656
2938
4703
5098
5385
2894
3809
4356
2895
3041
3811
4845
3781
2899
4408
3373
3392
4042
2902
3472
3200
2904
5014
5620
3184
2907
3083
2907
5076
2912
4191
4608
2910
4298
3586
3873
4816
2915
6066
2917
4938
2917
3150
3059
2919
3321
5064
2921
4427
5567
6084
6148
2927
3502
4345
5960
2929
2972
4898
2933
3019
5846
5067
6093
2937
2936
4047
3653
5179
3123
5853
5951
2946
4788
4295
5592
2944
2945
5875
3551
4282
5306
5705
5718
2948
5318
5535
2949
2950
3535
3674
3634
5987
4868
5430
2965
4495
5309
2957
4325
2957
4240
2960
3398
3719
2960
4126
2962
2963
5713
4587
5859
6092
3932
5006
2967
3578
4519
2968
3369
4458
5707
2972
4086
4536
2977
3457
2978
3216
2980
4287
3091
2983
3978
2983
3758
3782
2985
3559
4522
2986
3578
2988
4806
3040
5805
2991
3277
5727
2992
3717
6153
2994
4952
4953
3648
3868
2996
2997
3020
3860
5615
3699
3842
2999
4687
3642
5469
3001
3112
4957
5346
3004
5044
3004
3547
5095
5250
3006
5045
5333
3008
4862
3157
4260
3010
3012
4916
5836
3013
3937
3698
4385
3015
3474
4452
3096
3018
3067
3862
3870
4961
3021
3039
3024
4632
3054
5276
3026
4462
3135
3030
4766
4937
3712
3895
4350
3034
4915
3034
3346
3039
4311
3038
3905
4676
3038
3906
4121
4357
4446
3042
4892
4177
5236
3044
4690
4437
3046
3337
5007
3047
4310
3087
5638
3050
3051
5092
3053
3054
6125
3838
4341
3143
3725
4667
3758
3783
3969
3058
3149
3059
3383
4939
5976
3064
4511
5039
3072
3342
5121
3065
5159
3066
4130
5364
5339
6045
3070
3745
3071
3890
4508
4231
4909
3075
3607
3904
3192
4881
5738
3995
3079
3597
3772
5495
6117
4260
5292
3808
3346
4415
4841
5258
3086
4914
5657
4840
6047
3462
5906
3089
3713
3090
3197
3094
5778
5967
3166
4762
3613
3719
4126
3095
5409
3708
3109
3529
3098
4193
4563
3099
4281
4858
5430
6054
3109
3887
4158
3104
3253
4302
3139
5234
3108
4024
6094
3108
3425
5553
4396
4463
5961
4938
6036
3526
3114
4024
5270
5283
3122
3133
4650
4985
3118
3654
3119
4432
3121
4921
5705
4912
5566
3124
5960
3125
5854
3907
3127
3129
3350
3128
3563
4062
5580
5075
5669
3131
3649
3328
4274
5568
4449
5219
4127
4372
3753
5475
3139
3143
5232
3139
3143
3517
3141
4164
3513
5494
3145
4764
5513
4265
5496
4035
4620
3148
3969
3149
3150
3152
3700
5989
3369
3880
4763
5203
3156
5850
6040
5930
3159
4728
5596
5826
4128
6042
3163
3458
5153
5400
3357
3466
3166
3888
3171
3169
5413
5447
3170
5299
6088
5923
3173
4551
3704
4276
5277
3449
4209
5520
4516
4918
3179
4792
3181
5630
3181
4298
6145
5175
5542
4686
5470
3219
3187
3415
5741
3187
3684
4297
4720
3189
6109
3191
5753
3191
4584
4610
5659
3196
5204
3209
5207
5281
3198
3415
4116
5314
3527
4014
3202
3504
3931
4392
5383
3204
5815
3384
4640
3206
3603
5280
3208
4420
5263
3212
3211
3837
3211
4658
5279
3879
4318
3317
4064
3215
5255
3216
3219
5069
3219
3501
5014
3221
3915
3631
5908
3266
4710
6067
4024
5990
3225
4801
5631
3228
4639
3228
5156
5573
4455
3230
3773
4134
3232
3853
5493
6152
3234
3625
6016
3533
5285
3237
5311
6146
3238
3537
3240
3241
5964
3243
5780
3829
3554
3837
3246
3247
3952
3248
3876
3844
4013
5016
5681
3251
3437
4288
3252
4927
5419
3254
5188
5242
6149
3859
3439
3488
4939
3261
5509
3261
4712
5300
3263
3264
3678
6147
3378
5406
4555
6010
6043
5886
3270
3271
3457
5190
4453
3273
3360
5963
5642
3275
6084
3959
4951
5756
3289
3308
5106
3281
3759
4290
3281
3509
5743
5795
3394
3284
4692
6074
3285
6077
3287
3290
3956
4819
5820
3291
3393
3976
5119
3291
3293
4863
5374
3295
3681
3297
5523
4510
5039
3300
3899
3300
5200
3302
4259
4754
4396
5973
3304
3337
5090
3305
4901
3621
6148
3857
5501
5947
3856
4377
5173
5167
5037
3585
5908
3313
3314
4291
5012
3316
5141
3317
4015
4451
5201
3320
3507
5769
3322
5269
3326
5422
5575
3325
3785
5764
3516
3328
3328
4724
3330
4332
3473
3332
4315
4334
3333
5116
4639
3336
4111
4346
3336
4347
3340
3340
4481
5091
3343
4033
4107
4943
3344
4284
3702
5776
6026
4108
3353
3402
4773
3350
4485
3352
4351
3757
3820
4910
5584
3356
3407
5346
3739
3358
6084
4084
5028
3361
4845
5841
3366
5732
6127
6010
3366
4144
6068
3939
4846
5282
4277
4697
4748
5098
3372
5043
5217
3564
4419
3375
3975
5331
4712
4823
3377
3378
5043
5048
3386
3977
5171
3382
5347
5063
3385
3488
4829
4122
5822
3388
3437
5721
4700
3391
4136
4826
5011
5639
5240
5304
3393
4661
5300
3397
3549
5260
3398
3400
5829
3834
3879
6000
4398
4738
3404
4683
3405
3660
5347
5862
6082
4957
5571
6072
4200
3414
3966
4773
3615
3560
3717
5228
4738
4147
5350
5861
3950
5503
4405
4890
5081
3430
4079
4103
3423
3975
5061
4017
5898
5923
4665
3428
3429
4540
4492
5647
3439
4048
3432
3829
4604
3434
3642
6140
3665
5513
3436
4084
5068
3596
5654
5837
3961
6115
3442
3606
3904
4676
3501
3445
4917
4471
4489
3447
3769
3820
5452
5851
4988
5115
3763
5115
5178
5538
3453
4368
5264
3456
5296
3456
4368
6063
5364
3459
3461
4315
4784
4777
5138
3463
4831
5654
5890
3467
5488
3466
4811
5189
3469
3469
3508
3509
4095
3902
5762
6043
4582
5675
3474
3478
3477
5213
4810
5985
3638
6133
3480
5155
4805
5889
3482
4575
4656
3485
3539
3896
3485
3839
5291
3487
3565
3977
5822
5988
4531
6107
3491
3493
6154
3892
3494
3495
5356
3494
4399
5476
3497
3621
4115
3498
5090
3778
5010
3500
4412
6023
4505
5779
3503
3907
5497
4293
4022
4599
3885
5488
5080
5497
4428
5792
5000
5535
3514
4211
5639
3516
5415
5616
4821
3519
3521
3967
3867
4910
3521
4490
5370
3523
5510
5997
5198
5969
3981
3526
5630
4001
4097
4411
3887
3532
5285
5354
3533
4079
4104
3540
3539
5247
3538
6146
5884
5822
3542
3581
4202
4492
3544
5564
3545
4507
4416
3550
3976
5107
3549
3550
3623
4995
5305
3553
3555
4860
4110
4252
4795
5492
3557
4960
3579
5402
3559
4355
5209
3561
6150
4503
5231
4227
4281
4485
5219
4083
5253
3567
5943
4046
4167
3576
3634
3571
4761
3572
3701
3572
3642
6140
5128
5393
5398
3575
5141
6150
3577
5403
5745
3581
4201
3581
4132
4960
3583
3690
4451
5201
5987
3588
5367
3588
4871
5372
4561
3591
4801
3781
4117
4288
4927
4139
5628
3594
5768
3596
3878
4756
5056
6143
3620
4336
4506
3602
4333
3601
4959
5739
3889
4484
3603
3604
3605
5281
3607
5416
3997
3609
3612
4109
5085
5167
6062
4571
4007
5268
3615
4832
5902
3619
4472
5636
5893
6083
3619
3863
5321
4210
3636
5591
3624
5087
5382
5181
5734
3625
3627
4065
5576
3953
3630
3833
4431
3630
4194
3632
5596
3633
5158
5035
5909
3637
4337
3770
4248
3640
3641
4491
4951
5370
3648
3994
5060
3646
4944
3646
5700
5515
3648
3662
4998
3651
4114
4654
5166
3653
4314
3654
3656
4247
4248
3658
4534
5956
4483
4613
4597
3661
4831
3726
4979
4443
4953
3664
4250
4726
5139
5469
3667
4035
4107
3668
3958
5935
3671
4018
4072
3672
3672
5412
3971
3675
4089
4370
3675
6018
5710
3677
3800
3680
4423
5388
3682
5653
3900
4544
3684
4426
5248
4460
3686
3688
5375
5723
5560
6159
3692
4882
5290
5311
3694
6074
5359
6073
3696
4069
4070
3697
4577
4589
4010
4937
4002
4056
4761
4477
5215
3912
5216
3707
5882
6010
4025
5183
5632
6041
3709
4371
4863
3948
4435
6051
3713
4768
3716
3716
4046
4598
5943
3748
3719
5151
3934
4385
3724
4251
3734
3769
3775
3724
5693
5692
4068
3727
3854
4683
3729
3730
5264
5733
4867
3733
5386
5880
5065
3747
5782
3831
3907
4870
4941
4858
3743
3880
3958
3743
6064
3741
3742
4966
5335
5843
5935
3824
4539
3746
6094
3820
4966
3876
3952
5204
5372
3755
5414
3755
4102
4781
3754
4148
3754
5907
4803
3757
5374
5856
5188
5232
3972
4593
3763
5412
3763
5114
4390
4546
4681
5438
6152
4330
6089
5451
6139
4297
5479
3772
4204
5941
3774
6122
5354
4545
5519
4782
5944
3784
3943
4718
3779
3780
3781
4115
4993
5554
3783
4028
3987
4337
4923
3788
3789
5298
5747
4400
4786
5166
3792
4499
6100
3794
6073
3795
5359
5534
3813
4611
6024
3798
4187
5386
3799
5310
3801
5809
4276
3803
4062
5075
4968
6038
3805
5258
5573
5759
3808
3808
3811
4372
3811
3942
3814
4237
5081
5904
3815
4414
3816
4030
5658
5839
4426
5481
4022
6017
3872
5164
5860
4105
4771
3825
3920
3824
4321
4699
3826
6147
4785
6032
3828
5299
5447
3829
4648
3831
5939
4793
3833
3842
3860
5169
3837
4262
4157
5977
4341
4354
4232
3897
5282
3841
4114
5421
4367
4987
5046
5333
3986
4695
4290
5795
3847
4574
5602
4572
5275
3849
4739
5780
3850
3919
4870
3858
3855
4971
4283
3857
4174
5492
5585
3861
3862
5169
5342
3864
4808
3865
5295
5641
3868
3994
4226
3868
5371
3870
4304
4964
3872
4223
5913
5067
4497
5316
4296
4845
5838
4567
4458
3883
5050
5643
3883
4631
4479
3885
5743
6149
4175
3889
4535
4762
5592
3889
5486
3892
4620
3893
3895
5353
3898
5247
3898
4529
3965
3901
3901
5544
3903
4040
3906
3905
3906
4915
4755
5668
5331
4042
5417
5697
4884
5145
4202
4493
3915
5557
5596
3917
4668
4685
3918
6071
3921
3922
3921
3964
5443
3924
5706
5998
4297
5697
5741
5662
5940
3967
4364
5054
4576
5245
3968
4422
3938
4457
3933
5796
3935
5396
3936
4313
4735
5423
3937
5326
4678
5972
4529
3943
3988
5737
5839
6075
4443
6021
5014
5544
5895
3947
4500
4501
4219
4077
4875
5740
5996
5634
5057
4012
3954
4293
5572
4935
5970
5651
5862
4575
4906
4330
5518
5463
5720
3963
5102
4570
4785
4243
3967
5584
5712
5789
5863
3971
3972
5412
4590
3974
4180
4395
3975
5797
4278
3980
5224
4747
4934
3982
4428
4014
5634
4039
5179
5275
3987
5275
3986
4546
4681
4006
3998
4717
5879
3992
4595
5677
4989
3994
3997
3997
4787
4039
4718
4011
4001
4410
5802
4598
4350
4009
5227
5001
4007
6138
4008
4547
4183
4670
4386
4093
4695
5228
5018
4113
4017
4737
6079
4055
4071
4020
4641
4021
4371
4863
5379
5018
5012
5851
4037
5901
4030
4414
4028
4333
5863
4700
5257
4032
5889
4034
4035
5369
5577
5687
5510
5825
4047
4043
4042
4661
4351
5762
4046
5484
6119
4063
4056
5988
5825
5927
5928
4052
5868
4053
4558
5446
5536
4055
4244
6013
4061
4058
4657
6002
4060
5054
4103
4467
4122
5170
4066
4068
4759
5873
4857
4550
5206
4073
5376
4073
5999
5443
4076
4934
5224
5388
5653
4078
5441
5442
4082
4153
4975
5883
4626
5792
5794
6025
4085
4633
4087
4088
5129
4228
4641
4091
4849
5289
4622
5137
4094
5610
5919
4097
4598
5534
4102
4423
4803
4101
5504
4101
4129
4603
4543
4104
4424
5205
4772
5066
5510
6081
4931
5068
4111
5468
5315
4125
4690
5323
4117
4125
4119
6098
5211
4121
5102
4124
4578
5517
4422
6138
4128
4356
4377
4402
4131
5471
5190
5364
4134
4166
5636
5888
4140
5684
4138
4893
5403
4139
4757
4309
4824
4925
4143
4669
5666
5787
5821
4150
5181
4150
6127
4149
4659
5313
4149
5982
4720
4530
5688
4153
4340
4154
4156
4293
4165
5569
4742
4163
4320
4161
4321
4323
4591
4163
4729
4821
4242
4903
6098
5104
4182
4174
4349
6008
4517
4816
4172
4452
4634
6134
6047
5621
4176
4394
5599
4179
5706
6111
4181
4354
4183
5227
4185
4208
5013
4203
4969
4187
4445
5880
4497
6071
6132
4946
5125
4516
4871
4193
4693
4694
5094
4198
4196
4272
4197
4509
6131
4199
5637
4431
5187
4625
4202
4205
4206
5661
4970
5482
5013
5058
5306
4664
4808
5358
4213
4471
4917
4301
5244
4369
6063
4219
4220
5617
4218
5920
4218
4438
4976
4501
5415
4222
6161
4243
4285
4225
5472
4879
6091
4910
4820
4230
4231
4594
4232
6125
4334
5118
4235
4239
5350
4238
5164
5855
4238
5131
5623
4403
5975
4241
4242
5466
5241
4245
4822
4246
5934
5078
4673
5539
4675
4654
5421
4251
5480
4261
4262
5297
4256
4817
4257
4866
4999
4257
4616
4259
4260
5271
5315
5969
5997
4269
5563
4319
5017
4266
4765
4268
4629
4671
5667
5516
5962
5148
5772
5942
4273
5266
5335
4465
4476
4785
4444
5351
5698
4376
5171
5519
5877
4525
4600
4285
6081
4287
4776
5690
5676
5186
4290
4728
5232
4292
4363
4533
5924
6036
4300
5410
4977
5311
4302
5242
4303
4470
5234
4305
4873
5041
5047
4307
5491
5488
5795
4878
5463
5648
6057
4328
5731
4312
4450
5565
5733
5602
4317
4318
5747
5154
4320
4538
4325
4809
5058
4804
6004
4325
4666
4796
4327
5498
5627
4380
5265
5652
5286
4441
4333
5827
4905
4383
4569
5652
4337
4342
4339
4461
4891
4752
4341
5605
5062
5708
4345
4348
5120
4348
5025
4542
4352
4377
5856
5072
4856
5693
5087
5236
4358
4359
5096
5805
6130
5531
4362
4723
5422
4940
5709
4525
5968
4926
5432
4375
5222
4367
4984
4369
4371
4374
4526
5549
4661
5607
5797
6086
4557
5839
5635
5800
4382
4677
5366
4384
4611
5904
4386
4388
4392
5972
4389
5272
5850
4825
5175
4392
5448
4394
5236
6042
4498
5270
4398
6142
4957
5230
4864
5814
5072
4513
4513
5975
4465
4674
4774
4409
4419
4916
4409
5091
4766
4411
4413
4839
5709
4914
6047
5855
4719
4417
5781
4477
5087
5817
4421
5958
4466
6155
4746
5538
4721
4640
5784
4962
4434
4434
5057
4436
4689
4997
5767
4439
4440
5220
4976
5883
4442
5965
5696
6105
5791
5808
5613
4450
4448
4449
5111
5218
5074
4680
4455
5117
5378
5324
4457
4770
5711
4460
4651
4707
4465
5644
5450
6139
4488
5695
6105
4467
4469
4541
5334
4471
4474
4473
4856
4870
4475
5233
4488
4729
6032
5583
4479
4541
5772
5952
4482
4615
4482
4768
4484
5460
4535
4585
4487
4548
4857
4489
5961
4491
4493
4851
4498
4499
5404
4496
5487
4497
5310
6090
6099
4503
4711
4505
4612
5652
5800
4512
5605
5162
5775
5027
5168
5266
4511
4973
4855
5082
6102
4515
5550
5728
5475
5912
4518
5401
4741
5637
4522
4521
5754
5727
5208
4524
6003
4575
4924
4528
5728
5915
4971
5842
4531
5119
5150
4636
4537
4600
4535
5715
4540
5922
4539
4592
5646
4704
4634
4544
5672
5588
5267
5782
4547
5542
4759
5320
5082
6015
5103
5930
5747
5557
4559
5348
5446
5149
6107
4559
4948
5681
5819
5848
4902
4563
4858
5246
4922
4566
4626
5502
5643
5160
5619
4569
5239
4769
5068
4573
4913
5785
5206
5980
4844
5103
4580
5961
4827
4583
4583
5431
4585
6109
4587
4588
6095
4590
4593
4592
4630
5627
5122
4596
5027
5768
6141
4688
4752
4891
5514
4605
4670
5148
5172
4605
4935
5388
5349
5522
6080
5735
5964
4612
6023
5983
6018
4830
5175
6059
4621
4774
4617
4619
5516
5700
5959
6154
5789
4852
5003
5701
4742
5785
5679
5505
4631
4633
4629
5650
5701
5033
6044
4632
5050
5079
5025
4990
6103
6126
4642
5046
5934
5117
5459
5034
5097
6130
4645
4646
4999
4866
5879
4648
6058
4651
5248
5804
5136
5319
5776
4664
5327
4656
4657
6003
5564
4660
4721
5482
4663
4737
5345
4829
5981
4728
6078
4671
5820
4819
4675
6133
4675
5400
4804
5657
5836
4680
5255
4691
4691
4695
5240
5346
6064
4686
4687
6078
4947
5767
4826
6073
4922
5933
6039
4699
5712
5788
4701
4702
5594
5377
5999
4802
5140
5334
5942
4750
4707
5550
5475
4709
5360
5726
5673
5512
5235
5304
4714
4714
5112
5984
4718
5170
4721
4723
5053
5556
5053
4726
5225
4727
5480
4818
5436
5523
5612
4734
5707
5689
5901
4738
5923
5297
4742
5078
5397
5992
4744
4874
4746
5540
4783
4784
4798
5400
5581
4752
4933
5176
5213
5548
4757
4764
4765
5603
4762
5714
6097
6140
5829
4767
4768
5091
5238
5265
5301
6082
5618
6000
4776
4892
5902
4778
4779
4905
4782
5699
5329
5672
5918
4945
5028
4948
5348
5425
5754
4789
5355
5477
4793
6027
4797
5589
5051
4800
4852
5746
5462
5552
5166
5323
4807
5174
5858
4811
5176
4812
5716
4814
5427
5810
4816
5399
5409
5392
4973
5650
5233
5055
5495
5300
4825
4826
6057
4828
4878
5461
4919
5905
4892
5600
4834
5174
4835
4837
6103
5858
6126
4839
5665
6022
5473
5817
5836
4932
4843
5045
5206
5130
5307
4877
5830
4851
5303
4853
4981
6101
5649
4853
6157
5404
5686
5593
5017
6005
5051
5436
5537
6123
4867
5062
4866
5878
5001
5100
5029
4876
4890
5452
4874
5040
4875
5540
5904
5720
5473
5533
5664
4882
5674
5197
5428
5808
4885
4886
5984
4888
5195
4888
5145
5533
5823
4891
4894
5745
5628
6104
4897
4898
4897
5030
5032
4901
4918
4903
5314
5590
4915
5296
4909
5276
6125
4912
5932
5534
4937
6046
5949
4922
4931
4926
6053
5633
5612
4930
5226
5790
5530
4933
4936
4936
4939
5473
5575
5693
4954
5199
4945
4988
4946
5889
4950
5766
6035
4952
5371
6020
5182
4956
4959
5194
5318
4962
5169
4964
5210
5047
4966
4967
5843
6142
6033
4970
5036
4979
4973
5020
5365
5366
4976
5624
4978
5290
5890
4981
5429
6052
5101
5051
5537
5263
5327
4986
5457
4987
5322
4989
4992
6096
5521
4994
5186
5807
4996
5969
5198
6161
5777
5392
5011
5238
5062
5037
5949
5006
5423
5761
5490
5009
5731
5010
5113
5010
5090
5358
5019
5184
5467
5184
5632
5022
5022
5719
5143
5826
6017
5381
5025
6134
5437
5033
5070
5036
5163
5481
5077
5479
5458
5041
5740
5043
5044
5249
5046
5048
5193
6120
5422
6053
5056
5936
5060
5967
5777
5906
5067
5066
5824
6087
5071
6104
5072
5745
5074
5287
5527
5474
5269
6013
5276
5566
5722
6164
6165
5086
5157
5478
6169
5089
5197
5821
6067
5252
5682
5933
5097
5100
5101
5429
5265
5635
5517
5163
5108
5150
5119
5181
5110
5328
5110
5243
6116
5112
5915
5114
5554
5995
5117
5118
5894
5468
5122
5125
5124
5221
5340
5395
5796
6129
5127
6160
5389
5464
5870
5130
5601
5920
5133
5423
5760
5689
5565
6061
5451
5142
6151
5146
5145
5435
5606
5690
5902
5504
5150
6076
5268
5844
5539
5322
5157
5758
5163
5816
5835
5162
5564
5713
5914
5278
5819
5830
5486
5171
5173
5771
5947
5178
5602
5182
5765
5294
5184
5185
5465
5193
5196
5743
5192
5192
5543
5195
5739
5637
5992
5791
5375
5332
5203
5558
5205
5209
5895
5211
5213
5215
5261
6025
5217
5435
5445
5219
5394
5221
5887
5223
5725
5360
5226
5531
5231
5677
5298
5780
5235
5234
5240
5239
5851
5239
5247
5913
5244
6116
5932
5705
5250
5252
5545
5903
5254
5261
5340
5395
5325
5258
5260
5675
5267
5877
5269
5271
5292
5277
5974
5274
5500
5786
5282
5291
5280
5281
5292
5380
5285
6077
5288
5289
5476
5356
5818
5985
5295
5321
5857
5298
6058
5381
5304
5684
5306
5315
5320
5603
5309
5796
5310
5313
5372
5317
5774
5319
5487
5323
5573
5655
5329
5414
5334
5891
5945
5333
5782
5338
5871
5342
5746
5341
5887
5614
5345
5607
5915
6079
5905
5349
5567
5357
5730
5354
6001
6110
5367
5742
5361
5363
5614
5746
5486
5369
5425
5749
5424
5371
6034
5379
5377
5894
5378
5594
5526
5385
5405
5480
5390
5555
6159
5393
5394
5397
5993
5396
5903
5401
5869
6007
5401
6007
5408
5420
5494
5976
6078
5413
6088
5507
5424
5425
5419
5633
5485
5470
5428
6006
5430
5432
5433
5675
5435
5445
5865
5444
5438
6069
5441
5748
5751
6128
5446
5522
5740
5526
5704
6156
5451
5514
5455
5598
5457
6061
5459
5815
5982
5462
5464
5467
5717
5470
5472
5835
5543
6033
5527
5928
6162
5520
5482
5485
5802
5490
5496
5499
5493
6067
5849
5513
5579
5852
5502
5503
5946
5505
5938
5793
5507
5511
5511
5516
5563
5529
5520
5867
5995
5523
5525
5560
6089
5531
5537
5541
5541
5994
5547
5632
5680
5547
5834
5551
5674
5550
5738
5973
5973
5807
5560
5826
5559
5562
5563
5568
6111
5572
5577
5571
5576
5823
5668
5986
5713
5917
5589
5587
5588
5673
5726
5692
5593
5595
5605
5722
5600
6090
5603
5604
5873
5872
5609
5803
6080
5612
6114
5618
6087
5615
5617
5619
5622
5625
6009
5624
5914
5920
5630
5627
5731
5629
6050
6128
5633
5793
5645
5640
5874
6045
5955
5645
5647
5648
5649
5925
5684
5651
5708
6062
5657
5742
5704
6054
5666
5786
5974
5662
5941
5893
5664
5665
5667
5671
5802
5673
5678
5778
5681
5682
6090
5689
5736
6133
5692
5696
5966
5700
5708
5703
5868
5704
5864
5806
5714
5715
5958
5985
5719
5722
6015
5970
5999
5925
6046
6059
5726
6151
5730
5734
5799
6136
6068
5737
6019
5756
5751
5753
5756
5759
5761
6085
5764
5765
5770
5772
5952
5965
5966
5775
5781
5781
5778
5881
5785
5787
5791
5789
5793
5797
5799
5813
6065
5978
5916
5804
5806
5983
5809
5810
5812
5843
6141
5813
5816
5819
5825
5931
5833
6156
5832
5950
5881
5895
6091
5838
5890
5841
5842
5968
5847
5846
5852
5854
6009
5860
5857
5861
5931
5867
5996
5867
5870
5871
5872
5924
5963
5876
5877
5879
6087
5884
5885
5887
5896
5967
5962
5898
5900
5903
5906
5912
5910
5910
5913
5914
5945
5959
5924
5925
5927
6162
5928
5930
5933
5936
5942
5944
6027
5941
6117
5945
5947
5955
5949
5951
5955
5954
5957
5958
6018
5962
5968
5974
5977
5983
5989
6114
5993
5995
5996
6000
6111
6003
6005
6007
6009
6118
6014
6079
6016
6017
6021
6023
6024
6026
6028
6145
6035
6034
6055
6066
6039
6043
6099
6048
6046
6050
6104
6054
6056
6059
6068
6076
6098
6086
6089
6095
6100
6159
6160
6161
6115
6127
6131
6124
6132
6136
6135
6142
6153
6153
6158
6163
6165
6168
6167
6168
6170
6169
