1
866
3459
164
779
1267
1578
3856
6
173
589
87
490
2719
478
2854
3222
728
862
13
672
1863
9
259
3539
2510
3184
11
476
4606
502
2011
14
444
3047
801
2299
943
3186
16
3115
3781
1567
2865
18
5277
10370
1266
4688
20
8487
9430
1483
8539
22
72
3061
1993
9154
24
4388
5049
5415
5637
26
4640
4854
1563
1564
28
1606
8927
304
4125
166
3802
8122
31
3466
3735
530
1031
33
5969
6929
780
8372
372
4801
9186
41
710
854
37
2946
8910
1726
5926
39
1751
2145
10047
10184
199
852
5229
1854
4274
501
3675
6169
3779
5166
10489
45
5652
6300
1887
5667
47
1947
1948
3943
4496
49
381
1460
2024
2025
51
3294
3483
181
2920
53
8683
10423
2149
2848
55
1169
2978
367
5853
62
553
1047
168
3950
8121
59
2225
7872
1698
1753
61
2296
2413
71
7287
1885
3651
1553
3291
4396
66
3555
3737
2390
4940
5252
831
1520
68
3914
5563
5848
8775
70
2495
6609
71
2659
1295
2742
6323
79
622
1500
75
2832
6218
4458
5583
78
2537
4446
2414
6622
7286
2602
4163
491
5853
81
263
10005
7146
7186
85
285
908
84
2613
3530
2870
3629
1900
2877
88
455
5253
740
3947
3235
4173
3146
5518
5807
91
2512
6988
5425
5428
93
3930
8771
3941
10281
95
784
4897
2662
4979
97
774
4933
3939
5103
101
2715
4589
100
3494
8378
4928
6555
4664
5312
103
146
2756
8012
9387
105
2757
3724
3995
4313
107
955
5289
975
4120
111
1490
3463
110
1507
2875
3733
4777
775
3559
788
1484
5300
114
2979
4419
3218
4525
116
2980
3281
900
4905
118
4627
5506
643
2907
120
352
3010
600
618
122
3042
8405
2483
3621
124
3065
4296
647
5673
126
577
2529
3126
4336
861
6449
7602
129
2249
3581
2919
8588
131
1391
2818
1538
3350
135
374
4166
134
6609
9746
8638
10173
3178
3420
137
4268
4517
1236
2786
139
3219
4271
1523
9625
141
449
4044
3223
4294
143
458
1849
1217
8247
145
604
5207
3654
5530
147
3297
5661
7806
6223
7855
9356
150
603
5205
2737
3968
153
2262
3306
4223
7391
8393
1672
2789
155
4877
7925
2914
3326
157
1426
4838
4440
7512
159
1692
3970
165
3846
161
3170
5706
1138
3572
163
611
8666
1373
1667
322
687
227
5159
168
341
168
1561
4651
769
817
3362
171
2713
3446
3039
3293
2883
3179
3488
981
3241
271
1895
8776
179
8363
9495
177
2253
3510
2246
4427
179
1137
1834
9220
181
988
1083
3849
183
2508
9650
186
3888
185
2588
5095
2541
3580
1992
5977
188
3430
3562
190
5374
1128
3467
3606
217
986
192
1521
4237
970
2333
198
3947
5290
195
5142
9810
2505
4675
197
1939
5399
2947
3685
199
1030
471
201
3336
9406
2236
6031
203
2214
3592
2480
8043
205
206
4776
1739
5035
207
2679
2288
4427
212
416
3775
212
983
4379
211
2525
4968
3345
3761
862
214
3926
4393
879
3428
219
2711
4412
217
901
3020
702
219
1928
2301
4735
221
442
5033
4180
4748
223
926
2942
2957
3928
225
4015
4491
3886
5186
227
229
1317
1692
943
3047
3981
6017
9807
231
2721
5607
2202
4137
233
2064
2399
1308
3772
235
236
2561
906
4171
3319
4351
239
6856
8965
283
5300
5641
377
10070
241
6021
6647
5639
9156
246
1129
1227
564
716
4072
245
1920
3225
403
5743
591
2979
248
3941
8178
7784
7875
675
5532
5846
251
2843
4808
1044
5538
6310
7276
8673
254
4191
4573
4842
4967
256
1489
1905
1700
2652
258
474
4468
330
2537
1071
2037
261
262
2064
4264
5441
655
4369
264
9760
265
3163
8515
8671
267
2668
5657
268
5549
4732
4970
441
821
957
866
888
1078
311
4912
273
1501
2451
2478
4196
275
3414
4328
3069
4798
277
1045
4627
3231
3594
279
5742
7774
401
5814
281
522
1032
4364
4637
286
1484
5364
286
529
285
516
3544
3958
698
296
299
3917
295
2343
2618
290
4494
4951
5504
7007
292
6038
7449
7380
10097
294
6962
10290
6100
8509
1845
3085
2977
3924
298
7271
8011
2188
5483
3208
5495
301
1990
2715
305
4079
303
2201
4887
3340
4486
1457
3591
1188
4750
310
1230
4634
310
6031
9406
309
3338
5358
3449
7868
8772
394
7385
313
4602
6220
2155
9951
315
491
622
551
3601
317
5593
9918
318
2457
5952
8806
320
709
2460
3409
3780
322
778
5806
323
1302
5417
473
4809
5245
330
3554
4446
327
4224
9933
5623
6325
329
7730
9782
5149
10408
331
475
4121
335
587
8036
334
9177
9604
6422
6793
337
2039
369
1730
10086
7612
7669
339
2180
4622
3755
5473
349
3128
3871
3676
3951
345
5064
8718
344
6647
8157
5639
9244
6547
7823
347
5407
10021
4575
4903
1180
3739
5906
389
5694
351
1015
1150
352
4982
619
356
7203
7590
355
1519
3298
484
4664
7130
8802
359
1089
1502
611
1507
1667
2511
4715
361
799
1910
363
3584
851
1424
5494
366
1011
365
6121
6654
1823
9586
1032
1854
477
3649
369
1155
10419
7846
371
391
4713
1343
10279
6384
6627
382
6273
7072
563
1070
376
5260
9207
5497
9977
378
7430
6789
8845
380
6507
9164
6792
6793
3328
4738
385
7209
384
985
2293
830
3038
827
1594
387
8068
8342
394
8776
394
5734
7764
393
3544
391
9399
10080
2375
7641
8074
8357
1674
4133
396
397
2436
2098
9057
1734
2130
399
4419
4525
403
1918
401
1658
5815
6477
3281
4077
4905
1795
405
5326
5611
813
5386
407
6970
6972
6992
9039
409
2985
4466
2671
3569
412
1451
4130
412
1017
3397
2205
414
3512
3660
415
897
3657
4958
786
1487
422
978
2358
419
1361
2238
2861
4178
421
9030
9331
8062
8193
425
821
2607
4149
10401
2453
4984
7080
438
3046
645
2747
3911
428
2303
9739
2104
5949
436
1966
8856
435
3359
4833
432
6669
10051
434
7096
434
7111
8225
6423
3073
4728
437
8896
1398
7796
441
2615
440
5994
6127
7130
7204
442
956
444
764
3429
3562
6034
8066
9587
447
1158
10181
8642
10294
820
7487
8108
452
2516
1210
3220
4071
452
1609
4045
3150
454
5219
5599
455
3048
4169
457
2389
6910
6605
7334
1402
6611
466
8525
9906
461
1151
4996
4203
4475
463
2389
8460
7227
7334
466
6914
8002
2984
3478
3607
9132
472
3226
9618
469
7291
7939
2022
7414
472
2411
2539
4119
5289
2424
476
2982
475
3242
5080
3110
491
3729
2012
4571
480
1637
3432
3648
4926
482
673
740
2162
2719
2164
3416
5614
485
535
488
5312
487
2901
6372
7172
7328
8896
10201
490
3994
4619
5531
493
2660
8935
6762
10298
499
6794
8732
5634
6709
8632
915
1205
3486
498
1403
2566
2705
9175
501
5734
503
1014
1016
8841
3566
3576
505
2863
1492
1513
3019
1892
3857
513
725
1884
3364
3606
4490
512
826
5350
510
9073
9615
7466
9703
1377
5304
7469
1170
4342
4439
5059
8550
9843
9878
588
915
4356
715
908
519
601
2559
1728
3063
8122
2273
2967
521
3024
10317
2791
7483
524
1010
1405
2189
2319
527
1563
526
7504
8916
5270
9952
4637
4640
4150
6936
9205
1091
5578
532
3615
2915
3711
8666
534
2925
534
673
743
621
540
1522
537
7338
7626
7238
8665
539
661
1645
7633
7634
2624
3306
546
3458
4377
543
2350
7142
546
2405
545
7667
8688
9032
9920
3456
549
4158
4821
549
3166
4953
3418
552
3632
3749
552
1043
907
556
1000
555
4130
5018
1141
4570
557
817
558
769
1046
2937
560
2676
4857
3661
3940
563
3511
4212
3718
5442
5614
564
2765
566
866
1066
567
1040
1490
3459
571
7430
8965
570
5129
8136
1167
7066
7730
10250
5459
6383
7294
577
2526
5244
2035
7731
10289
576
6088
7732
4006
8969
3665
579
1012
3756
607
5473
627
5182
6264
1743
9526
9894
583
5190
7504
2801
5865
586
5256
5710
586
1171
4278
989
5301
7747
2942
5351
822
957
601
4915
9133
1248
4677
593
5172
7798
6759
10037
596
2922
3436
596
930
2406
3623
2648
7837
8466
599
9501
10262
1494
8281
867
5205
602
2935
9450
853
3870
606
4983
3074
3405
9890
2603
5427
609
3260
4583
7948
7949
610
4059
4207
4821
613
613
1237
2619
3087
615
4700
5161
1093
5588
617
621
3716
756
3398
619
691
5553
6077
8959
9317
2932
3632
624
1129
1130
3807
4955
842
1756
8016
627
6108
8796
5500
629
3260
4207
3541
3982
631
7019
8024
9021
10073
633
3743
9680
635
1245
1772
5881
8046
6145
8370
1674
2571
4351
1467
1630
3106
639
3538
4212
640
901
3008
3852
646
647
3274
643
5566
5644
2105
701
3796
5671
701
3323
3815
3869
4384
649
5016
7315
5596
7791
651
2911
3246
767
5745
685
1965
3717
654
1041
2071
655
4327
4030
1796
3759
4781
658
4129
8147
4187
5767
3123
5668
8155
663
664
5268
662
9126
4307
8101
5266
6540
2976
5909
666
1459
3934
5447
5776
668
2424
2924
669
2539
1797
2281
671
3351
4216
2819
3381
2111
7662
1031
8168
9107
9356
683
4175
677
678
8267
6702
8143
679
8242
4031
7444
681
6620
10191
5273
8937
683
1091
1912
5578
686
1469
3546
686
3091
3545
878
4272
689
4951
6055
690
5788
4818
7063
868
4483
693
4346
4955
1130
2677
698
5160
5161
697
7383
8356
717
732
2060
8202
10414
1093
700
4437
5764
4442
6963
5505
929
3563
742
1248
3500
2293
3040
3498
708
877
1076
707
9565
9789
910
8381
709
3425
2717
714
5679
712
1410
9097
969
9825
1495
1807
4895
715
3547
881
722
4212
1295
2557
719
2528
8834
8443
10057
721
6979
10307
8451
10405
723
3852
724
3667
3900
5423
726
4389
829
4101
729
1305
6584
959
2330
5203
9790
731
1708
2584
733
3655
3658
6105
2489
3898
738
3049
5825
736
9641
10075
5516
6365
739
834
911
739
888
894
1030
742
3877
4528
840
756
2162
745
2163
4838
746
2395
1276
9653
2641
4484
9765
751
1797
6270
750
5923
9213
5579
9749
754
4792
753
5654
8150
6899
7702
9002
9785
1042
3558
5806
3773
758
1491
5444
759
3408
3712
4279
1042
1308
2071
767
3508
5219
763
2331
2665
4017
5713
3050
5825
1421
2647
9404
767
891
2063
769
991
2936
2612
4209
8671
772
2996
4338
774
3938
818
916
3601
4467
779
3459
777
1755
2327
2088
8272
779
3558
3507
8958
784
3480
4221
783
5095
8184
2587
7147
3369
1811
4661
6111
787
788
1460
3775
4738
2621
3598
5801
792
918
4191
6413
8284
8635
4842
5800
2111
6007
6257
795
796
2151
3833
4894
2359
3873
804
2081
3245
799
2704
3247
5800
802
6363
8021
3146
7854
7020
7300
804
1048
5110
1075
810
3419
5298
807
10333
10335
6541
8887
809
6726
8852
5510
6756
3860
4548
812
2373
4663
813
5327
3886
816
2939
3540
820
6506
7301
4595
4612
819
838
3375
1089
1894
3668
822
3241
824
1481
5812
825
2975
1049
3730
828
831
4952
7032
1500
2181
830
1886
984
5688
833
834
3049
1009
3981
835
912
4691
837
5678
7655
1652
10432
966
3599
1863
2007
2298
846
3066
842
8461
9959
8998
844
1665
8856
1931
9001
7286
7904
9189
2524
5227
848
1138
4881
849
3572
850
4453
976
3654
852
3466
1058
867
4781
860
4252
860
4969
5679
857
9179
10376
8878
9614
859
6829
8975
7565
9077
4842
8422
8740
2328
864
4734
5637
865
4935
4309
5069
868
3759
914
6180
8222
876
5353
9915
1210
3739
4775
3081
8817
9857
876
2830
3026
875
5118
7291
6064
7939
8954
880
2409
1078
3429
880
4754
948
3821
4274
883
2790
2880
887
3354
1671
2789
3251
886
1600
4575
4149
5407
3851
3898
1066
2925
3615
3660
914
4885
8315
895
3564
893
5165
9880
7140
9210
1080
3868
896
3624
2635
2710
3615
3735
899
5485
9983
7949
9683
2776
5360
5622
2610
3009
3068
904
905
2812
2527
3066
1468
2523
3555
5688
1046
2891
3824
910
7071
9249
7772
912
3849
987
6303
6851
8622
5699
926
1043
3396
2018
8156
9281
2635
2704
2030
7849
9058
921
4988
8425
5653
7332
923
9295
9798
8985
9376
925
1289
8728
9296
9764
5422
2353
4937
5119
930
2965
3409
3184
5622
934
934
1062
3858
933
4102
9316
9137
9176
2885
940
2510
3186
937
5626
8037
9329
9666
939
5964
10074
9335
9336
943
4632
942
3035
8503
1754
3666
974
2555
3797
947
5307
7726
1618
5715
8114
4882
9221
2921
3774
950
1138
3170
954
4266
953
1731
9365
7480
7710
9463
9573
10085
955
3303
4881
958
4180
959
959
4875
963
3556
4711
962
4213
10361
1659
4837
964
9242
965
2614
1796
9778
970
2604
969
1412
10385
8031
8650
9433
9400
3653
1668
3785
9404
973
9266
9779
7653
10440
977
1036
976
4881
1911
981
3318
982
3244
980
3382
4110
3383
4344
983
2297
3561
1039
986
3020
986
3164
988
5566
2105
990
8468
1515
10112
1630
3509
993
2217
2916
994
2917
1172
1710
996
6268
8707
999
1346
998
8520
9408
5744
9846
6341
8469
1885
1894
1005
6864
8941
1003
3909
5323
5028
5360
1005
9265
10440
6960
1961
8155
9055
1008
1009
3755
4622
5294
4691
1011
4916
3647
1013
4299
2907
5644
1543
3302
1016
1565
3010
2070
4082
1019
9541
9679
8237
8516
1021
7547
9374
7699
8482
1023
2408
5032
2657
4067
1025
2882
3176
1564
5343
1027
4150
5407
1028
1558
5418
9205
1062
3268
3819
1058
1058
1035
1034
5605
9768
5590
8366
4274
4364
1039
1146
1038
7752
8049
8117
9527
3778
2407
3210
1042
2983
3248
1045
1147
5251
1047
3749
2675
2738
1050
5794
2452
3780
1052
1053
3716
2755
2854
2932
3270
1055
4904
8900
1684
7992
1057
7178
7403
9254
9255
1060
2923
3270
3660
4353
1062
2407
3850
1064
2918
5440
1067
3499
1928
2711
4088
1080
3532
4656
1069
1324
1825
4995
6654
1071
3178
3511
5336
6193
6395
1074
2011
3245
1075
4487
4000
2406
3409
1521
2012
3878
5825
1081
4872
5138
3210
2073
3421
1083
2540
3483
4300
1085
2540
2549
2294
3240
1088
1173
10028
2951
6146
10126
2174
6044
1090
2813
3362
1092
1093
4892
1095
6617
8651
1658
9166
1097
3447
5427
1150
4983
1099
5924
9140
1100
5707
5961
6732
1102
2898
4879
3388
4282
3650
5649
10486
1105
4859
9884
2502
10015
3249
6156
6515
3567
4710
6506
1109
5631
5940
5938
6852
1111
4253
4918
1930
2295
3470
3519
5083
1114
2794
9179
1406
10399
1116
3399
3716
1118
2854
2293
3164
3794
2012
2926
1120
4460
10062
6881
9178
1123
3340
5033
1123
2899
3978
4748
1127
1128
3364
1126
5910
6781
5269
5909
3598
3734
1673
2884
1131
2979
4420
1133
1763
4829
1134
2194
2133
2256
1136
1435
6060
6888
9584
6093
9549
1140
1936
4183
1141
3124
4411
2999
5697
10155
1144
4459
5738
10154
10155
1146
3797
5251
1147
2843
1172
2334
3387
2663
10104
10176
1557
1154
5018
6634
6976
7213
1154
1393
4570
3381
1228
2172
1158
9405
9963
1158
7674
9645
1160
6973
8279
1161
10117
7685
8190
1163
5936
10014
1164
3771
1782
4678
1168
8412
8925
1167
8308
8997
9418
7024
10200
1170
4544
2181
1515
3144
1184
1179
10418
1179
2208
3709
1176
2172
10419
4187
5067
1178
8978
9435
5115
7697
8086
1183
3445
1182
6997
8464
4291
6635
5604
5708
2943
4681
1187
5201
5520
1187
1387
4057
10476
1191
4858
1227
1564
2882
1191
3028
3683
5401
1193
8404
10458
2068
2370
1195
2442
5841
1196
3330
1678
4235
1198
8171
9654
1199
9446
5954
7607
1201
1202
10385
1411
4011
9136
10276
1204
9627
10168
9001
10287
1206
4519
4356
5705
1208
3659
8133
1209
10478
5534
10194
2523
1215
4368
10122
1215
7153
7452
1214
8411
9131
5286
8915
1464
1217
1951
9121
3825
1220
4230
5448
1220
5952
8781
9208
1223
6843
9040
1223
6996
7873
9423
1225
4927
6052
1226
2345
1525
2176
4680
6044
10082
1406
2320
10398
6195
8594
1232
3199
4125
2770
5391
1235
5445
6965
1235
8457
9194
9181
1238
4655
1649
8666
2654
3533
1240
8420
10470
5852
10296
1242
1366
3945
1243
4397
3473
4428
1245
7816
7957
2228
1501
3491
5107
1249
3713
4699
3218
5884
6988
1252
2138
5739
1252
9640
9668
9279
1254
1478
1958
1255
7539
3154
10203
1257
10104
10340
3960
4260
1960
8239
9970
1260
1670
4674
5047
10356
1262
2562
5263
1265
1713
1264
5264
9819
6970
7044
1592
4156
5466
9841
1269
3940
1270
1577
4036
1270
4857
2930
1274
2097
5276
1273
6842
7352
6496
8853
3134
3329
1277
1989
2508
1277
2938
9650
1280
1616
4780
1280
1872
3373
5328
1287
5006
10100
6778
7618
8590
1848
8636
8644
1287
4900
6539
1286
1687
6629
6968
7870
9023
1296
3403
4383
1290
8037
9666
10040
1292
6482
6801
8020
10297
1294
5213
5493
2121
7654
2496
1297
3579
3065
3266
1299
1301
4251
5216
8774
3443
7009
7110
9231
10228
1306
3793
1304
10129
10146
8235
9350
1307
3948
1308
5806
7009
9690
1312
3374
3649
1311
5670
6133
6550
9206
1314
3576
3179
3486
4588
2581
4618
1347
3821
4364
1317
5159
5249
8388
1319
8617
9300
2596
5714
1322
1523
2726
1322
2503
3219
10362
1325
3183
3455
1325
1824
1693
1327
7392
7934
1328
6710
6107
9105
1330
4564
5527
1332
1909
2565
5677
9567
3670
4408
1334
2080
5320
1335
2744
4960
9664
1337
2769
7880
3099
3577
1339
6670
7511
6786
8922
1345
3003
3265
1342
2038
4385
5302
6460
1344
7840
1345
3227
4220
1349
7027
1348
3674
3680
3823
1350
6319
5816
8048
1352
2416
4745
1357
10371
1354
7163
9573
5575
9707
1356
9709
10330
2048
4141
4319
5208
1359
6923
8954
1360
9708
5005
5353
2338
2834
1397
2260
5080
1364
3944
4232
1366
3800
1955
4436
9866
3475
1368
5151
9184
6409
9500
1372
5309
6053
1372
5535
8926
3703
5452
9811
10448
1374
4721
3711
5017
1376
4597
4822
1377
8648
5832
1379
2833
3288
1380
4774
1382
3389
3257
4007
5372
4026
9473
1384
2028
3394
4236
10450
1386
1615
3600
1499
2565
4871
9884
1390
4555
4901
1390
1449
5511
3629
1392
3499
1394
5440
1394
2819
5169
1396
3490
3861
1398
9606
1424
4998
1933
1401
3002
4729
1401
3620
5220
3838
1404
8215
1404
1849
9327
1406
10376
1408
2158
8489
1409
9457
2551
4947
1412
9483
1412
2339
1419
6691
7538
1415
5217
9281
9624
9809
1417
2332
9988
9973
10225
1420
2092
8726
1420
4075
9766
1422
1671
1423
3251
2948
7512
5229
1426
2538
2948
5122
1428
1751
2050
2146
6079
1430
1431
7900
5802
8609
5514
10073
1433
2552
4517
2902
9697
1435
5121
5898
6062
1437
7719
7808
9688
10234
1439
5089
7857
6679
6803
1441
2090
4141
1442
2579
5369
5947
1447
2594
6797
1445
6999
7967
6525
8608
1447
6377
7494
3041
1451
3590
4411
3630
5946
4078
6927
7527
1456
1453
5023
7207
10158
10478
1455
4974
5020
5002
8098
1457
2070
8927
1459
1460
4997
3776
1463
6158
6242
1463
6977
9630
1512
1465
10281
1466
7899
6762
8771
1470
2812
1469
1470
4775
3091
1472
2255
4020
4193
8478
1474
1475
4991
1598
9434
5027
7122
1477
4843
5316
1488
1948
1479
3145
1514
3764
1481
1673
3734
3462
1483
9618
9754
5785
1487
1486
1772
3861
8046
9606
2328
1489
4594
3866
2576
1492
2274
3966
1494
9762
9907
8525
1496
4679
2056
3974
1498
3788
3874
1499
2346
9567
1520
3964
1732
3669
1504
3732
4735
1507
4412
1506
8967
10001
5357
7099
1509
5646
8270
9292
10041
1511
1513
5536
3966
5837
7331
9426
9282
1515
4817
1517
6668
7167
1518
7354
6978
7401
1522
4558
4507
2926
4813
9084
1526
1527
2546
4308
8476
5012
9594
1528
2046
3920
4963
1530
3423
3588
1531
2641
9417
9677
1536
5189
9948
1537
4320
4321
1535
6325
7391
4223
4224
1537
4793
4839
1539
3053
3499
3985
1541
2038
7669
1542
7418
4385
5720
1565
3527
1545
2138
9488
1546
7757
5685
5739
1548
3134
5275
1553
10011
1550
7760
10001
5824
8942
1552
8801
9922
7874
9423
1788
1555
5448
7683
2031
9208
1558
2667
10130
1565
3448
10021
1560
3290
9622
7945
9347
1562
4309
3676
4359
5343
1578
3854
4667
1569
4332
1570
2865
4219
1570
4003
9716
2892
3141
4232
1590
1637
2461
1574
6920
7977
1575
9078
6478
7413
1577
2229
3385
1578
1583
1771
1980
1581
4293
10143
4302
9453
1583
2682
4240
3644
1585
6708
8653
2804
8188
1587
3302
3435
3527
4572
1589
3531
4889
2658
5501
1595
3935
1597
7059
8528
3075
9890
1597
7317
7822
5850
9336
3727
4098
9180
9961
10334
7347
1599
7121
1602
5412
1601
3551
1760
10401
5109
5151
1605
4788
10094
1605
5546
8623
5502
3542
3811
1608
2197
4698
5378
9652
3617
4770
1612
4470
10389
1612
2137
8861
7955
1614
6269
7227
5200
6931
1616
3449
3371
1623
2125
4840
1621
7450
1620
6492
8120
6276
7954
2497
3841
1624
7543
8364
1624
9783
7542
1626
2058
4858
3112
3403
1629
2834
3188
1629
2630
4547
3804
3362
1632
1633
4186
3353
7742
1634
2504
4357
9953
1636
4317
8876
5319
6558
2716
1673
3467
3477
1640
1826
1827
1643
3496
1642
9893
10176
2660
10010
8594
10349
1645
8560
9038
9127
1647
7750
10425
4552
7578
1974
3636
4340
1651
2620
1651
2720
5178
2915
1653
9894
1654
10065
1742
2329
1656
4617
8416
1659
8996
1658
6522
7632
8130
1661
1662
3854
4595
4666
3795
5429
1665
1966
2623
1665
6697
10263
1667
2875
4722
1671
1672
1670
8016
9138
9065
4811
3958
1676
3084
3105
1950
4914
1710
1965
4681
1681
5840
1680
3311
5190
4669
5865
1682
9655
5859
10079
1684
5485
10066
1685
3847
10404
1687
7911
8104
1722
1689
1714
2302
2661
2761
1692
1695
8874
2970
4241
9866
2128
3586
3444
5055
9201
1696
10402
3970
4739
1698
3056
9575
3666
1701
4737
10131
1702
4398
1702
5416
4022
1704
3293
10088
1707
4092
1706
5551
8041
4898
5174
2400
4060
2374
4099
1710
2217
3717
1712
4789
7845
5315
7471
2564
3090
1716
10053
3828
5770
9473
9929
10187
1718
8614
8678
1719
6103
1720
1775
8889
8948
1722
9190
9355
8314
1725
5879
8713
1725
6877
9796
7913
2420
8543
1728
3187
3803
4043
1730
1731
8634
5317
10087
1894
3680
1734
1735
3180
2683
3028
5783
1737
8890
9548
9246
10144
1739
2766
4116
1740
2288
8988
4261
4829
6037
1743
10388
3961
1745
1904
3215
2990
10188
1747
1767
4438
1748
3037
3376
4512
1750
4625
5742
4752
5814
1878
1764
2013
4061
1754
8007
2200
1757
4719
1757
2323
9959
1759
2119
3535
1760
3552
1859
1763
4825
9362
1763
1835
10231
3270
5285
1766
2286
5966
5842
9335
1768
2761
5856
10079
1770
5330
6975
4456
8353
1772
1773
1776
4240
1775
5356
5363
6102
6092
10204
1780
3987
5854
1779
6603
7409
8347
9289
1781
8905
7205
8109
1783
9529
2973
5414
1786
9684
9685
1786
5933
9503
9046
1788
3491
4396
3809
1790
3372
4849
1794
1914
1792
5439
8455
6695
8093
1794
2304
3189
2324
1798
3556
1798
6502
4782
1800
4228
5463
1801
3703
4613
9633
1803
3327
5243
3353
9755
1807
1808
8409
1806
8524
9920
5997
8867
2692
7122
8670
4765
5209
5523
1812
6277
7584
1812
4159
10384
1814
2944
4996
2083
3400
1816
3830
10427
8667
10215
1818
3377
4186
2504
4907
1824
1825
3423
4271
9625
10102
1822
4578
10303
8814
9774
1825
7559
3586
8039
8041
4280
4635
1829
2651
3534
8312
8897
1831
1832
2991
2000
2569
2258
4796
1835
6093
9476
1835
9361
1839
1950
3172
1838
3908
4914
1839
4930
4205
1844
3011
3014
1844
2551
3199
1843
8634
9365
6136
9090
4947
2880
4002
1847
2244
2462
1848
5571
9637
2706
1851
6725
7090
2142
5704
1853
6063
9899
4891
9926
1910
1856
1857
9393
1978
8782
5667
8518
1859
4043
10396
3187
1861
9823
10258
1862
9197
9903
10454
2148
1865
8076
9629
1866
6645
3641
9464
1868
3198
3639
4162
4315
1870
1871
3193
4423
4424
2307
3404
2150
3105
1875
2578
4703
1875
4472
4652
5896
1877
2050
4696
1878
2777
9687
1880
2447
3714
2723
3337
1883
5803
7682
1883
6717
7664
10227
1886
3853
1891
3008
7237
9393
1892
4803
5204
1890
4910
8498
5787
8886
1899
3680
1925
1895
6691
8777
9180
1897
1898
6753
10457
10458
2370
9775
1900
3823
3652
1903
1976
2305
2299
3147
3148
2896
4106
1905
4022
1906
3214
4007
1908
4564
4586
1909
2836
3835
4252
1913
3554
2311
5773
1995
3654
1916
3339
1916
2323
10257
5621
2417
4319
4777
1919
4418
1920
4776
5035
1922
4081
5107
2069
4533
1924
7688
7691
1927
2137
1926
5194
2863
7595
7955
9812
1930
1930
3695
4090
1934
5797
5876
7252
10365
1934
8856
10353
1936
2918
5438
2316
1938
4047
5469
5194
7596
1941
4246
1941
3869
5398
3812
1943
4456
5711
5330
7816
1945
4332
4768
1946
4004
3537
4503
3237
4843
2652
1950
3097
3175
1952
7371
8247
8642
1955
2436
9057
2351
3068
3528
1956
1959
10467
2363
2429
6861
2191
3765
2440
8107
1961
3123
10025
1965
3263
3509
1964
2955
2959
6718
8098
10201
2580
3628
6481
1969
4614
8288
1970
2456
2348
2616
1972
1974
2074
1973
8311
2359
4894
4335
1976
4742
4957
1977
2361
4106
1979
9623
2448
9550
3585
3861
1982
4500
4501
4850
5186
1984
6866
10350
1985
9696
7016
7610
1987
9325
10280
2198
9240
1989
5601
9769
8790
4231
4589
1994
3479
3737
2015
6799
2742
6640
2560
2881
4446
5207
1997
2090
7322
1998
5369
2381
5406
2000
3069
5408
4686
2002
5027
7273
4991
9878
2006
8649
9565
2005
6104
9549
3227
10279
2008
2368
2427
5674
5234
8578
2010
6570
7787
6004
8079
4605
2016
2755
2015
9732
9978
4987
2758
4502
2081
2577
4618
2019
5514
2023
5802
4972
5139
6398
2022
6921
7616
6707
5718
10013
4323
5658
3328
5157
2029
7248
8180
2028
3344
4051
5238
2030
8511
10075
2033
9240
2997
7897
9701
5179
9325
2036
5592
6606
2036
7675
5295
2041
5635
2039
5303
3127
4736
4969
2042
4851
2510
3158
2044
6564
9375
2045
2906
4873
10014
2167
4087
2048
2579
5662
3295
2051
4695
8094
2051
2120
2053
2525
3973
2056
3761
2055
6520
8732
5500
6264
8862
2058
3310
3818
5401
2061
7996
8023
2496
5766
2062
5420
9440
9759
2710
3246
2071
2066
4459
8787
2068
8851
5390
7127
8544
4257
2070
5892
2073
4375
4612
2421
2076
3636
2079
2472
10443
2079
3160
2078
7502
9724
3427
9655
9836
4189
4683
4716
2083
2185
5882
4922
2085
7635
7826
2183
6905
2087
2860
4178
2088
8313
8705
2090
7619
9693
2095
6870
7538
2095
7614
2094
7574
10390
6151
9800
7759
2097
2101
8861
2136
2099
2129
2103
2763
2101
3826
5165
4259
2103
2814
3694
4197
3426
9724
4300
2108
2513
3201
2108
3882
4687
9667
2114
3519
4465
2112
6056
9713
2113
2279
10141
2122
2148
2820
5433
2116
4906
5117
2117
4727
4758
5138
2119
2237
3187
2387
5082
6079
2123
4482
3380
6860
8251
9626
2125
2126
8113
5715
2927
8921
2128
5019
9765
3454
2130
2815
5783
2132
8457
9226
6427
8297
4131
4810
2135
4154
5692
3324
5157
2137
2822
2141
2140
3095
8587
3805
9631
8865
9640
2143
2144
4709
5388
7835
8307
2147
5893
2147
9693
7617
2429
2889
6022
2304
3082
2153
2837
2154
5748
7833
3600
4780
2184
2940
2156
7788
2161
7104
2159
2674
5857
2160
10274
3061
4654
6878
9592
2501
8138
3728
2165
2938
2173
5032
5122
10163
2168
3465
4950
2168
2546
4742
2171
2727
4704
2171
4888
6128
6162
2174
2216
4168
5066
2179
7977
9078
2177
5841
5677
9566
2179
8734
10367
7743
3140
4962
5853
2183
6222
7791
6908
3013
5456
3892
7363
2187
3605
3766
4288
9860
5916
6639
2190
9522
2191
5843
3154
2193
3801
4131
2194
3190
6037
2196
4778
10276
8141
9136
3713
7994
2200
2403
2268
4803
5194
6674
2203
4455
2203
2842
4136
2205
3400
4996
5018
2207
4981
9276
2208
9999
10028
2211
9584
10254
2211
5672
9172
6120
3779
6006
7662
2215
3250
4194
2215
4085
10308
2408
4491
2269
2220
2341
5322
3989
5924
7457
3907
4913
2557
5950
7184
2223
4425
4451
4810
5177
2225
3722
4620
2278
2228
6145
7713
2228
7652
7903
2230
4192
3933
4866
2233
8769
9151
2233
6295
7051
6809
2236
3018
3336
2236
5226
10108
2238
3188
2388
2242
3973
5248
2242
2475
3846
6360
7128
7996
5159
2244
2245
4145
7998
3723
4786
2247
5000
2248
2253
2957
5062
2250
5126
2251
3388
2252
4128
4931
8588
2254
3662
4157
2256
4810
10231
2258
3004
4795
5382
2698
3147
5835
3242
3243
2263
2788
2789
2263
2623
10263
2266
5826
9638
3122
8239
9714
2267
2745
5590
9768
2270
4047
3501
3619
2766
3968
2272
3119
3569
2380
4441
2275
9133
2275
3408
3019
2277
2278
3757
3722
5462
8007
2283
2521
2283
4582
9504
2282
6270
2924
8484
9834
2285
5842
8135
2286
7637
8331
2288
3510
4779
2297
2555
3318
2291
2292
10299
9616
10368
8951
9386
2297
3560
2300
4254
2674
5472
2299
2941
2301
9016
4333
2303
3426
10055
3372
4099
4950
2363
2427
5228
2308
3343
2310
3405
2310
4064
4156
9890
2312
4892
2313
3000
3753
4845
2315
2317
4269
2918
4656
2317
3865
3229
2319
5843
7804
2320
8310
2322
8705
8838
8313
8897
2327
2327
2669
2326
8793
9052
5830
6358
2330
5582
10064
5364
2332
9302
2695
2337
3599
2337
2917
2336
5477
9780
7468
9248
4237
2341
2861
2340
10012
5340
5820
4122
2344
2880
4671
2344
2481
7002
2346
9566
3125
2348
2667
2805
2349
4614
9633
2351
2352
2401
3528
3962
2354
3111
2355
4135
4455
5119
2360
2989
3988
4009
4713
10080
2377
3269
2731
4514
9799
2362
2798
2702
3863
8571
2365
2831
5939
6218
6600
2368
9249
9466
2368
6810
10256
2370
8787
10193
2372
3707
4462
2373
3781
3114
4454
4646
2376
2740
2378
10279
2922
3561
6104
9968
2380
2381
4705
3120
2797
2386
4554
5141
2386
2631
3045
2385
8168
10205
6990
7855
2699
2388
3534
2391
6911
2817
3152
4178
8312
2393
5585
9936
2394
4123
2395
9653
2396
2480
3592
2398
2992
3988
3090
3202
2400
4264
3481
2404
3009
2403
3757
9889
8007
2405
3155
3455
2409
2576
3725
2921
2412
8565
8703
2412
3361
3226
2414
5467
5558
2416
2417
5710
8468
2875
2421
2423
5138
2420
7837
9776
3787
2422
2684
4611
4727
5185
9372
2426
2898
5525
3388
5258
2429
2431
3369
4665
2431
3845
4794
5146
2433
5598
10232
8012
10020
2436
2683
4436
2452
3596
3727
2438
2441
9135
3568
9101
2440
8106
9811
9061
7054
9690
2444
5677
2444
2568
5358
8668
2446
5731
8578
7384
9034
2448
6716
3633
2450
2954
3964
2451
3196
2582
2460
2454
4314
5449
8467
2456
6404
9153
8840
3758
5462
2459
6787
9819
6970
7188
2461
2717
2463
3295
4786
5662
2465
3376
4184
2466
2774
3664
5244
2468
2589
4417
2469
5527
3173
4208
2471
2472
9656
2530
7719
3637
2474
4719
8837
6623
9959
2477
2525
2488
2583
3679
3595
9209
2479
5107
3891
5547
5585
2482
2620
2720
7003
2485
3603
2485
2852
4277
9157
2487
4923
8586
3987
8631
2601
5427
4376
5019
2493
3843
5519
2492
8399
9126
6317
8101
2494
8226
2497
9868
2496
10173
8780
2500
9535
9748
2500
5297
7568
5410
2502
7246
4874
2504
4357
2506
8668
2507
5358
4076
4676
2509
5601
6799
2524
4516
2609
5883
5096
7958
2515
2516
4720
3468
4387
3223
2518
2519
9017
6733
9719
4062
4828
2522
2886
4856
2522
10142
4584
3079
2527
2530
3327
2813
6307
7136
2531
4340
2531
3637
2533
3536
7679
2536
3820
2535
8863
9346
7838
8842
3844
5409
2994
2541
10243
6501
3077
8918
2544
3733
4214
2544
4318
4777
3842
2546
3751
4742
2548
3142
3531
4889
5199
2555
3078
2556
2743
3719
5391
2786
9167
2554
3564
5254
4862
5147
5545
6846
7287
2559
3006
5178
4919
2561
3555
2571
2563
2866
2564
5434
3988
2568
2567
9327
4784
9939
3449
2570
4337
2933
3202
2873
2743
6429
6873
2574
3987
4922
2575
5882
5451
5854
5813
2581
3656
2727
10357
2580
5946
2604
3197
4195
3415
3447
2585
4376
2895
3458
2588
10290
10293
2588
7035
2590
3731
2592
2779
2592
2694
3670
9678
2597
5724
8751
2595
7725
6542
8733
2597
9835
9467
2599
2600
8952
6806
9256
6370
6591
2603
3212
2603
5207
3375
2606
2608
9272
4151
6907
2608
10397
4649
2610
3283
5428
2612
5231
9499
9663
4901
4941
3213
5706
2653
5052
2617
9153
2667
8129
2619
3086
2620
2622
4344
3596
4110
2624
10201
2627
9337
9891
2627
9867
10081
7575
2629
2810
2919
2630
3676
3951
3356
5147
2633
3902
4439
4382
4834
2635
4191
5097
2639
3130
10255
6444
7215
7968
2640
2807
5345
2640
5602
8277
2643
2643
2790
4671
3094
2646
5155
5156
2646
4696
5393
4181
2648
2948
3580
2650
4670
9987
2651
7297
9570
5154
3021
4096
2787
3919
2656
3801
5152
2846
4451
2658
5123
2662
2674
6612
2663
3427
10079
4138
2672
2665
2695
4408
2666
3832
4016
2671
5056
4477
8272
2671
4633
5657
4787
7362
2676
4146
7230
2703
4000
3763
2678
2679
4420
4776
3234
2808
5457
6384
2682
2683
4239
3777
2686
5185
2687
4611
4666
2687
3932
4668
2703
2728
4369
2691
3379
5042
5769
6640
9155
2962
3587
2693
5025
4895
7300
2695
9973
2697
5357
5402
3992
9670
3149
9188
4543
5242
2701
2702
3287
4509
4690
4957
4030
2710
2706
7364
3825
2708
7761
10138
4293
10202
2711
3085
3316
2714
3883
4389
2714
3884
4101
5426
2717
3648
2719
3619
4619
3007
2722
4481
2841
4112
3634
5085
2725
4466
5082
2897
8094
8601
10369
4432
2738
2758
2730
3984
4095
4920
5615
2732
4335
3788
3873
2734
2735
3602
4861
5298
4929
5548
2737
2766
5036
3224
4571
2740
4113
4193
2741
3104
9399
4306
2747
3253
4190
2746
6468
2748
5591
2773
7491
10446
7485
7529
7544
2754
3446
4608
2752
5882
8623
3892
5547
2754
2874
4077
3884
3222
5218
5598
2870
3530
3222
2760
3207
5495
3476
3800
9494
2764
3703
4200
2764
9061
9811
2771
4166
2768
5216
9193
6717
8774
2770
8943
3542
2772
4474
4015
4492
5507
6873
2775
3037
3664
6052
2864
3736
2778
3731
2779
9687
10264
2782
4503
4504
2782
3331
4850
4501
2784
4244
4523
2785
3956
2961
5043
2787
2890
3252
4194
4484
2794
10318
2793
5567
8815
8210
9617
2795
7278
9182
2797
4441
4868
7322
2800
4105
3259
5003
6027
3573
3864
2803
9689
2803
7726
9221
9347
2806
8200
9128
10131
4540
5105
2809
9405
3013
9186
3130
9963
2811
4547
5081
8588
2813
2815
4940
2816
2817
7871
3309
2819
3352
2821
3276
4049
4832
7691
8866
2824
7896
8562
2825
10320
2826
9353
5543
9074
2829
3025
5450
3684
3786
4813
2830
4314
8999
2832
10407
6875
2954
3071
5322
2836
4586
5075
2837
3833
2840
3472
6565
2840
6081
9695
8980
2842
4392
4887
2844
3778
5447
2846
3770
3844
3820
2848
4035
4461
2849
2890
3927
2852
2853
9160
2852
3228
3384
3605
9859
2858
4554
5242
3842
5210
5519
2858
4317
5413
8877
2860
2861
4476
8272
2863
3282
3839
3466
5361
2866
4629
2868
2869
6481
3724
4786
2870
3628
2872
4380
4423
2874
3885
2877
3958
3280
2878
2879
7500
2881
9286
9681
6143
7088
3652
2883
2884
3807
3261
3623
2887
6523
2888
5529
4583
7991
2890
9167
2937
3248
2893
3531
2894
3822
5306
5555
2896
4099
5836
2898
2985
3042
3341
2911
3176
3646
2903
7800
5628
6090
2904
9554
6519
7529
2906
9588
10014
9642
2908
4298
4627
2910
6863
7603
4032
6394
4588
2913
2914
8358
3692
4063
10451
2966
3398
3773
3745
4359
3268
3867
2922
2925
2932
9967
3740
3206
4463
2929
4037
4461
2930
3522
4148
2934
7450
9590
2964
3937
3841
4214
4919
5787
2937
3262
8797
2942
5324
2941
3148
7832
3221
3262
4475
4799
2946
2947
4478
9024
4245
2950
2951
8245
6613
10127
4762
2953
3228
4746
3386
5097
10110
2956
5020
7284
7507
5324
2959
7507
8214
6719
2961
3770
5146
2963
2963
5150
4244
3090
4155
2975
3780
2967
3407
5178
2969
9705
10194
5534
6879
2971
8820
9851
10204
2973
9531
10454
5618
2976
5612
10101
3858
5006
3693
4940
2981
5245
4934
5028
2982
3649
3576
2984
3746
4327
4879
2987
2988
8587
4074
9677
3805
10324
2992
5381
3275
6936
2992
3202
2994
2995
5233
5405
2996
4305
4468
2998
2999
5735
9700
5698
3001
3253
3002
4960
4845
3005
7840
3005
3524
4008
3007
5526
10099
3020
6009
3857
3229
3453
3014
3613
3706
3149
4946
3016
3017
8575
4057
5520
5354
7398
3714
4925
10136
3046
5737
3023
3024
7668
8688
9756
5889
3026
6212
6608
3029
3310
5401
3029
7871
3031
3983
3984
3032
4498
3033
3583
4158
4953
3035
3986
5170
6674
3037
4308
5856
3039
3040
4101
4559
8733
9111
9394
3044
5147
5254
3045
3235
5048
3269
3050
3700
5705
3050
3052
3349
4727
3053
4378
4863
3055
6011
6363
5026
7274
3057
6734
4759
9017
3059
4386
5415
3950
4651
3062
4649
10397
5472
3063
4043
3064
5007
8121
4384
3079
3068
3283
3840
3070
4132
4689
3291
3963
3073
3075
3708
3074
5265
5263
3077
3078
5508
4301
3797
3877
3081
5643
9204
4541
3083
3084
3189
4122
4913
3086
3087
4412
3089
3829
3906
3935
4098
3106
3093
4671
7002
3095
4740
3095
9417
3097
4587
5328
3105
3099
4054
8866
3100
5275
7879
3102
5072
6698
5777
8044
3104
4003
9716
4114
3509
3108
9919
9945
3109
5149
7133
9992
3363
3383
3127
3128
3113
3579
3587
3818
3115
4766
4332
3118
3298
5398
3267
5093
6037
3273
3869
3120
3284
3121
4415
4684
3123
6456
5169
5438
3126
3788
4927
3872
4134
5870
7885
8854
10295
3133
5313
5711
3133
4456
9086
6206
3289
3136
5770
9880
4904
9210
3138
4626
4630
3139
9791
4422
5498
3158
4929
3142
3236
3913
4590
7796
8355
3145
10391
5400
3147
3149
3151
4816
4720
5433
3153
4523
3309
4222
5726
3183
5627
3157
8984
10336
9342
10229
3159
4622
4632
5689
8311
3162
5469
7994
3713
7594
5896
10357
5374
3166
4548
5316
3419
3168
8251
8510
5197
6644
3170
3213
3457
3172
3673
4208
3175
3174
4564
3175
4587
3179
4548
4843
5681
5635
3683
3777
3182
7088
9724
5949
6144
4995
3209
5380
5861
6277
3209
3804
4477
3266
3267
3192
8640
8663
8331
9865
4659
4934
3195
8854
9572
3196
10110
3197
5870
3882
9667
3452
3201
5466
7856
4688
3204
3205
3976
3206
4574
3672
3923
4932
3208
3279
3693
3563
3819
3212
3679
4328
4163
3238
3217
5372
3217
3275
4262
6205
8880
4049
4528
4907
3238
3441
3248
3387
3627
3225
3870
5036
9754
4297
3230
9704
3605
3972
3232
5538
3541
4093
4764
5208
10381
4346
4427
3910
3237
4496
5683
9242
3240
3305
3436
3483
3244
4467
3909
4933
3318
3566
3247
3584
3553
7905
3252
4086
3252
5771
3255
4601
8452
5474
9124
3257
4391
5001
3307
3259
4413
8598
4142
4299
3268
3294
3263
4681
3265
3524
5010
9594
4643
4296
3774
7451
7898
8701
3273
4079
5426
3274
5489
3276
4433
3279
3694
4197
3279
3474
5463
3281
5486
3283
4576
3285
3431
4633
5247
3287
3997
5011
3752
3289
4104
3291
6036
9946
3380
3726
6157
4559
3305
3296
9637
10330
5218
9945
5991
5751
8633
8833
3301
3468
4386
3950
5007
3839
3304
5604
5290
5561
3623
4812
3308
3583
3866
4594
3310
3312
4925
3314
3715
5941
6192
6250
3315
8923
4234
8052
3317
4002
3355
4088
3320
4820
4480
5607
3322
3997
4795
3524
5011
3796
8629
3325
4797
3328
5057
3692
5203
7808
4104
4259
8668
9810
3332
4068
4504
4794
3334
9508
9510
3335
3549
4928
8153
3337
8326
3339
4076
4849
3341
4505
3343
4659
5103
4065
3346
6405
3346
8553
7082
3348
3355
3898
3655
4089
3350
4906
3352
3352
3682
4185
3355
4002
3357
4543
3358
4862
3972
4746
3360
3899
4728
5325
6501
10210
3365
3631
3365
4606
3367
3368
4473
6544
7878
7446
8421
3370
5043
5146
3373
7868
3373
3375
3729
3377
5659
3379
3801
4643
5152
6257
4203
3798
4098
4809
3386
4524
3933
4668
4573
3396
3390
7478
3391
9267
9473
10354
3393
3395
9499
4900
9975
4051
8175
4431
9663
3599
3400
7363
3399
3740
3402
4198
5767
5576
9707
5490
3406
4424
3406
5265
3408
3712
3420
3720
5636
3412
3415
3862
3413
4509
3414
4689
3679
3952
3424
3718
3418
4056
4902
3419
3424
3422
4449
3893
4375
3518
4168
3428
3648
3427
4330
3430
4272
4415
7938
3433
3903
3434
5168
4112
4481
3529
3840
3560
3438
3439
6669
5213
10051
3440
8533
5212
7982
3457
3739
3444
4349
5046
3444
5044
3457
4266
10088
3448
3575
3451
3589
4183
3452
3865
3453
3865
3456
4377
3456
7142
3461
3985
4109
4513
4863
3463
5813
3477
3465
4087
4864
4530
3478
3469
3470
4465
5574
3472
6124
7616
6707
3475
3497
3476
4228
3476
3559
3746
3626
3750
3955
5043
3498
4559
7605
8482
9374
3485
3996
4450
3550
4757
3487
3488
5422
3806
3490
5148
7796
3585
4533
3493
5050
5051
3495
4989
8153
9022
4797
5692
5024
5648
4228
5763
3772
4677
5227
3502
3545
4619
5359
3504
8018
10126
6151
7573
3506
3507
6928
4971
5293
7528
3564
5599
3662
3538
4353
5385
3516
6107
6412
3515
6101
6613
7902
10127
6710
7585
3518
6231
9677
7564
4434
3521
5032
5123
5521
5614
3523
10377
4147
9652
3526
4172
4672
4449
4566
3575
3529
4572
3959
3533
3985
4109
3535
9987
3537
4400
4860
3539
5622
4375
5351
3594
3543
7880
8706
3547
3717
5359
5900
3871
3549
7754
9568
8676
4311
4313
3552
9176
9316
5559
7286
4120
4526
3558
3559
3746
3561
3563
3748
4105
5836
4618
3668
3916
9085
10024
4633
3572
3760
4483
3668
8230
8502
3574
3747
3575
3952
3578
9456
4055
9593
5042
10067
3582
4359
4309
5568
4563
3647
3643
3588
4243
9765
3591
4125
3591
4183
3593
4440
4838
4298
3597
7186
5794
3846
3971
3631
3874
3729
3720
4852
3604
4936
5119
8405
3607
4488
3610
4144
4399
3611
4145
6602
3611
4204
3792
3613
4971
9722
3614
4354
4945
3650
3658
5766
3618
5164
3645
4045
3728
3622
3837
3622
9394
9157
3625
4862
4746
5097
3632
4507
4387
4388
3630
3630
4344
3634
3635
8849
7894
9550
3637
3639
4210
7339
7373
3643
4231
5148
3642
8078
7746
9602
3644
3777
3934
5784
3647
4916
6262
3652
3750
3656
3878
4646
4716
4077
4884
5951
7063
9892
3662
3762
3666
4707
4759
3665
4927
3853
5059
3674
4715
5527
3672
4126
4127
4463
4205
5310
4639
8628
9320
3678
7136
9605
6307
6683
3682
4399
4549
4906
4750
3685
4558
9024
3689
5037
7952
3688
6415
7187
6842
7353
3690
3905
6671
7511
3692
4760
10331
3694
3696
4918
4265
5120
3700
3894
4356
7211
9377
9629
3700
4169
4672
3702
7506
7508
9956
10017
3705
4128
5156
4205
4930
9704
9721
3708
4628
4728
3710
8087
4980
6425
3712
3715
6716
3721
3726
3813
3721
4861
4479
3724
4312
4066
5186
5544
4110
3773
3734
5801
5393
3733
4520
3736
4958
4507
3808
6204
10487
3745
3742
3744
9005
9025
9185
6610
8371
9458
10374
4237
3748
4572
3962
3750
3752
5012
4957
3754
5588
3836
4701
3756
4815
3758
5334
3760
9778
6405
3763
4779
7545
3765
5411
9524
3769
3972
6347
7157
10334
3769
4287
5242
4543
5150
9530
9588
3794
4754
3776
5776
4379
7639
4629
3784
9366
10295
3784
8404
9007
10255
3787
4811
3787
5926
3790
7124
8112
6648
7487
3792
4203
4204
5078
3794
5476
4157
5062
5166
3799
3829
4809
5392
5306
3803
3951
3804
4395
3807
5030
10482
10485
3811
8706
3811
4533
5892
3814
9788
3911
6157
3815
5805
5673
3817
4221
4979
3822
5555
4222
3867
4425
3824
5501
3824
9429
3828
9880
3828
4026
4259
4342
3831
5868
4556
5867
3834
4893
3835
3835
4408
3837
5287
3838
4845
3840
3843
3843
3845
5409
3848
4904
9932
10354
3868
3858
5812
4484
5019
3853
3856
3856
3940
4157
5204
3860
3915
5442
4861
3864
3952
3864
4509
4007
3868
5743
3872
5679
3874
3876
4712
6598
4365
10206
4069
5111
3880
3881
5187
4162
5583
3882
9863
3885
4380
3885
4500
3888
4123
9651
10103
3914
8229
8893
3910
3912
4941
3892
4081
3894
4672
5351
3896
4170
5688
5167
5350
3910
3912
4567
3900
4870
3901
3902
5059
4833
3904
3935
3906
5167
6417
9715
5350
3908
4546
5081
4998
8843
3959
3918
5683
6204
3918
5681
3942
5487
3955
4221
5199
3925
3927
3921
3922
4220
9594
3923
7917
4127
3956
5252
4867
5886
4097
5737
5885
4174
5000
3930
3941
4949
7007
3932
4513
5464
3933
4410
3937
3938
4339
4685
3939
4065
5542
8349
3945
5154
3945
4496
5137
7139
8882
5531
3949
7780
5055
5170
3954
4429
6353
6603
7410
3956
6102
7909
10044
3995
3961
9526
4267
5833
3964
4396
9560
9571
9930
3967
5446
7962
4803
3977
6422
10237
3971
7146
3974
4896
3976
5479
5480
7917
6798
9199
3979
3980
4748
5397
4701
5287
5294
3983
4095
4161
4924
7780
8503
5707
6298
3991
5297
9470
4445
5922
7097
8137
3994
5359
5906
5708
3996
4566
3998
4132
4690
4000
4028
4489
5335
8433
8768
4005
4005
4400
4115
7265
9396
4010
5382
4010
7797
4510
5136
6577
7132
7265
8972
4014
5704
5839
4550
5871
5386
4017
8398
5689
4579
5460
9245
4023
4331
9540
4113
4341
4023
9611
10022
10189
9045
4025
4060
4061
4091
5285
4104
4029
7221
9060
4030
4326
5619
10285
4032
7416
7592
4034
4269
9704
4518
10292
4037
5885
4037
4192
5337
7811
8871
4040
4041
4048
4816
4832
4391
4771
4044
4045
4410
4322
4047
4116
4908
4049
5001
7209
9336
10076
4052
6596
7082
5108
7323
7546
4055
7691
7689
4058
4821
9552
4059
4964
5701
4264
5441
4063
10331
9555
4065
4685
4067
4850
4068
4138
4071
4711
4078
4783
6241
9242
4474
5423
4075
6690
10324
4075
9766
5621
4682
4080
4858
5490
4082
7363
4084
4363
10145
4718
9372
4086
4440
7512
5595
4090
4090
5120
4092
5385
4609
4095
4920
8721
8755
10091
4097
4485
5666
8329
9191
9899
4670
8010
5264
5696
7044
4106
4421
5974
8175
5798
6044
10418
4867
4118
5044
5046
4926
4114
4115
4402
4117
7545
8988
4213
5917
4121
5606
4121
4476
4124
5101
9936
4405
4585
4697
5258
4984
10004
4411
4451
4686
4351
5694
4135
5259
4136
4137
4545
4897
4140
7673
10433
6668
10216
7619
4159
6112
4144
4312
4324
4145
4147
5378
4148
4857
4151
4151
4153
4154
4522
5049
5241
4286
4156
4685
4161
5862
6569
8069
10132
4207
6875
5405
4165
6590
8292
5901
7308
4167
4168
4492
4173
4171
5168
4480
4173
4567
4348
5030
4989
4992
4177
10362
10369
4202
5793
4180
4878
5397
4182
4417
4208
5310
4185
5243
4186
4188
4198
10420
4190
4415
8194
5886
9968
6696
4196
9816
9536
4200
9706
4201
6138
8665
5463
5268
10215
6832
7597
4216
4213
4836
5045
4210
4211
5682
5231
7339
4520
4217
9585
10034
4399
4218
7426
9795
10190
5434
7745
4697
4243
5492
4225
5594
9348
4227
9327
9408
5690
8215
4395
8498
9631
8052
8783
4750
5306
4234
4724
7860
5190
7503
9655
4980
5239
4256
6095
7813
4241
4436
4242
4242
10204
4244
4246
4763
9788
4248
5215
8985
4251
7289
4250
6373
7420
7519
9196
5684
5800
4254
4574
4255
4932
10111
4350
8983
8403
8850
9034
10364
10367
4267
5537
4263
5093
4263
5804
8807
4531
4865
5604
8906
4269
4655
4271
4511
7629
5417
5163
7141
8906
4276
4741
9736
4280
9563
4524
4936
4279
5017
10391
9299
5707
5960
8001
5126
5375
4285
4295
4388
4286
5157
5658
4286
5049
4288
5413
7700
4290
4565
4620
5187
5188
6097
8195
6165
7137
8834
7534
4295
4322
5658
5094
4585
4697
4299
4301
5506
4915
9450
7042
8033
8142
4305
4798
5408
4338
5916
7074
9268
9793
6052
4316
8504
10315
4324
4761
4313
5015
7373
10402
6847
8530
5630
4319
5210
5570
5932
6035
9842
4323
4997
4549
8835
9467
9578
4327
4488
5404
4350
5470
10468
4392
4926
9534
9748
4334
9590
4520
4735
4336
4340
4339
5408
4339
4402
5177
4544
4345
4642
4726
5377
7765
4347
4348
5000
4955
7649
9537
6858
5948
7133
9994
5285
7126
8028
4357
9493
10362
4360
8669
9115
6663
6735
4362
5307
7946
5573
10018
8538
9009
8022
9468
5140
7885
8752
6361
7781
8619
7875
10281
4502
5432
8558
8827
4430
8646
10172
4429
7407
10147
4374
5732
6286
8581
9343
4377
5185
5464
5776
4381
4382
4424
4390
4384
5489
7340
4387
4390
4439
4498
4393
5666
5524
6915
9574
10332
4398
4737
5154
4401
4402
5079
4404
4463
8921
4405
8363
9220
7789
9085
9135
9400
10421
10422
5831
6053
7909
4997
4414
10359
5003
9786
7315
8161
8206
5393
4419
4420
4422
9409
8174
5486
7679
9479
10179
10297
4737
9128
8548
4615
7047
4432
4899
4435
4434
6907
9272
4900
6162
4444
6644
4511
9494
4466
9657
9900
4445
5105
8725
5198
9054
5860
4448
4944
5755
8221
10473
4450
4872
5640
5769
9156
5530
5554
4530
4950
4505
4458
6733
6818
7218
7836
6001
6571
10423
5325
5327
4604
4625
6383
4720
4468
4470
8906
10388
9888
4474
5386
5611
4473
7095
4703
5077
4477
4482
4763
4565
5436
4481
8910
5554
4486
5052
5665
4489
4490
4489
4605
4492
4497
8814
10339
4495
6056
5504
10137
4499
10296
4924
8591
9773
4663
4767
5441
4768
4860
8405
5985
8745
10071
6478
7290
10071
4713
7840
4512
5659
4866
7797
10078
4516
4638
4640
4823
4518
6090
4588
5745
4591
9333
10241
4973
5240
5252
4593
4526
4527
4528
4711
4532
7375
9725
4531
4645
4538
8216
4535
5468
7994
5378
7230
4537
7590
7815
9579
10094
6764
9955
4540
6378
9369
8328
4542
5725
7803
9980
5392
4820
5607
4547
5322
5117
6941
9752
5458
5789
9728
7773
8742
4556
5465
7856
4555
8877
10427
6680
7161
8020
5399
7984
8205
10185
4568
4961
7212
4563
4594
5316
4953
5224
4567
4569
8636
9637
10327
5169
5111
4593
5479
9176
5883
7595
4578
5008
7627
5600
4580
6045
9898
10144
4591
4596
8356
4584
10033
4584
9545
4587
4590
5148
9813
4593
4736
4967
5429
5827
9109
7364
8564
4599
6605
8118
6555
8377
4623
6899
8161
4603
7404
7104
7245
6361
9288
4751
6626
4606
7344
9005
10374
4609
4884
10088
7503
9551
9810
4612
4614
5452
5143
6917
6745
8338
9583
5237
9848
4621
5669
7872
4624
6900
8205
10116
7389
4631
5497
4629
5263
4642
6546
4642
10261
5294
4635
4741
8594
4961
8749
8905
4639
4639
4715
4682
6579
9828
5042
4653
5250
8895
4646
5120
4648
6026
10442
8823
9041
4650
5083
5574
4935
4880
6183
6865
10009
6021
9154
4656
6174
7489
9815
4939
7541
9659
4660
5028
5323
4662
6980
10178
10384
4766
5991
4794
4897
4667
4668
8299
10107
6849
5068
5500
6110
4675
4676
5131
9062
4680
5875
5935
5513
8410
4854
6050
4684
5318
4705
4796
4688
10370
4690
4814
6000
9530
9902
4694
5650
7827
7479
9267
4696
5503
4699
6886
5702
4701
5397
4703
4704
7878
6128
5406
4709
10019
10271
4708
8503
5202
9790
5839
5557
8349
7022
7445
4723
7672
9569
5110
6765
8800
9018
8539
9618
8705
4722
5256
5710
8838
8899
4725
8052
5448
7680
4753
6437
4730
9860
4960
7700
4739
5682
7146
4734
5240
4734
5069
5549
4937
5299
7373
5528
10099
4743
5226
6031
4826
6283
6925
8468
8480
6778
8285
8589
5458
9752
10382
4752
5986
8048
8501
10261
5737
7989
8759
9049
4762
9692
10182
4758
4872
4761
4760
5202
5117
10294
4772
4765
6337
8844
4767
4768
4771
4924
5615
4771
4816
6266
7654
6828
7324
8928
9312
10110
5900
4783
6838
8988
5075
4782
5743
6579
7805
9175
7145
8819
9103
7004
8935
5451
8111
10083
10341
6432
6864
8939
5865
8299
9347
6356
9824
5125
5174
4796
4992
5233
4800
4923
5077
8585
6396
6628
8257
9877
10312
7192
7365
7770
6258
7458
8505
4807
7234
7543
7982
9979
5447
5782
4812
4813
4815
5566
5644
5411
10017
4819
9867
6055
9712
5259
9820
10213
4854
5227
8979
10270
10386
4829
9854
4827
8529
6893
7050
5741
9291
7225
8506
9315
4835
5222
8459
5433
4834
5265
7143
7747
4837
9055
4844
5517
6464
8365
8921
7054
9056
9101
8155
8996
8904
9803
10256
6814
6823
8765
9547
9910
10342
7868
4852
4929
5636
5821
7696
10210
5074
5972
6057
5090
9498
4871
4874
5409
5464
4865
5480
4917
4867
5082
6082
4870
5325
5326
5424
7704
5936
9665
7788
4878
5160
4877
6966
9134
6584
5161
5056
7095
8553
4883
8710
4885
9896
5385
6913
4891
6811
7008
5665
6287
8605
4890
5123
5521
8025
5588
4894
8398
4896
5248
5373
9163
8515
10357
5141
5298
5548
8129
9137
4958
5659
5314
5468
5071
5335
10221
4919
5526
4912
6347
9180
6367
4914
10202
5343
4918
5479
4921
5272
5475
4923
10107
7754
4931
5081
8113
5102
5486
5415
4937
7356
7730
10408
6324
9756
5048
5087
7342
10089
6785
9474
9819
6329
9293
4946
8489
4947
5109
5329
5798
4951
5788
5851
10460
8611
10058
10380
5651
6643
8881
5293
6083
9722
10209
4964
5701
5595
7917
5548
5143
7367
9121
7367
7678
8255
4969
8553
9209
4973
5050
7126
6068
7396
5692
6016
10348
6144
7867
10304
4978
5315
8634
5014
7921
9099
9035
9090
5501
4981
9274
4983
5088
5015
6014
8027
10015
4987
5292
9978
5977
5002
8604
5532
4991
7079
8550
5638
4994
5425
5627
4995
9750
5494
5667
8806
9912
5372
9053
10442
5005
6285
9779
7653
6540
5574
5144
9929
5013
5086
7108
5011
5012
9206
9720
7656
7922
8976
7701
8570
5256
8933
8237
8660
9350
5058
5335
5347
5719
10157
5034
8039
6363
8670
5027
8670
5236
6524
8469
5422
5034
6507
10249
5052
5365
5036
5038
9747
7466
9715
5040
5195
10233
5041
10373
5193
9358
5045
10039
7650
5053
8727
5141
5657
5247
5532
5758
7494
7450
8114
10111
7009
5375
5299
5638
8768
9437
5064
9010
9443
5063
5145
7133
5430
6638
8066
7770
7178
7406
7867
5067
5076
8147
5070
6520
5568
5908
7975
5072
9627
10168
5074
8222
10328
8435
5328
9999
10028
5078
8869
5177
7679
5606
9272
5647
7599
8270
5086
9723
8326
5395
10149
5530
5553
6389
9962
5091
10142
10106
10340
5094
5673
5804
5094
8918
7856
9308
5104
10045
10462
5104
5255
7375
5101
5695
9469
10103
5103
5323
7208
8327
5581
9812
10063
10159
10446
9184
5111
5113
6498
9740
5949
10304
5115
6828
8204
6074
7331
8261
9630
7105
10072
5672
9584
10243
6217
9109
9813
5373
6464
5568
5128
7667
9920
7508
8867
5130
7069
6196
8775
5142
10356
5133
5134
10386
8012
10272
5664
9387
6737
7067
9215
9832
10012
5140
8835
6067
6821
5869
10316
7469
5158
10053
5149
8811
5152
9434
7599
8848
9990
5258
5503
5310
9805
10303
5364
9093
9472
9870
5165
9888
5475
5615
8747
5168
9195
5206
8889
10035
6568
9520
6165
8654
10070
5189
5176
5693
9763
6593
10008
5180
9421
7683
7801
5182
6954
8796
9447
5184
9325
9421
7135
10280
7690
5583
5669
9275
5192
7396
10211
7848
9020
5196
7761
5196
5536
9282
5198
7013
6844
5522
5978
6623
6030
6561
5203
5205
5214
8346
5209
5210
5212
5213
8879
9913
9340
9923
5216
9313
9298
10162
9427
5271
9160
9859
5230
7150
9098
5225
5301
5225
5302
9731
5278
7690
10032
9735
8160
9326
5606
7921
8718
7958
5237
8465
8860
5404
5235
6810
7384
9260
6338
7217
5246
5239
10069
6504
5241
5637
5244
5392
8416
9381
5844
5249
8390
9068
9171
5508
5254
5599
5257
5262
8528
9686
5694
5261
10261
8070
9202
5719
7208
8730
5868
10215
5274
6557
7712
5269
6134
5273
7801
5705
5745
5538
5782
8917
6142
8520
5276
8866
5278
5279
5436
5593
10002
7843
8075
10120
5283
6947
7412
5283
6108
6428
8796
6408
9600
9924
6808
9094
9394
5291
6599
7779
5290
8657
9564
5410
10022
7715
8724
10128
5380
10269
10378
5564
5300
5303
5303
9121
9429
5309
5535
10478
9897
6552
7556
10226
10461
5313
6225
6227
8355
6442
7230
7545
5317
7845
5319
5320
5403
5630
6118
6785
8274
5430
5327
5412
10418
9869
5697
9861
10387
7644
9136
10422
6300
7087
10428
5952
6567
6248
6775
5340
5341
5339
6470
6958
6368
6591
9483
5342
8609
5802
5820
7395
9283
9368
5346
9095
5736
8925
8004
10220
5349
6129
7640
6529
8057
5353
7052
8439
8770
9804
5412
8086
10244
9726
10044
7760
5361
5494
5363
6766
9018
8948
5366
7152
8038
10249
5747
9386
10368
9303
9412
9684
5370
5403
6558
5373
5376
9162
5476
5549
6465
7219
6436
9211
7587
8881
9982
6459
5382
7797
5384
8283
9878
6252
7273
5388
7835
8979
10271
7509
7790
9436
7000
7193
8943
5395
5396
7722
9346
8023
8863
5399
5446
7539
7613
8238
5406
5405
5975
7506
8864
5875
7408
5418
10189
5476
10130
5445
7599
10452
7944
9864
6302
6790
8296
5424
5611
7931
5991
6009
5430
5432
5435
6876
7443
9799
7106
8773
5437
5462
5593
5440
6723
6784
5522
5810
7083
7748
5446
10391
8848
5450
5973
9409
8623
8289
8106
8289
8436
5458
9087
9229
5456
5748
8626
5457
5459
7261
5700
6047
6460
9731
10016
5466
10426
5471
6622
5469
8622
9250
5472
6323
5701
8316
8492
5784
5700
5987
5484
8154
9402
5595
6676
7179
9254
5483
5915
8104
7311
5488
8096
7992
8230
10481
7755
9601
5490
5891
9239
9311
5594
8484
9626
10051
5555
7689
7910
9593
5498
9971
5502
7139
9536
8883
5525
7361
5507
8083
5508
7641
5510
6758
8277
10301
5512
8876
5947
6558
6375
8862
8156
5517
9413
10139
7223
9058
5932
7853
8085
5523
6391
5522
9561
8003
9132
8094
5528
9631
5533
9954
5561
7993
8900
5535
10238
7141
10393
5730
7827
10479
5979
6269
8944
5543
6751
9775
6105
10480
8562
5545
6862
10054
5547
9536
5560
6252
9991
6513
8039
9960
10083
10095
5554
5557
5559
6505
7184
5559
7492
8283
9071
5708
5567
5600
10102
5565
5887
5975
9469
7707
9523
8809
9562
9946
9948
5573
9842
5572
7998
8644
10291
9831
5577
7382
5577
8545
7127
5641
7973
8805
5584
5775
8231
5582
7955
10389
9518
9520
5624
6761
9048
9169
5589
5821
7695
9354
10239
5591
10159
5799
10058
9966
6908
8496
5598
6900
10116
8813
5605
5603
6758
8403
10255
8367
9454
9571
10048
8831
9360
10469
5670
6779
7663
6161
10230
5619
5620
8336
6206
9086
10152
8354
9737
10152
7408
9146
6348
6575
9875
9062
6382
6834
5772
7890
5626
7472
9091
7100
6009
7609
7715
6865
7999
8936
9664
5634
10413
5642
5901
8292
5691
9284
9596
10246
5636
5641
5640
9486
8375
9727
5645
10214
9857
10236
5647
7809
9989
5750
7152
5656
6426
5651
10479
5752
8402
9912
7812
8711
5660
8682
5656
7707
10483
9525
5755
8219
5663
9387
6481
5664
10355
9861
5666
6456
8995
7218
9027
8116
9161
9068
7832
8159
5676
6193
6246
6894
8013
8265
9099
6437
6845
8501
5683
10005
6314
8637
6767
7320
7255
9589
10309
7514
7546
10446
5716
7711
8534
8004
10219
6592
10400
9285
9937
5703
9928
7439
7439
8847
8937
10328
9247
6987
10253
8124
8729
9965
9778
6957
8412
10077
5712
6225
7957
5714
5716
9302
8780
9836
7253
9034
9745
7864
9832
8526
7419
10441
5722
5723
6805
8447
10445
5724
8750
10444
5726
10203
7802
5729
8341
10159
8695
9367
10114
7323
8929
9502
9558
9745
9883
6291
9995
5831
7908
9621
8064
5738
10155
9405
10200
8787
5740
7319
9280
6600
9719
8907
8351
9297
5747
5749
6831
5793
10477
7043
7231
7376
10349
6070
8213
10066
10404
5756
7235
9979
5755
8475
9269
8807
9914
6889
8612
10269
7893
8557
7533
9358
9751
7120
7474
7485
5762
7349
9831
8280
10018
9128
9633
5765
9054
6321
9657
6884
9391
5769
5822
8414
10354
5773
8194
5774
8043
5846
5777
9644
8224
9521
10221
5779
6894
8517
6193
7309
5781
7727
9925
9886
10390
5784
7871
5786
7565
7763
9430
9449
8177
5790
8375
8144
9229
5792
9104
9356
6543
10000
6833
5801
5796
6979
10406
6111
6904
5891
10156
10134
9556
10379
5808
7665
5805
6205
5835
8089
5809
10170
7114
7681
8449
9950
5912
8381
8450
5813
5816
5816
6521
5818
6630
8692
9632
9818
5821
9322
9911
10013
6199
9486
7586
8096
9601
7718
10024
8788
9639
7383
8302
5829
6356
9002
5830
8488
9665
10448
7364
9429
5836
7142
5835
8193
9031
7962
9858
8451
9477
10345
6940
5841
8476
5849
7802
5846
7938
5847
8199
9223
5848
6002
8893
5851
6695
5851
9335
6783
8591
8110
5860
9285
9470
5859
5858
5923
6612
9749
8476
9596
5862
8647
8598
5864
5998
9903
9197
9801
5867
5868
6538
8717
5870
9816
9727
9964
5873
5875
7821
9672
10166
5876
5880
8297
8582
5878
6861
8571
6282
9258
8610
9444
9070
9227
8258
9879
5884
7594
5886
6196
6663
8488
8962
9002
5890
9757
10062
10317
10287
8927
6933
10306
5911
8385
8875
5896
6183
9760
8818
9322
9497
5899
10471
9069
9431
5906
9964
5904
5905
8929
5904
5905
8739
8341
7687
5908
6110
6462
6761
6161
6160
6503
6755
10410
5914
6117
5914
6125
9173
9950
5916
7911
5918
5984
6058
10361
5921
6116
7070
5921
7064
10379
6459
7568
8327
6021
6303
5927
5928
7372
9024
8911
9066
8875
8909
5931
6450
7844
5931
6213
7843
10234
9976
5937
6152
5937
6153
10183
5936
8542
8759
5945
9141
9807
10165
5945
6815
5942
6189
7145
7522
5944
6179
7895
6960
8941
6729
5947
6043
8067
6105
8349
10482
10484
5954
8541
9553
7281
5959
6076
7827
5957
6414
8040
5958
8989
8069
8268
7001
7479
5961
5967
6024
5963
6148
8246
7399
7923
5965
7037
5966
6194
8332
6023
6682
5969
7015
7424
5970
6169
7423
5972
8003
8073
8222
5974
8514
10450
5976
5977
10103
5979
8837
7672
5981
6245
7196
5982
9177
8198
8576
5984
6057
8435
7650
5988
6633
7182
8169
5988
9876
6047
5990
7756
9603
6511
7577
5993
5994
10047
6934
10184
10264
5996
7986
9279
6091
9668
6008
8621
6000
6091
6000
9588
9668
6004
6560
6003
8119
8136
8775
6005
6882
8080
6007
10489
10488
6339
10381
6157
6257
8843
6012
8021
6013
8473
7809
9468
6015
7467
8695
10059
9053
9826
7021
7445
6020
6576
6649
6020
8046
8317
9879
9036
10463
6024
7995
6566
7355
7428
7723
6027
6904
6112
6029
6750
9364
6030
7387
6392
7480
8265
10431
6034
7164
8180
6637
6036
9948
7947
6039
7299
7672
8944
6042
8361
9230
6042
7183
9895
8873
6329
10473
6046
7257
6047
10072
6049
9455
10029
6050
9828
6927
6705
8911
9158
6054
10046
10462
6056
6058
8072
6060
6061
9652
6886
6062
10377
8683
6066
7256
6065
7105
6066
6537
8025
6069
10351
6069
7848
10475
6072
10180
6072
7584
8832
10384
6074
6829
8566
7198
6076
6991
7886
9558
6078
6661
7056
10260
6082
6081
6536
7200
9905
9042
6090
10292
6086
7491
8082
6086
6399
7604
7768
6089
8166
8746
6089
6688
10326
9801
8258
9851
6104
6096
6258
8540
6096
9250
7458
6099
8464
6099
7971
8197
10174
8466
9776
8215
8534
6103
7906
6107
6109
10383
6110
7447
8552
6112
6114
8784
10310
7254
8734
6116
8126
9360
6859
6125
9789
6119
8922
7965
8779
6121
9856
10121
6123
6124
9516
6896
7567
6565
9882
6128
7765
9211
6934
7206
6130
7327
6131
7513
6132
6240
8057
8172
6135
6781
6135
6138
8687
6137
8324
8451
10346
7626
6140
6141
8368
6557
8370
6142
6714
9297
6144
7406
6557
6151
9692
6150
7924
10300
6150
6589
7660
9908
10325
7308
6153
9762
9006
6159
6616
9589
6158
6346
7874
6505
8477
8801
7255
9744
6161
9853
9023
6181
6954
7366
6166
6984
8056
6166
8053
6168
6421
9147
6170
6516
8372
6173
8259
6172
6234
8145
6261
6262
9079
9484
6176
9148
6177
6783
9815
6177
10125
8592
6179
6331
6823
6959
6913
8002
7058
9447
6186
6754
7999
9209
6185
9425
9849
8789
10164
6867
7424
6188
6744
9718
6189
6236
6253
6191
8286
8589
7966
8805
6490
8376
7460
7817
6201
7443
6198
6201
7312
8558
6735
7069
6200
9357
6219
7107
10349
6215
6381
6636
6467
7759
8936
7707
6247
8163
6209
6552
7134
6209
7721
9448
9872
6406
8203
8997
6213
10120
10429
9409
9971
7741
6445
6519
8154
7429
8913
6412
7554
7603
6969
10319
6818
6221
8414
8244
10436
6289
7226
6224
7636
8045
9104
6441
8950
6226
6453
7582
6228
6229
6453
7510
7790
8383
6231
7564
8726
9766
6235
6237
9737
7267
9634
10475
7275
8042
6253
10153
6238
6308
6238
7693
9395
6241
6836
6838
6241
7527
6243
6346
6244
6977
6312
7354
8019
8655
6248
8785
6266
9122
6249
9767
10310
6251
6253
8164
8382
7103
6255
6278
7192
6256
6281
7928
9271
7841
6260
8842
10093
6263
8395
6884
8603
6426
6355
9730
9462
6267
8203
9273
9788
6439
7724
7313
8758
8460
6271
8395
9824
6273
6274
7073
7032
6418
6752
7089
7251
9112
6304
6511
8127
7365
8084
6820
8392
8593
6281
7150
7189
6677
7929
8345
6284
6893
6285
10273
9708
6287
9341
6291
6289
7107
8320
6290
7113
8321
9211
6293
8233
8249
6491
8294
6295
8077
8357
8471
6297
6298
7456
8031
8505
8000
6300
8402
8512
7228
7336
7561
7881
8330
9251
6494
7572
6306
6308
9395
6307
8443
6744
6312
6349
7569
6424
9525
6313
6672
7673
6313
10216
6315
8399
6316
9231
6317
7861
7346
6320
6321
9032
6521
8469
6324
8688
6657
6323
7074
9190
9658
8549
6327
6812
7658
10240
10259
6330
7344
9294
6330
8065
6333
8765
6333
7857
8839
7895
6335
7614
7615
6336
7759
8895
9171
6339
9997
6340
6341
8522
8252
8568
8758
6343
7094
8560
7050
9038
6805
7422
7830
8017
8989
10477
6349
6371
7851
9985
6825
7967
8494
8608
6352
6599
10248
6984
9253
6534
7459
6489
8282
8472
6357
9824
6358
6358
8792
6360
7405
7969
6361
7006
7518
9196
6366
7558
9641
6366
7222
7378
8131
9218
6369
6957
6370
8411
8915
7684
9218
6373
7670
7645
6897
7477
8681
6425
9661
6377
8462
8727
6440
6380
8200
6381
6776
9368
6381
7337
6385
8661
6384
6387
6666
6387
8662
10449
7883
6390
7950
10439
6390
7190
7193
6392
7398
9081
6394
6863
8344
7415
6397
7310
6543
9030
6398
8903
6775
7514
9374
6401
6590
7735
6491
8293
6404
7462
8009
8146
8446
8914
8091
10069
7725
9416
6408
7758
10030
6769
6410
10133
9108
10095
6412
7447
7552
7411
7429
6415
10132
7154
6535
8347
9252
6430
6673
6653
7932
6420
7847
7869
6421
6516
6869
7985
7402
9998
6426
7275
6504
6431
8971
6429
6846
6462
7673
9072
8968
9011
6441
9373
6434
6621
10191
6435
8435
6986
7649
6437
9995
6439
8463
9033
6440
6797
7793
8163
8383
6444
8494
8547
8441
6678
7529
7774
8907
8946
6667
7313
7735
6449
8740
9115
7251
6451
9688
7829
9682
7298
8069
9518
8483
6455
7694
9557
6456
7368
6629
7176
8103
6617
6898
9478
8127
7942
6462
6871
9169
6464
6466
10140
6466
7320
6768
6870
7999
8082
9638
6526
8453
8743
6471
8555
6472
8291
7799
8058
6474
6475
6826
9515
9822
6476
7516
8333
9646
7767
9166
8535
6480
8279
9838
8445
9420
6483
8211
6484
7495
6485
7041
6802
8764
6487
7051
9151
6488
8408
6976
7358
8179
9112
7144
7242
6667
6494
6694
6494
7309
8517
6496
7165
7451
6497
7710
8700
6499
7624
6500
7259
6646
7847
6502
9785
9193
9934
10068
6506
6513
6509
7875
8271
6759
10122
6512
7723
8821
6512
7954
9163
6524
7631
9059
6517
8259
6518
6518
8477
9352
7611
6795
6522
6524
9954
10393
7825
8182
6722
8455
6528
9440
9636
7838
10109
6530
7518
6531
8949
9446
9532
6554
7589
9463
7224
7876
10285
6535
8596
6603
6537
7940
10218
6539
6540
9975
7076
7157
7646
9416
9331
6546
9791
6552
6817
8620
7766
9443
9444
6549
7488
10319
9813
9814
6551
7106
6876
9027
6554
6614
8343
7709
9371
6559
6653
9129
6742
7933
6693
6881
7386
10092
6564
6594
9642
6565
7476
9517
9958
6588
6730
9208
9889
6569
9518
9944
6572
8187
6572
7736
7149
7852
8085
8934
6575
6856
8335
7465
9239
10156
6578
10276
6579
9833
6581
9263
10239
6582
9354
7819
10166
6584
9134
9690
6586
6922
8533
6669
7111
6588
6731
7557
7549
6590
6891
8559
6593
9958
6595
6595
8865
9491
8174
8421
6876
8827
9029
6601
10165
7525
6601
10207
7998
8869
7825
8059
8607
7530
8712
9556
6682
8001
8273
7151
9972
6612
7583
7605
6613
8248
6677
7170
6616
9382
9624
7019
6618
6721
8808
7325
7956
7959
6621
7801
9422
9192
6625
6625
6931
9033
8461
6627
7182
6628
10000
6804
6632
9278
6632
6633
8745
9261
9876
6635
7357
7214
6777
7411
6638
9984
8812
6640
6641
7236
8414
6643
9628
10479
6645
6961
9117
6648
7869
9213
7623
6650
8892
9512
10060
6652
6653
9904
6897
8677
9750
6656
6844
9996
6657
9054
8523
6659
7528
8959
6660
8029
6661
7426
9585
6665
6950
7459
6664
8673
9523
6666
7882
6835
8757
7440
6671
6692
6673
6673
7570
10282
6780
9033
9273
7505
8384
7929
7484
9402
6681
9675
6681
6801
7159
6906
6744
9544
7659
7768
7795
6686
7841
9481
6898
9607
6688
9144
10186
8969
8042
8145
8444
6691
9961
7247
7571
6712
6882
8686
8902
6784
6699
10263
6698
10167
6699
10308
6701
6703
10042
6702
7936
7444
6840
8143
6705
8909
9373
6706
6864
9265
9695
7685
8189
6852
9620
8966
6712
7117
7473
6713
6715
7661
6715
7118
8930
8923
10061
6720
9608
6721
8561
6721
6898
6723
7405
6724
7969
8134
6726
8307
7091
7525
7877
9874
6742
7065
9125
6731
7997
6731
6732
9141
6734
6738
6736
6737
8740
8422
7218
9575
6740
7143
9983
6741
7586
7747
8095
7169
6752
7031
7201
6746
7180
6747
8497
6905
6908
6749
6750
9324
7511
7952
7225
6753
8519
8677
7727
6919
8342
7372
9862
6758
8850
6760
8699
8701
9944
6762
7898
7974
6765
9792
9955
6766
9726
6766
6768
7758
6770
6770
7888
10140
6772
6969
7870
6773
9064
8625
8804
6775
7396
9767
6777
7395
6778
6781
9934
6931
7228
6783
8420
10241
8135
6787
6787
7247
6789
9187
10321
8654
6791
8754
8254
8872
7220
7988
10247
6795
7764
6796
7390
7975
7724
7986
9801
6800
8367
8739
6802
6803
8839
6967
7622
8753
6807
8915
6808
7399
7923
6874
8615
8904
6813
9926
6813
7834
9887
6815
10413
9114
7433
7454
8263
7548
7557
9719
6820
7175
10351
6821
8903
6823
9114
10226
6825
6995
7569
7873
6827
9225
7517
10248
6829
6832
6944
8737
6833
10036
6833
6835
8548
7459
6837
7513
7171
8035
8034
6841
8275
8779
6841
9296
8139
7165
9710
9923
7402
6848
8580
10052
6848
8070
9798
7448
8009
6851
6852
9140
10323
6854
6918
10329
6855
9761
6956
10077
8054
6863
7252
10366
6859
7070
10469
6861
6862
9259
6866
6867
7016
6870
8342
8778
8830
9149
6873
7643
7183
9087
9230
7156
8471
10403
6878
10190
7910
6880
8926
7782
9144
7473
6885
6885
7768
8081
6887
7661
6888
9123
10173
10253
6890
10358
8323
10035
7737
8246
6893
7094
9066
6896
6896
7616
8014
8981
6901
6902
6902
8219
9427
7736
8334
10062
8825
7181
8521
8888
6936
6910
6912
9527
8118
6912
10098
7380
6914
7963
6916
10240
7202
7660
6918
8255
8573
7417
8068
6921
8014
7414
9868
10415
6924
10222
6925
9207
9708
6927
8171
8977
6929
7715
6930
7015
7610
6933
6935
10459
10184
6935
9582
6938
8140
9861
6939
7439
7430
8845
6941
9026
6943
6943
7983
10375
10382
6948
7598
6946
8078
10119
6949
7746
6954
8084
6949
8738
9403
7014
8596
6952
9552
9884
6953
9660
9390
9781
7132
7731
9621
6958
8290
6958
7134
10226
10284
6963
8510
6963
10293
7757
9488
9538
6966
7925
7789
6968
9110
6969
6972
7045
8218
7263
7438
7716
6975
7168
9886
7574
6981
6978
9063
6980
10314
8408
9120
6983
6984
8055
7525
9873
7530
7881
8377
7135
9422
6988
7930
6990
7036
9236
8716
7001
8854
6993
7188
6995
7571
6996
9039
9040
6996
6998
7214
6999
7968
7648
8439
9916
9572
7003
10099
7007
7361
7006
7316
8949
7822
7303
7834
7012
7201
8681
7477
7756
9517
7756
9598
7096
9626
7966
8287
7016
7018
9589
10211
7019
9020
7022
8022
7022
8388
7024
10077
10329
7025
7676
8256
7027
8170
10205
8707
7029
7068
7288
7657
10177
7031
8963
10460
7032
7035
9238
9659
7036
7053
9256
9900
7280
7039
7461
7833
8158
10477
9610
10074
7042
7043
8304
8766
10246
7231
7120
7045
9927
7048
7647
10172
7048
8573
8183
7050
8504
8530
7593
7653
7951
8952
9236
7110
8860
9381
10259
7058
7762
7058
7769
9010
7060
9686
7061
7317
7062
7454
7433
8217
10455
7070
8983
7068
7360
7067
9216
7069
7169
7081
7771
7073
10395
7075
9355
7932
9049
7077
10023
7155
9452
7079
8552
9500
9434
8147
9981
9466
9840
7446
7085
9454
7086
9553
10029
7086
7749
8536
7238
8667
8961
7093
8472
7092
9965
7092
10300
7308
7102
8685
7372
7446
7402
7099
9290
7099
7370
7498
7101
8167
8037
8728
9511
9513
7109
9989
9595
7257
7108
8492
8397
7809
8473
10039
8227
7113
7229
7239
8704
7115
10171
7116
8511
7580
10075
7118
7119
9297
7277
9183
10036
7122
10245
7124
7623
7867
7125
7166
7177
7528
9676
7129
8023
7722
8619
10224
7612
8036
8151
10453
8940
9537
7137
7720
7217
8278
9059
9816
7141
9954
9683
7145
8898
7148
9238
7149
7521
8185
7170
8954
10222
7377
7154
8513
8092
7156
8615
7158
7158
7684
7161
7163
7162
9573
10345
7162
9480
7382
7248
9185
8092
8112
8407
7295
7441
8352
10347
7990
7589
7173
8400
7174
9554
7174
8303
7475
7176
7776
10352
7179
8389
7179
7181
7183
7839
9107
7492
7455
7606
8262
9760
8040
8162
7247
7192
8718
7191
7857
10286
10439
9962
7195
8576
8577
7196
7224
10392
7198
9323
9497
9435
7200
8362
9130
10218
9243
9132
9908
7204
8109
7206
7206
8749
7208
10461
10394
7918
8532
8873
8075
10161
9582
10459
7215
7919
7215
8273
8584
8888
8584
7220
7318
9164
7223
7224
7223
8577
7387
7229
7236
7228
7272
7232
7642
9386
7235
9362
9854
7235
8857
7271
7238
7894
7240
7241
7279
8396
8689
9397
7243
8945
9436
10031
7245
7498
10424
9290
8026
8027
9025
7250
8032
9059
7631
8650
9511
7554
7254
7255
10367
7257
9898
7259
7531
8762
9741
7262
7692
9353
7296
8630
9395
9797
9039
9787
7265
7731
9827
7267
7268
8992
8429
7383
8202
8260
9063
9630
8144
8233
8295
7272
7279
7274
8473
7276
8176
7278
7473
9178
8011
7739
8234
7283
7606
7283
7400
7738
8260
7285
8933
8166
9521
7492
7658
7831
7862
9376
7291
7413
7293
7295
7738
9082
10027
7296
7389
7401
8946
7299
7448
8231
8268
9569
8390
8477
9352
7303
7304
8362
7360
8025
10218
7306
7307
7316
8949
9532
7455
7608
7310
8902
7775
8015
7376
7558
7314
7739
8708
8496
7317
7319
7987
7320
9455
9830
10048
9042
7324
8204
8680
8720
7337
8200
8652
7328
7645
8400
7330
7434
9955
7331
9792
7333
8540
7842
8604
7336
7336
7526
7530
8913
7894
8849
9667
7341
8791
7576
10441
7391
10148
7346
8102
9294
7345
7346
7861
7348
7482
8100
10441
7350
7351
8281
10262
9051
9411
7353
9326
8162
10216
8123
8744
8335
8965
7359
8195
7359
9917
10268
7831
7362
10105
7366
7769
7371
7369
9847
10217
10342
8967
9012
7677
7375
8217
9686
7378
7379
7588
7379
8577
7381
7463
9528
9675
10364
7390
7764
7388
8722
7388
8506
8907
8131
7523
9000
7394
7431
9613
7395
7618
7398
8770
8924
9257
7401
9063
7406
7500
7405
8453
8549
10148
7821
7410
7781
10147
8285
8360
10052
7414
7416
10436
8242
7423
7424
7420
7671
7420
8099
7422
7886
8752
9559
8841
8244
8721
9951
7493
7428
8744
8960
9241
7708
8516
10449
7433
7434
8216
8261
7436
8434
8767
7437
9938
7438
7717
10118
7441
10434
9083
7444
7592
8964
8772
10165
9496
7449
7462
7453
7453
7899
8092
7455
7457
7458
9251
7461
10030
9924
7463
7464
7887
8091
8055
9873
9649
7468
9390
9781
8646
7472
9329
9734
7472
9035
7475
7544
8304
7477
8980
7479
9312
7490
7482
7576
9338
8527
7668
9179
7485
8736
7487
7869
9352
7489
9079
9484
8700
9949
7514
8029
10192
8556
8213
8606
7497
8344
10366
7498
9012
7500
9255
9287
7505
8733
9254
7503
8961
7860
7646
9614
8224
8878
7510
8978
8908
8400
7516
7517
7720
9605
9253
7519
7640
7522
9103
10151
7540
7736
9718
7935
9329
8005
8725
9596
7563
8330
8172
7847
8830
7534
8427
8428
7534
7761
7705
8146
8603
7537
10324
10332
9961
10335
8777
7961
7541
8334
9238
7980
10415
7981
9554
7547
9003
7549
9013
7555
7551
8325
9753
8504
9038
7553
9845
7554
8582
7926
7995
7557
7997
9307
7564
8810
7702
8150
8572
7563
9273
7563
7734
8203
8974
7568
9076
9535
7572
8517
7570
7571
7577
7574
9869
7576
8791
9516
10277
10363
7580
9307
10171
9641
7585
7592
8966
7583
9680
8481
8126
7603
7587
9118
8038
8576
9098
7591
8111
10094
8077
8417
7596
7596
7598
9493
10430
7601
7858
7859
7602
8430
9509
7605
7795
7608
7608
9532
7610
9698
7612
7800
7760
9970
10275
9172
9856
7619
9709
7630
7622
10223
10352
7622
8302
9110
7624
10304
7626
8687
9720
7628
10102
7629
9929
10187
7883
10449
7632
8651
9793
10409
9862
10410
7636
9448
7721
7638
9865
7944
8134
7852
8748
7645
7643
7644
8951
9168
8142
9228
7648
8464
8183
7650
7652
8018
9869
7816
8879
7656
10065
8715
7658
7660
7661
8930
7854
7664
10061
7665
9028
7667
7668
8878
7671
7671
7800
7677
8642
8712
9827
7678
9645
7678
7683
9952
7682
8508
9459
9047
9838
7687
9430
9597
7763
7689
7912
9863
7693
9074
10197
9909
10342
7696
8962
9785
7698
9003
7699
8978
8908
8864
7702
8161
7704
8756
10091
10476
7708
8914
7708
8638
9123
7710
8853
7712
8520
7713
7901
7718
9085
9385
7717
8472
8685
10007
9088
8053
8950
10150
9603
7725
7945
7728
7729
9885
8519
10197
8165
10348
7734
8296
8330
8997
7737
7739
8541
7745
9399
9716
7742
9953
9755
7744
10447
9260
10364
9935
7755
7750
8449
7751
10027
7751
10363
7753
9143
7754
9371
9403
7758
9317
9461
9077
7766
7878
7774
8693
7770
7773
9702
7773
8380
7776
8103
8391
7778
9225
10248
7779
10258
8659
9790
9288
7783
7889
7785
9705
7785
8271
8178
7799
8555
9102
10195
10199
8756
9181
8945
7792
7793
8570
8386
8343
8853
9328
8369
8746
10038
9344
7803
7805
7805
9940
7807
9919
10251
10355
9758
7811
8201
8609
10414
7813
8982
8540
7815
8802
9300
8616
7818
8664
9489
9538
7820
9264
7821
9145
8100
7921
7922
7825
8290
9761
7839
9014
7830
9379
9682
7830
8447
7834
7833
7836
8305
9404
9759
9895
7842
9607
7844
10161
7846
10084
9634
7850
8180
7851
9984
9060
7853
7854
9237
8253
10313
10312
10472
9952
8698
7863
8637
8373
9577
7866
9281
7866
9829
9833
9931
8314
9575
7874
7877
10392
9564
7880
10011
8872
7884
7966
7884
8590
7886
8051
9528
9309
10139
9212
10186
7891
9937
9284
9644
7893
9286
10316
10356
10286
7897
9187
8847
7899
8201
8991
7903
8534
7903
8018
7905
8804
8624
7907
8723
7908
10288
7909
7913
9355
7913
9738
7924
8276
10301
7916
9691
9800
9008
10457
8361
8458
8441
9120
7927
8531
8873
8610
7924
10451
7927
9014
9895
7929
9258
7931
10252
10123
7933
7989
7936
8964
7937
9666
7937
10042
8194
7940
9695
7943
9711
10016
7943
8791
10081
8232
7947
7947
9842
8459
10033
7991
7951
8439
10437
9363
7954
8836
9398
8267
10416
9680
9305
7960
8507
7965
10417
7962
8817
7964
8525
8280
9896
9315
7968
8232
7973
8635
9746
7972
9505
8645
10174
8286
7975
8132
8061
8493
8607
7979
9509
9512
10472
8731
8786
7981
8533
7982
7984
8339
9583
7986
7988
7988
9280
7990
10183
7993
7993
8521
8232
9114
8001
8030
8003
8006
8006
8191
9437
8010
9137
9153
8010
8015
8014
8786
8391
10257
8040
8158
9564
10392
9480
8022
8156
9624
8138
9671
8696
8029
8490
8032
8278
8032
8035
8303
8035
8141
8095
8198
9299
9420
8044
10308
8554
9237
8049
8994
9142
8170
8051
8051
8090
8437
9253
8055
8056
10070
9445
8059
8060
8291
8061
9345
8063
8063
9345
8419
8068
8841
8067
9004
8067
8501
8072
8130
8415
8073
9574
8077
8083
8076
8078
8080
9643
8081
8082
9161
8360
8088
8087
9662
8089
8546
8192
8091
8840
8957
10460
8097
8097
8151
8309
8100
9196
8102
8474
8104
8106
8107
8994
10466
8112
8502
8110
8111
8114
8116
8747
8932
9119
8118
9371
8600
9228
8686
9398
8122
8128
8821
8125
8167
9472
9901
8127
8322
8442
10021
10361
8132
9219
9891
10158
8135
8600
8138
9595
8143
10416
10250
10355
8142
8361
8146
8149
8150
9794
8569
10409
8154
8153
9508
10311
8287
8597
8159
8160
8162
8164
10153
8166
8933
9092
8169
8170
8173
8173
9445
8175
8179
9419
8178
10456
8672
8182
8573
9761
8183
8185
9850
8187
8187
9849
10199
8189
8725
8190
8191
9438
8193
8419
8196
8197
9359
10372
9604
8406
8894
8202
9003
8206
8495
8208
8209
9717
8210
10337
9617
10299
8816
8212
10297
8213
10180
8223
8561
8217
9786
10412
8221
8221
9428
10474
8224
9442
8226
9561
8227
9868
8229
8230
9200
10487
8956
8456
8246
9257
8236
9015
8237
9541
8239
8240
8241
9670
9714
10115
8243
8244
8680
8248
10294
8248
8252
8757
8252
8456
8567
10343
8254
9019
8430
8256
10329
8258
9508
8624
8262
8263
8263
8266
9098
9099
8266
9463
8680
8269
8955
8990
8340
9212
8278
8275
9474
9764
8277
9095
8282
8281
9419
9844
8285
8286
9214
8289
8438
8291
8293
8294
8295
8375
8308
8298
9011
10365
8301
8301
9735
10108
9622
8429
8304
8307
8851
8310
9407
9846
9216
8604
9608
9940
8398
8313
8799
8710
8938
8320
8448
10156
10353
8319
9543
9646
9389
10151
8321
8322
8702
8614
8889
9870
10405
9577
10315
9424
8328
9370
9548
10144
8332
8664
9543
9605
9757
8337
8337
9985
10411
8339
9087
10382
8358
10452
8366
8345
10424
9330
8948
10242
8348
8491
9485
8351
9846
10398
9183
8353
8354
9086
10198
8896
9333
8359
9555
8470
9170
9271
9125
8365
8365
8857
8367
8369
8930
8371
8371
9319
8374
9376
9798
10315
8382
8945
8378
8379
8872
9022
8381
10425
8383
8389
9223
8386
8569
8387
8875
9373
8390
8407
8392
8396
8394
10089
8395
8484
8690
8773
9424
8440
8402
9841
10002
8404
8407
8500
8417
8410
10245
9661
8412
8415
9380
9574
8416
9165
8419
8493
8546
9941
9791
8423
8430
8754
8426
9826
9827
8426
9053
8711
9152
10143
9751
9917
10223
9071
9227
9991
8434
9311
10287
8434
9627
8437
8438
8994
8840
8637
9576
8932
8448
8735
9797
8445
8446
9837
8652
9089
8452
8450
10425
8453
8455
8743
8960
8458
9384
8885
9683
10098
8463
8463
8998
9847
10217
10067
9276
9981
8471
9047
8475
9268
9293
9476
10231
8480
9956
10112
8621
8482
8483
8908
8491
8492
9357
8487
9045
9611
9597
8542
8490
10274
9124
8494
8497
9583
8497
8499
8887
10333
8502
9200
9433
8507
8719
8511
8868
8510
10344
9841
10426
9943
10132
9274
9276
9663
8662
8781
8806
9074
8531
8523
9996
8524
9032
8527
9338
8528
8530
9202
8532
8885
8537
8745
8541
10027
9078
10447
8539
9044
9672
9776
10344
8545
9777
9391
8547
8934
8549
8551
8552
9496
8559
8952
8559
8557
9111
9287
9306
9862
8694
9701
8564
9175
9980
10213
8566
8975
9323
8568
8884
8584
8572
8572
9330
8575
9552
9660
9802
8579
8649
9883
8581
9295
9995
8583
9070
9844
8586
10291
8643
9417
8590
8592
10175
8690
8901
9557
10026
10115
8597
9252
8599
8647
10358
9418
9084
9616
8605
9341
10100
9123
9023
8633
10246
8608
8714
8612
8613
10378
8614
8679
9733
8617
9580
9467
8619
10147
10150
9013
9448
10371
10322
8625
9067
8630
8990
8628
9318
9462
8732
10488
10489
8953
8905
10208
8633
9277
8638
10209
8640
9440
9864
9763
9581
9866
10467
8644
10208
8648
9506
8648
10269
9789
9482
9482
8653
9837
9150
8656
8657
9199
10237
8659
8659
9198
10258
8661
9933
8662
8664
10008
8667
8672
8673
10005
9113
8675
9825
10337
9400
9717
8820
9510
8681
8679
8723
10128
9269
9794
10471
8685
9514
9938
8689
9206
8690
8692
9780
9817
9876
8694
9439
8808
8696
9671
8698
9231
9460
10374
9949
10298
8701
8704
8836
9321
10210
9397
10011
8708
8716
8710
9221
9689
8712
8714
9738
8715
10063
10205
9308
9974
8720
8722
8721
10090
8724
10288
10275
9138
8729
8730
9475
8734
8784
8743
8744
8737
10036
8738
9401
9732
8742
9615
9702
10278
9519
8748
8931
9582
8751
8753
8835
8753
9215
8756
9951
8758
9046
8770
9465
9839
8762
8829
9771
9806
8764
8765
8839
8766
10413
8768
10118
9733
10143
8935
8773
10227
8778
8778
10417
9783
8782
8783
9623
8785
8786
8789
9769
8790
8797
8793
9729
8795
8795
10109
10400
9957
10164
9800
9925
10390
8804
9189
8801
9426
8803
9988
10225
9214
9854
9166
9084
9625
9586
10275
8812
10411
9986
8814
8815
8816
10339
10203
8819
8898
9911
9581
8836
8823
9471
9901
8825
8825
9808
10406
8827
9306
10169
8829
9148
10124
8830
8833
9277
8833
9360
9139
8838
9730
10488
9561
9998
8846
8847
9187
9194
9723
8852
8852
9533
9540
9679
9495
8859
9546
10217
8860
9887
9888
10068
9759
9664
9490
9956
9025
9458
10291
8871
9097
9483
9942
9807
10407
8877
9122
9122
9914
9117
8883
9578
9579
8885
8888
8887
10023
9351
9910
9234
9366
9691
9877
10472
8894
9200
8936
8899
10031
9570
9210
8902
8903
9217
8911
10343
9612
9741
9805
8914
8917
9689
8938
8919
8920
9850
10163
10243
9324
9623
9080
9839
9131
8970
8929
9077
8932
8934
8938
8940
9872
8941
9970
10025
9456
10097
8947
8953
9439
9872
10421
8955
8956
9442
8960
8963
8959
9319
9681
9674
9243
8966
8968
9116
8972
8973
9144
9116
9384
8973
10453
8975
9754
8999
10003
9654
10029
10154
8981
9905
8983
9556
8986
8987
8986
9441
9295
9343
8990
8992
10073
8993
9021
9634
8996
9848
9138
9915
9106
9734
10167
9005
9587
9907
10325
9008
10458
9366
9015
9388
10260
9012
9014
10146
9590
10111
10331
10242
9022
10311
9021
10019
10232
9028
9029
10169
9031
9188
9091
9037
10266
9167
9697
9224
9927
10412
9693
9047
9048
9170
9045
9388
9050
9219
9050
10395
9413
9976
9375
9665
9056
10039
9061
9060
9065
9067
10319
10257
10273
9079
9069
10009
9071
9073
9715
10433
9076
9283
9533
9370
9081
9647
9364
9083
10363
10277
9089
9656
9688
9093
9092
9093
9095
9131
9097
9942
10470
9101
10024
10025
9104
9339
9263
9106
9108
10096
10000
10383
9110
9255
9113
9115
10007
9118
9464
9120
9165
9289
9129
9127
9753
9130
9904
10135
9135
9150
10057
9141
9143
10464
9568
9146
9389
9515
9149
9484
9149
10321
9152
9917
9155
9156
9160
9159
9266
9779
10273
9165
9163
9164
9169
9170
9172
9174
9560
9298
9881
10237
10318
9385
9183
10399
10133
9587
9188
9192
9192
9546
9926
9314
9226
9201
10282
9198
9199
9537
9207
9204
10213
10214
9980
10188
10037
9214
9216
9262
9278
9219
9545
9224
9710
10359
9228
9787
9823
9227
9230
9234
9694
10182
9235
9963
10181
9235
10295
9237
10060
9889
9243
9598
9252
9487
9246
9247
9334
9248
10059
9565
9251
9257
9259
9270
9262
9262
10447
9264
9389
9266
9932
9269
9271
10054
10450
9299
9562
9620
9632
9280
10138
9613
9285
9287
9289
9595
9292
10207
9555
9294
10040
9809
9301
9302
9988
9304
9609
9685
10076
9308
10267
9307
9415
9600
9311
9855
9938
9572
9314
9441
9853
9324
9987
9318
9320
9320
9322
9323
9328
9330
9339
9333
9941
10414
9351
10059
9338
10157
9344
9710
10043
9342
9343
9345
10093
9349
10129
9350
9933
9367
10050
9674
9485
9359
10268
9362
9495
9364
9747
10346
10026
9369
9370
9969
9957
9378
10160
9379
9502
9559
9381
10240
9383
9742
9743
9809
9385
9539
10015
10004
9871
10296
10338
9550
9826
10348
9398
9402
9403
9424
9408
9939
9431
10266
10463
9412
9635
9414
9415
9415
9599
9418
9420
9422
9921
9639
10199
9792
9428
9993
10350
9591
10233
10373
9481
9436
9438
10117
9442
10336
10034
9796
9446
9461
9450
9451
9452
10023
9453
9733
9455
9457
9592
9459
9460
10228
9462
9602
9466
10256
10041
9470
9472
9808
9475
9764
9968
9479
9480
9481
9482
10307
9487
9487
9490
9491
10008
9491
9493
9953
10429
10187
9845
10031
10340
10393
10267
10383
9503
9762
9628
10283
9731
10032
9507
10372
9507
9820
9591
9511
9851
9513
9514
9855
9646
9517
9520
9521
9524
10376
9525
9614
10176
9528
9530
9531
9902
9534
9535
10030
9540
9541
9544
9718
10151
9544
9549
9547
9548
9681
10316
9654
9714
9559
10162
9563
9947
9567
10465
9570
9950
9577
9753
9580
9580
10465
10260
9856
9821
9593
10113
9603
9600
9609
9602
10247
10353
9608
9610
9924
10006
9739
10055
9679
10435
9617
9622
9736
9947
10323
10289
9629
9803
10262
10283
9763
10400
9643
10195
9642
10195
10219
10200
9649
9747
9649
9703
9840
9651
9653
10445
9658
9659
9817
9662
10244
9670
9671
10114
9673
9674
10166
9676
9962
9973
10265
10160
10283
10394
10047
9694
9694
9698
10266
9698
9821
10214
10235
9701
10193
9703
10456
9707
10085
10306
9712
9713
10081
9834
10302
9723
9722
10292
9726
10045
9728
9752
9730
10109
10113
10341
9736
10196
9812
9740
9741
9743
9744
9881
9745
9749
10022
10123
10268
9758
9757
10234
10212
9769
9771
9772
9806
10124
9774
10303
9774
10175
10193
9916
10003
9781
9919
10251
10415
9893
10010
10432
9787
9794
9796
10034
10050
9935
9804
9818
9804
9806
9870
9815
10241
9818
9821
9823
10454
9871
9830
9830
10049
9976
9833
10016
9836
10444
9838
9840
9844
9845
9848
9850
9853
10230
10336
10060
9858
10238
9860
10370
9865
9892
10470
9874
9875
10285
9879
9882
9883
9886
10347
10259
9892
9894
9897
10018
9899
10293
9928
9903
9905
9907
9908
9910
10026
10239
9918
9914
9979
9916
10002
9922
9923
10242
10457
9928
9931
10049
10162
10404
10061
10078
9937
9940
9942
9944
10122
9993
9947
10431
9958
10082
10134
9965
9967
10129
9969
10145
9972
9977
9975
10267
10222
10006
9999
9983
10066
9986
9986
9990
9991
9993
9994
10474
9997
9998
10007
10004
10113
10350
10298
10013
10112
10020
10272
10033
10043
10038
10326
10042
10206
10360
10046
10046
10049
10056
10054
10055
10057
10320
10128
10064
10065
10290
10069
10072
10076
10080
10084
10084
10087
10087
10420
10093
10091
10092
10476
10096
10341
10098
10101
10229
10105
10106
10137
10108
10115
10185
10118
10120
10430
10123
10254
10125
10175
10127
10131
10134
10136
10202
10138
10141
10140
10142
10146
10149
10150
10153
10387
10158
10161
10164
10168
10170
10171
10174
10183
10325
10179
10314
10180
10182
10375
10326
10189
10192
10328
10274
10455
10197
10198
10347
10207
10209
10212
10309
10220
10221
10475
10225
10265
10228
10230
10375
10235
10236
10238
10245
10249
10251
10253
10254
10265
10271
10272
10278
10435
10282
10286
10438
10289
10302
10301
10421
10306
10327
10459
10314
10310
10313
10313
10318
10321
10323
10468
10330
10333
10335
10338
10339
10344
10346
10352
10360
10360
10366
10369
10381
10373
10423
10380
10380
10422
10387
10389
10395
10397
10401
10399
10403
10407
10406
10411
10410
10442
10417
10420
10436
10428
10428
10430
10432
10434
10435
10438
10440
10439
10444
10445
10453
10452
10456
10462
10471
10465
10466
10467
10469
10474
10481
10482
10487
10485
10486
10485
10486
