74
827
1351
3500
3676
4560
2
1685
3655
3656
5246
3
1229
1685
3655
3696
3701
4
1228
1229
2918
2919
3701
5
197
214
1228
2919
6
197
198
214
215
2868
7
119
198
2867
2868
8
118
119
527
2867
9
118
527
2713
3230
10
625
2713
3230
3921
4440
11
625
4440
4660
5054
12
4660
4720
5029
5030
5054
13
4720
5030
5167
5180
14
4854
5085
5167
5180
15
4548
4567
4854
5085
16
4548
4550
4567
5095
17
4550
4772
4936
5095
18
4710
4771
4772
4936
19
4709
4710
4771
4872
4906
20
4031
4709
4872
4873
21
4029
4031
4873
4935
22
4029
4519
4935
5004
5005
23
4519
4624
4739
5005
24
879
4624
4739
25
879
887
3900
4739
26
887
1431
3900
5176
27
1431
4080
4505
4506
5176
28
4080
4145
4505
29
3561
3785
4145
4505
4807
30
2399
3561
4192
4807
31
2399
2400
2705
2706
4192
32
1516
2400
2706
3403
33
1516
1517
2466
2706
34
196
1517
2402
2466
35
195
196
2401
2402
36
195
2401
3847
3923
37
222
3686
3847
3923
38
221
222
2594
3318
3686
39
2395
2594
2595
3318
40
386
2395
2595
3622
41
230
386
388
3622
42
230
231
388
2937
43
231
475
569
2604
2937
44
475
477
2604
2605
45
477
478
2605
2750
3534
46
2750
3534
3535
3542
47
3442
3443
3535
3542
3782
48
755
3314
3443
3782
3783
49
755
1439
3314
4894
50
1433
1439
2034
4894
51
1433
1434
2033
2034
2035
52
1434
1556
2035
4254
53
1556
1557
4254
4781
54
1557
1584
4523
4781
5045
55
1583
1584
4523
56
1583
4523
4524
4644
4666
57
4235
4644
4665
4666
58
4235
4665
4867
4888
59
4867
4878
4888
5115
60
1679
4533
4878
5115
5118
61
3842
4533
4976
5118
62
3842
4893
4976
5053
63
4211
4893
5035
5053
64
1581
2367
4211
4855
5035
65
785
1576
1581
2367
66
596
785
1576
2018
67
594
596
2018
4027
68
594
1043
2463
3973
4027
69
144
1043
1045
3973
4900
70
143
144
1045
2887
71
143
2864
2887
2950
72
248
2631
2864
2950
73
92
246
248
2631
74
92
93
246
2910
93
164
1351
2910
4560
76
77
78
398
580
581
852
1215
77
78
286
292
286
581
1035
1036
292
398
664
665
80
81
1028
1903
1904
1905
2251
81
2251
2252
2369
1028
1031
2369
83
84
412
579
809
84
91
578
579
1268
91
412
472
473
474
1559
86
87
244
906
907
908
87
244
449
918
908
918
919
2958
89
90
901
1626
1654
1707
90
901
1365
1624
2733
2736
1626
1627
2733
473
602
1268
93
1402
1403
2631
1351
1402
2674
95
96
97
486
1146
1235
96
97
564
1507
2759
2761
564
751
1032
1146
104
105
1235
1507
99
100
101
949
1652
100
101
667
669
939
1962
669
949
1564
1717
939
1358
1359
1652
103
104
438
504
852
1275
104
105
504
505
105
436
438
1235
505
1507
107
108
109
2253
2663
108
109
1896
2255
3028
1379
1380
2663
3028
2253
2254
2255
2256
111
112
113
2818
2821
112
113
655
1902
4217
4375
4727
2821
3687
3846
3925
4217
1902
2818
2820
3469
115
116
4447
4500
5206
116
117
3741
3745
3769
3882
5206
117
1425
2175
4447
891
893
2175
3769
119
217
2713
198
217
4293
121
122
353
3795
3844
122
123
1428
3794
3795
123
353
3121
3122
3409
3410
401
1427
1428
3410
125
126
730
985
1412
3583
126
127
531
532
1609
3583
127
598
977
985
977
1608
1609
129
130
2155
2303
2501
2642
130
131
637
2155
131
1849
1850
1851
2002
2303
637
1850
3562
133
134
970
971
2332
2440
2441
134
193
194
400
971
400
700
2332
136
137
138
156
157
735
907
137
138
805
808
990
303
735
808
1468
906
907
990
993
994
140
141
142
160
161
4540
141
142
1332
3586
3587
4361
2703
4361
4540
4541
160
1115
1332
144
816
818
2950
4045
4045
4900
146
147
556
1246
1350
1417
147
159
605
966
1246
1445
159
731
733
1350
149
150
151
457
3316
150
151
623
2439
2836
3456
457
1947
2836
3364
1555
2439
3315
3316
153
154
2111
2112
2113
2804
2858
154
155
2858
4489
4552
155
2112
2608
3279
851
3279
4552
157
158
244
448
907
158
735
736
2038
281
448
680
2038
597
599
731
1445
161
162
1115
3632
162
935
4540
4978
771
924
935
2773
3632
164
165
1152
2910
4882
5178
165
2910
4560
827
1152
1153
4560
167
168
4240
4375
4727
168
169
996
999
2533
2618
4240
169
656
2581
4375
2578
2579
2581
2618
171
172
173
557
560
1862
172
173
2040
2666
3444
557
2171
2172
2666
1862
1864
2040
175
176
177
761
2746
176
177
1186
1341
2745
3758
294
295
471
761
1341
2745
2746
2847
3844
179
180
1081
1660
1663
3342
180
181
425
426
1659
1660
181
1503
1613
3342
426
1281
1462
1613
183
184
185
2122
2859
4495
4566
184
185
3326
3327
3358
1726
2122
3358
3596
2859
3149
3213
3327
187
188
667
668
960
3674
188
189
667
741
1962
189
219
952
960
219
220
652
741
191
192
199
1022
1582
192
199
1019
1020
2711
402
1019
1022
1026
1027
194
971
3409
3411
3506
400
401
3409
3410
196
2922
2923
3847
2466
2923
2964
198
227
228
2919
4323
227
4293
234
240
1582
2020
2711
201
202
1869
2062
3076
202
1869
2233
2501
1908
1913
2062
2232
2233
204
205
209
515
518
950
205
209
218
2710
515
2710
2711
2714
207
208
607
608
2816
3285
208
2813
2816
2842
3040
3305
3040
3283
3285
218
219
950
952
211
212
3654
3656
4325
4326
212
213
1041
3878
4168
4325
213
3654
3689
4473
1041
4473
4474
4558
215
216
1228
2779
216
339
2868
338
339
340
2779
2433
2713
3855
4293
219
220
653
1020
2710
220
952
652
653
222
3022
3023
3024
3318
3024
3126
3923
224
225
229
561
3386
3475
225
229
359
360
670
561
562
670
671
227
228
1410
1411
2432
4293
228
4293
1411
1692
4323
360
1099
3094
3475
231
232
1322
3622
232
569
569
570
571
1322
234
235
240
604
1141
2714
235
240
966
1970
2020
604
605
966
237
238
239
277
279
238
239
2076
2077
2079
3185
277
3185
3404
3690
3693
279
2079
2144
2681
2711
2714
242
243
869
870
871
3150
243
245
871
3598
245
3036
3150
3151
3404
448
449
907
3404
3597
3598
3690
3693
247
248
2910
4311
248
4311
4455
4881
5177
2950
4455
250
251
1871
1873
3118
3962
251
252
1470
1471
3118
252
1871
4119
4398
5164
1470
3047
3448
4119
254
255
256
922
1824
1826
2161
255
256
540
613
613
615
920
922
3220
540
541
542
1823
1824
258
259
260
1607
3521
259
260
606
1333
1334
3678
1333
3057
3058
3521
1607
2283
2284
3678
262
263
264
1585
3526
263
264
1324
1325
3700
563
900
1324
1585
2037
2598
2983
3526
3700
266
267
272
847
913
2709
3445
267
272
630
722
3431
630
631
2709
269
270
3581
4947
4996
270
271
3524
3525
3581
271
3968
3969
4996
1620
3525
3601
3968
722
723
912
913
274
275
362
3270
3502
275
276
3061
3062
3063
3270
276
362
363
4171
3063
4059
4170
4171
278
279
280
3693
279
280
2941
2942
3603
2681
2942
3084
3573
3574
3575
3603
3693
282
283
284
448
671
680
283
284
1413
1414
448
449
1413
1530
1784
670
671
1414
1416
286
287
1036
1388
1638
2174
287
292
1036
292
2174
2344
289
290
291
483
729
2185
3143
290
291
2021
2374
2639
394
397
729
2374
2639
3142
3143
3144
665
1306
2344
294
295
523
524
601
602
603
295
524
761
471
473
602
297
298
530
784
1223
2640
298
299
530
532
1076
1237
299
783
784
783
1237
1285
1539
301
302
303
1468
1586
1587
3380
302
303
787
788
788
2596
3335
3380
787
808
1468
305
306
549
591
1623
1740
3414
306
307
591
1593
307
425
1151
1659
3414
1055
1150
1151
1593
309
310
716
717
718
937
938
310
311
367
369
937
944
311
718
1114
369
1114
1172
1220
313
314
634
1713
1714
3013
314
315
1498
3013
3098
315
1714
3620
2087
3098
3100
3620
317
318
319
1148
1938
318
319
3432
3677
3835
1938
1948
2894
2896
3432
1148
1149
1155
3677
321
322
323
1047
1841
1843
322
323
2356
2358
1046
1047
2123
2358
3092
1356
1843
2182
2183
2356
2688
325
326
1426
3876
4711
326
4711
4713
5028
5126
1426
4173
4946
5125
5126
328
329
330
1683
2945
2946
2947
329
330
2249
2250
1429
1683
2249
3843
2250
2333
2947
3304
332
333
334
1195
3528
333
334
1639
1642
2223
1195
1197
1639
1749
2080
2223
2832
3054
3405
3528
336
337
533
534
751
3273
337
341
564
751
341
910
2880
3273
3547
339
340
1298
1348
1349
1297
1298
2868
1348
2779
4703
5114
564
2759
3546
3547
343
344
2119
2988
2989
3651
3751
344
345
1645
2988
345
2118
2119
3149
1645
1857
3149
3213
347
348
1979
2460
2462
2536
2540
3836
348
349
1977
1978
1979
1980
349
2539
2540
1977
2539
3290
351
352
353
2745
3758
352
353
863
3121
863
867
868
3619
3758
2745
3121
3844
355
356
357
859
876
3366
356
357
931
1831
3240
876
931
933
2089
859
1830
1831
2668
359
360
361
716
718
1095
3922
360
361
670
1416
1095
1099
1414
1415
1416
3922
363
677
3427
3502
5146
4171
4378
5146
5147
365
366
1198
1199
3037
3038
3039
366
1198
4450
4679
3039
4679
5012
368
369
370
944
2619
2901
369
370
538
1094
3257
1094
1172
469
2449
2901
3257
372
373
912
995
2371
2372
373
377
1451
2372
2951
377
995
1554
3315
375
376
2221
2969
2970
4701
376
673
2220
2221
2220
4094
4095
4701
1317
1450
1451
1554
379
380
1852
1853
3903
4084
380
381
1852
3354
381
1266
1267
1269
3519
4084
3354
3355
3356
3519
383
384
385
434
1318
2109
2110
384
385
462
1287
1287
1288
2110
2872
2873
462
2109
2913
387
388
503
2395
388
389
399
503
389
2937
399
1972
2770
2937
391
392
1529
1546
1547
3458
392
393
1413
1529
393
1171
1220
1415
1547
1413
1414
1415
395
396
397
729
396
397
991
992
1311
2057
729
991
1105
1106
1068
2057
2374
437
664
666
1215
502
503
1971
1972
401
700
2249
2250
1427
1429
2249
3410
403
404
1022
1026
404
1026
1143
1144
1320
726
727
1022
1143
406
407
408
2407
2408
3268
407
408
766
1265
3245
3245
3267
3268
3269
764
766
1239
2408
410
411
928
930
1968
3576
411
531
1608
1609
1968
531
1118
1120
3576
809
1519
1559
1560
414
415
770
2096
2292
2805
415
582
2291
2292
4091
582
647
768
770
417
418
2318
2325
3901
5055
418
424
3630
3788
3901
423
424
2471
5055
420
421
1031
2943
2974
421
422
497
2943
422
468
470
2451
2974
470
497
1221
1222
3699
424
1730
2471
2473
2555
1730
2724
3788
426
1151
1659
1151
1281
1282
1397
428
429
430
1290
3044
3688
429
430
435
1915
2712
3117
1290
1914
1915
435
3688
4117
4156
432
433
434
620
622
1086
3166
433
434
1336
3141
1335
1336
1337
3166
1086
1088
1318
2110
3141
2712
2735
4117
437
438
439
443
486
1235
438
439
666
1215
1708
852
1215
443
763
765
1708
441
442
1716
2174
2344
442
889
890
948
2344
948
949
1716
1717
486
487
763
1394
445
446
1569
1654
1707
3000
446
447
1742
3000
447
901
1548
1654
3626
1327
1387
1548
1742
449
918
1784
451
452
453
1890
4169
452
453
1798
1801
3071
1801
3340
3976
4169
643
1890
1892
3071
3116
455
456
724
1155
2658
2659
456
457
724
2203
3316
457
2658
3364
3823
3316
3364
459
460
461
639
642
460
461
2609
2934
642
2609
2612
4121
639
2934
2935
3838
463
464
1287
2913
464
465
2912
2913
3422
3425
465
1287
3043
3041
3043
3425
4358
467
468
470
1222
1223
2640
468
469
536
537
2640
469
470
2450
2451
536
2449
2450
3257
1222
472
473
1341
473
474
1188
1189
1341
602
1189
1559
1618
476
477
2770
2937
477
478
2181
2770
2771
478
2749
2750
2771
480
481
482
905
3247
3325
481
3212
3325
3776
482
1444
3212
3396
661
905
1240
1245
1443
1444
484
485
489
729
2185
485
611
624
729
1106
1644
488
489
1643
1644
487
1146
1235
1145
1146
1147
1394
489
1643
1699
1700
2980
2981
2185
2981
3361
491
492
577
578
636
826
3186
492
493
636
1713
1715
493
578
1538
1107
1538
1715
3719
495
496
497
928
1120
3576
3699
496
497
1073
1382
2944
928
929
965
1073
2943
2944
3699
499
500
501
1605
1606
2698
2880
500
501
790
791
1381
3276
2880
3273
3276
1381
2696
2697
2698
503
506
1364
1971
4014
506
2395
3023
505
1275
1276
1395
1396
1396
1507
1591
3022
3023
3684
4014
508
509
510
3516
3790
509
510
633
3246
3247
3325
517
3246
3516
3555
633
2902
3790
512
513
565
566
567
2414
513
514
565
1168
1305
514
1238
1239
2408
2414
664
666
1238
1305
1708
516
517
518
2714
517
519
777
1141
2714
518
519
3516
3555
950
3555
3691
699
715
777
3516
3790
521
522
1037
4093
4349
4883
522
525
756
1037
1038
525
4185
4631
4883
524
603
989
1200
761
1200
3518
756
757
3850
4185
4945
527
528
704
1296
1297
2867
528
529
2867
3230
529
704
705
706
706
3230
3921
531
532
1118
1119
1223
532
1118
1609
1076
3583
534
535
751
1032
1145
535
3273
3276
3767
1145
1262
1263
1264
3767
537
538
3257
538
539
783
784
2640
539
1094
3257
783
1094
1170
1541
541
613
1216
1218
5141
542
5140
5141
1080
1823
5140
544
545
989
1200
1211
2636
4441
545
3219
3495
3579
4441
1200
3579
3580
547
548
1187
1189
1618
548
549
1187
3480
4092
549
1618
1623
591
592
1623
3480
551
552
3875
3877
4687
4761
4847
552
3877
4325
4326
4374
4374
4638
4687
554
555
1346
1463
3330
3369
3537
555
556
2760
3537
3841
556
1345
1346
1350
1350
1417
2760
558
559
560
2171
2178
559
2066
2067
2178
2455
560
2403
2406
2455
2457
1862
2403
562
563
1323
1324
3385
3386
563
671
680
900
900
1324
751
2759
566
568
1167
1168
1169
567
568
2465
2736
2409
2414
2464
2465
1169
1624
2736
3223
570
2603
2604
571
2603
3162
3543
1321
1322
3183
3543
573
574
575
798
1681
3843
574
575
576
3219
3578
798
799
3219
576
1427
1428
3843
1428
2849
3578
3794
578
579
809
811
826
579
1268
1538
809
581
852
1275
1276
1283
1035
1283
647
4091
4768
4949
4950
584
585
1869
3075
3076
3077
585
586
3077
3163
3807
586
1869
1870
2641
2301
2302
2641
3096
3807
588
589
590
3385
3386
3475
589
590
2719
3095
3239
3412
3094
3095
3475
2553
2719
3385
3854
592
1126
1593
1126
1128
3480
594
595
2463
4811
4812
595
596
2463
596
786
4811
4836
785
786
598
599
600
1445
599
600
977
985
731
734
977
1592
985
1445
1970
2019
3628
602
603
1109
1224
1268
1268
989
1109
1110
1211
605
697
715
777
1141
697
966
1246
607
608
629
1334
3272
3346
3678
608
629
2816
3474
1334
3285
3286
610
611
1105
1106
2359
3009
611
624
1446
1447
3008
3009
624
1106
613
614
615
2826
3928
614
615
1216
1216
1217
2826
2827
3220
3928
617
618
619
4017
4315
4316
618
619
4788
4789
4977
5089
3210
3211
4017
4788
874
884
4316
4977
621
622
1234
3166
622
623
1231
1234
3455
3456
623
1086
1087
1087
2439
3456
1446
1644
3514
626
627
628
2713
5054
627
628
4300
5057
5076
5029
5054
5057
2390
2713
3855
4300
3271
3272
3474
631
632
3431
3493
632
638
2709
3460
638
1791
2328
3493
634
635
2902
3325
635
636
1713
2902
3013
636
3325
3776
1713
3186
3776
800
802
1731
2155
3562
1791
1792
1793
3460
640
641
642
2545
3838
641
642
1848
3889
4279
1848
2347
2545
4121
4279
4281
644
645
2637
3071
3116
645
646
2502
2503
2637
646
1993
2075
3071
1916
1917
2075
2502
768
771
4949
649
650
3972
4677
4783
5026
5059
650
651
2865
2866
3972
651
3774
4677
5078
2865
3774
3775
4082
653
654
741
1326
654
1019
1020
1021
1021
1326
1327
1480
656
657
4217
4375
657
658
659
2581
4375
658
2963
2965
4217
659
1835
2963
3048
1832
1835
2579
2581
661
662
1245
2259
2260
662
663
1085
1240
1245
663
1391
1625
2260
1085
1391
1501
665
666
1305
1305
1306
1708
668
669
1962
669
1562
3674
1562
1564
671
1416
680
673
674
675
1599
4126
4357
4776
674
675
2220
2221
1959
2221
3816
4126
2220
3705
3895
4357
677
678
679
1037
4093
678
679
3427
3428
5146
1037
1038
5146
5147
3428
4093
4140
5200
900
2038
682
683
688
692
4673
5034
683
1072
4068
4467
5034
688
1072
2013
4204
685
686
687
3714
3715
4545
686
687
758
4259
4259
4543
4545
4546
758
759
3714
4553
4948
692
2013
2015
2224
690
691
1531
1533
2442
3806
691
742
743
1773
3806
743
2417
2419
2442
916
2224
3347
3826
4673
694
695
1507
1591
2761
2885
695
696
1396
1590
1591
696
1057
2885
3764
1055
1056
1057
1590
698
699
715
1246
699
1246
1417
1500
3012
715
3012
3790
2250
2332
2333
702
703
707
4112
4113
4202
703
707
3812
4139
4868
4049
4050
4139
4202
4697
705
1296
4655
4985
706
4798
4799
4985
3921
4465
4798
2435
2436
4112
4124
4868
709
710
986
1453
1610
2243
710
711
822
1452
1453
711
2243
3187
1452
1505
1506
3187
713
714
866
1214
1435
3600
714
918
919
1779
1784
3600
866
1529
1779
3458
777
717
718
1095
1675
938
1675
2227
1114
3922
720
721
2298
2485
2493
3161
3942
721
725
1973
3941
3942
5148
725
849
850
2493
723
724
3431
724
912
995
2203
2203
2659
3431
850
2104
2105
5148
727
728
1022
1582
2019
728
730
1143
1404
1412
1473
730
2019
3628
1106
985
1412
3628
732
733
734
733
734
1161
1345
1360
1345
1350
1161
1592
736
1468
1586
1586
2037
2038
738
739
740
1646
1647
1648
2538
739
740
2906
2908
4747
1648
2906
4119
5164
2538
4683
4747
1326
1962
1963
743
1670
1773
1774
1670
1846
2417
4322
745
746
747
772
2725
3031
746
747
2010
3017
3387
772
773
3017
3018
2010
2017
2724
2725
749
750
4709
4710
5018
750
762
2497
3760
5018
762
767
1393
4710
1032
753
754
755
3441
3443
3870
4028
754
755
2033
2034
4022
4894
3861
4022
4028
3443
4894
757
1038
4397
3309
4397
4945
5159
759
760
4129
4130
4259
760
4263
4948
2411
4089
4129
4263
2746
3518
767
1514
1515
3760
764
765
766
1394
765
766
1238
1239
1238
1708
945
1265
1394
1393
1515
2476
2509
769
770
771
935
4978
770
4646
4647
4978
2805
4646
924
935
4949
773
3031
3258
3259
2254
3018
3019
3259
3815
775
776
2933
4725
5123
776
829
1154
3277
5123
3277
4335
4725
4822
5203
1141
779
780
782
2044
2443
3064
780
781
782
2813
2842
781
2044
2669
2669
2813
2814
3070
1793
2443
2444
2842
784
1539
1541
2640
786
1673
2367
1672
1673
4836
788
807
808
3267
3267
3269
3335
790
791
1264
3531
3767
3924
791
3276
3767
1380
1381
3924
793
794
1898
1899
3781
4990
4991
794
795
1898
3083
4921
795
4990
4999
1837
1840
4921
4958
4999
797
798
799
2959
2960
2961
3249
798
1682
2769
3055
3249
799
1681
1682
2959
3219
801
802
803
804
1595
2155
802
803
880
1023
1024
1024
1731
804
880
2529
2531
1595
2531
2888
806
807
808
990
1454
807
1454
1637
3589
808
3267
3589
3772
810
811
1560
811
1083
1528
1560
1565
826
1528
3396
813
814
815
2036
3005
814
815
2546
2802
2834
2036
2330
2331
2440
2834
1331
2802
3005
3218
817
818
819
2950
4455
818
819
4450
4830
5142
5175
4045
4450
4455
5169
5175
5177
821
822
988
1453
3180
3181
3182
822
2297
2582
3182
1452
1453
2296
2297
824
825
1173
1174
3789
4142
825
3078
3317
3789
2904
3078
3079
4142
3186
3212
3396
828
829
1153
3676
4560
829
3147
3148
3159
3499
3676
1153
1154
3159
3277
831
832
2392
4176
5226
832
833
3461
4158
4159
5226
833
2392
2393
2793
2793
2794
3341
3461
835
836
847
848
1407
2083
836
1407
1408
2371
2372
847
912
913
2371
838
839
846
3029
3531
839
846
1096
1097
3193
3195
961
1263
1264
3193
3531
841
842
843
1945
1946
2838
4196
842
843
844
845
3557
4887
1946
3556
3557
844
4196
4803
845
2525
3105
4033
4803
3105
3109
4887
1097
3029
3413
848
913
3445
2081
2082
2083
3445
3577
850
851
2493
4613
851
2105
3168
3279
3279
4552
4613
1215
1275
854
855
3659
3873
3974
4525
855
3873
4140
4572
4903
2747
3659
3660
4572
857
858
859
1751
1752
2668
858
859
1668
3365
4032
5237
1750
1751
3303
5237
2668
3365
3366
861
862
1384
1385
3673
4802
4856
862
1385
3605
3607
5037
3671
3672
3673
5037
868
2824
3120
3121
3447
865
866
1540
1546
3458
866
1284
1285
1435
1472
1540
1435
3458
868
2307
3618
3619
2307
3447
3756
870
871
1163
1815
1816
1163
1312
3150
1816
3598
3645
873
874
875
884
885
886
874
875
1622
3968
3969
884
1622
4977
886
3969
4729
4730
2089
3366
3367
3592
3817
878
879
887
888
1092
4085
879
1090
1092
2179
4624
887
4624
881
882
1023
2529
882
883
2529
2530
3363
883
1023
1196
1197
1196
3363
3613
3614
4044
885
4316
886
2313
2314
4316
2314
4728
4729
888
1431
1430
1431
4085
890
948
1167
1169
3726
1167
1306
2344
892
893
899
1191
3769
3771
893
898
899
3050
3051
2175
3050
895
896
1440
1441
1442
896
897
1442
2742
3321
3323
897
1441
2261
2265
2261
2742
2743
899
1192
3051
3532
1190
1191
1192
2037
2038
1365
1654
3626
903
904
905
3246
3247
3554
3555
904
905
1245
2259
2259
2260
2285
3419
3554
1245
3247
907
908
994
1286
1286
1570
2958
910
911
1033
1604
1606
3595
911
1606
2880
3547
1033
1034
3547
913
995
2371
915
916
917
3826
3828
4250
4614
916
917
3265
3347
5040
3347
3826
4614
4962
4963
5040
5041
919
1784
1213
2958
3600
921
922
1744
1745
3220
922
923
1744
2349
5214
923
2161
2161
3492
4939
5214
2772
2773
4143
4949
926
927
1696
1697
1698
4364
4928
927
3503
3504
4364
4841
3503
4345
4928
929
930
3576
930
965
1815
1816
1162
1815
1968
932
933
934
3240
933
934
3155
3156
3947
2089
3155
2058
2059
3240
3947
5208
4978
937
938
940
1594
2280
2647
3334
938
940
944
1594
2227
1358
1962
1963
1969
944
2619
2646
2647
942
943
2194
2962
3241
3242
943
972
1308
1309
2962
1308
2194
2195
2196
2619
946
947
1147
1265
1394
947
961
1147
1262
1263
961
1265
3194
3244
949
1652
1653
3726
1652
1717
951
952
3691
3692
952
960
3418
3419
3674
3692
960
954
955
3791
3793
5100
5216
955
956
3636
3694
3793
4131
956
3952
5017
5216
4131
5017
5227
958
959
2059
2060
3891
3892
959
1831
2059
3240
1830
1831
3892
3977
3674
1263
3193
3194
963
964
2166
2167
2720
4118
964
2720
4268
4324
5117
4118
4605
4796
5117
1073
1816
3552
3645
1445
1970
968
969
972
2360
2361
3154
969
972
1074
1075
2962
1075
1093
2621
3154
971
2441
2582
3411
3411
992
1309
1310
2360
2962
974
975
1710
3397
4488
975
976
1710
3288
976
1012
1420
3397
1418
1420
1705
3288
1592
1608
979
980
1418
1706
1847
2991
980
2676
2893
2991
2992
1418
1419
2676
982
983
1064
1065
1066
3300
5196
983
984
1208
1210
5196
984
1065
3819
1208
2240
2241
3819
4189
3628
987
988
1453
1610
1611
988
1611
2456
2457
3384
1453
3181
3384
1200
1211
993
1454
992
1105
2359
2360
1310
1311
2360
994
1112
1454
1628
1111
1112
1113
1286
2203
3315
997
998
999
2618
3621
998
999
2535
3808
4618
3248
3621
4122
4123
4618
2533
2535
1001
1002
1003
2350
2351
4502
4751
1002
1003
1182
1183
3856
5129
1182
2350
3107
4490
4502
5129
1005
1006
1270
1271
2841
3165
1006
1009
1982
2841
1007
1008
1009
3165
1008
2670
3011
3165
3604
1009
1469
1981
2670
3047
1981
1982
1011
1012
1013
2520
4167
1012
1013
3398
4439
4738
1420
3397
3398
4167
2520
2521
4738
1015
1016
1018
1104
1367
3550
1016
1100
1104
1127
3399
1017
1018
3399
3402
1018
1368
2171
2172
3402
3507
1367
1368
1020
1021
1027
2710
2711
1027
1480
3345
1582
1024
1025
1197
1749
1025
1731
1731
1732
1749
2080
1027
1320
3345
3345
1029
1030
1031
1905
1030
1031
2974
3221
3664
1905
2306
3221
3222
3359
2369
2943
2974
1145
1146
1034
3146
3595
3681
1369
1378
3256
3547
3681
1036
1283
1462
1612
1612
1638
1038
4093
4239
4378
4397
5147
1040
1041
1042
4168
4172
4174
1041
1042
1766
4558
4866
4168
4558
1766
1767
4174
4276
1044
1045
2463
4812
1045
4290
4812
5065
2887
4290
1047
2123
2516
2517
3085
1841
3085
3086
1049
1050
2756
2757
4232
4417
5160
1050
3734
4416
4417
2757
3731
3734
5131
1052
1053
1054
2153
3731
4109
1053
1054
4598
4920
2153
4596
4597
4598
5070
3731
3734
3735
4920
1056
1150
1590
1593
1057
1100
1126
1593
1100
1104
3764
1059
1060
1124
1125
4190
4191
1060
2773
4191
4645
5138
1124
2772
2773
1062
1063
1400
1401
2362
2363
2454
1063
1401
1743
1744
2349
1743
1886
2454
1065
1066
2382
2383
2384
2382
3513
3819
2246
2248
2384
3300
1068
1069
1070
1071
1311
2057
1069
2057
2374
1070
1566
2021
2023
2374
1071
1566
1567
1769
1307
1311
1769
3446
4066
4067
4068
4204
1382
1383
3552
1075
2270
2962
3241
1093
2270
2272
1236
1237
3583
1078
1079
4184
4333
4596
4597
1079
1080
4596
5158
1080
3796
3798
4184
4853
1823
4853
5140
5158
1082
1083
1084
1663
3342
1083
1084
1085
1240
1443
1528
1528
1565
1663
1085
1501
1503
3342
1240
1501
1087
1088
1088
1555
2439
1317
1318
1555
1090
1091
2498
2499
4261
5083
1091
1092
2179
2499
1092
4436
5083
4085
4436
4437
2272
2621
2623
1170
1172
1099
1674
1675
1097
1098
2600
3195
1098
1895
1901
3413
1901
2600
2983
1674
3094
1104
1126
1127
1102
1103
1466
1467
4066
4067
1103
1466
3130
3344
2966
2968
3130
4067
3550
3764
1106
2359
1108
1109
1224
1538
3719
1109
1110
2985
2987
3663
3719
1110
1224
1211
2985
1112
1113
1569
1626
1707
1626
1627
1628
1286
1569
1570
1220
1415
3922
1116
1117
1332
3632
5138
1117
4589
4590
4645
5138
1332
3811
3874
4589
4908
1119
1120
1120
1221
1222
1223
1221
3576
3699
1122
1123
1328
2375
2505
2638
1123
1405
1891
2375
4774
1328
1405
1406
2467
1125
2772
4001
4223
4190
4221
4223
1127
1128
1593
1128
3252
3399
3250
3252
3480
1130
1131
1482
2101
4625
4626
1131
1132
4193
4195
4625
1132
1482
1483
2114
2116
2114
4195
4686
5066
1134
1135
3571
3661
4402
4680
1135
1136
1867
1868
4402
1136
1140
3661
4620
1140
1868
2924
2925
1138
1139
2081
2176
2177
1139
2176
2268
2481
2484
3522
4048
2177
4048
4563
4565
2924
4216
4620
2714
1143
1144
1165
1212
1474
1144
1473
1474
1165
1320
1146
1147
1262
1262
1394
1149
1937
1938
3493
1155
2659
3431
3493
1151
1397
1590
1397
1153
1154
4380
5163
5178
1154
4380
5123
2658
2659
3675
3677
1157
1158
1159
2886
4125
5144
1158
1159
3910
4341
1303
3909
3910
4125
2799
2801
2886
4341
1161
1162
1163
1312
1319
1360
1162
1360
1592
1608
1968
1163
1815
1968
1312
1815
1165
1166
1212
1213
2416
1166
1212
1320
2380
1568
1572
2380
2416
1168
1169
1306
1305
1306
3223
3726
1171
1172
1541
1172
1220
1541
1547
1220
1174
1175
1773
1774
4142
1175
3545
3789
5207
1773
3544
3545
3806
1177
1178
1545
1589
2364
4379
1178
1887
2956
4379
1588
1589
1887
1889
1180
1181
1184
2532
2535
3808
1181
1184
1185
1922
1923
1185
1718
1719
3808
1183
3106
3107
3108
3108
3856
4427
5082
1923
2532
3679
4479
1719
1922
3379
4348
1187
1188
1341
3619
3758
1188
1189
3618
3619
4092
1189
1341
1618
1191
1192
1193
2969
2970
1957
2970
3771
1193
1295
3532
1294
1295
2969
1195
1196
2830
3528
3610
3612
1196
1197
3528
1197
3610
3614
1749
1199
4045
4450
4900
3037
3973
4027
4900
3518
3580
1202
1203
1204
4897
4898
4927
4964
1203
1204
1205
1206
4926
1205
4677
4898
5078
4924
4925
4926
4927
1206
3353
4677
3351
3353
4926
5101
1208
1209
4145
4189
4807
1209
1210
4189
1210
1432
1455
4145
1455
5196
2636
2985
1213
1214
1435
1474
1214
2416
2958
3600
1435
3600
1217
1218
1218
1219
2827
3192
1219
1819
3376
5141
1818
1819
3190
3192
1415
1222
3699
1223
2640
1268
1538
1226
1227
1230
3754
3934
3935
1227
1230
4469
5066
3935
3966
3967
4469
1229
2779
1685
2779
3617
2115
3753
3754
5066
1232
1233
1234
3455
3457
1233
1234
3914
4438
4439
3457
3916
4438
3166
3914
1237
1284
1404
1412
3583
1284
1285
1239
1708
2408
1443
1242
1243
2722
2723
4608
1243
1244
4458
4459
4503
4608
1244
1475
1476
2723
1475
2354
4459
2259
1417
1248
1249
2095
3755
5222
1249
1250
1859
1860
5212
5222
1250
1549
1550
2095
1550
3904
5183
5212
1252
1253
1361
2518
3232
1253
2180
2518
2519
4003
5204
2180
2181
2936
3232
1255
1256
3131
3634
3849
3850
1256
1257
3850
5233
1257
3131
3635
4732
3311
4732
5064
5233
1259
1260
1339
3912
3998
1260
1261
1943
3912
4471
4472
1261
1339
4451
5199
2565
2566
4472
5199
1263
1264
3531
3767
3244
3245
1267
1954
1961
3068
4084
1269
1961
3403
3720
1538
3519
3627
3720
1271
1272
1273
1274
2841
1272
2415
2629
3165
1273
2415
3030
3527
1274
1449
3515
3527
1292
1448
1449
2841
1276
1281
1282
1283
1395
1278
1279
2751
4766
5031
1279
1280
1484
1485
2751
3748
1280
4765
4766
4767
3748
4767
5047
1282
1283
1462
1395
1397
1462
1285
1404
1472
1539
1540
1570
1288
1289
3043
1289
1290
1914
2872
1290
3043
3044
1914
3044
1292
1293
2211
2212
2213
2398
1293
1448
2398
2841
1447
1448
2213
3205
1295
1299
2969
4043
4702
1299
1304
3532
1297
1298
4331
4655
1298
2867
2868
1349
4331
1304
2998
4043
4470
1301
1302
3856
4377
5119
5129
1302
1303
4125
5119
1303
3918
3970
4377
4974
3909
3970
4125
3532
4079
4338
4470
4487
1306
2344
1308
1309
1310
1311
3446
1309
2196
3446
3713
1310
1311
2057
1319
1457
3150
1314
1315
1996
2102
2103
3216
1315
1316
1975
1976
2102
1316
3216
3217
3453
1976
2791
3453
1318
1450
1554
1555
1450
2109
1360
1457
1463
1464
1785
2380
3345
1322
2819
3183
3184
3623
3622
3623
1324
1325
3385
3854
1325
3157
3700
3854
1327
1387
1963
1387
1480
1742
1329
1330
2467
2505
1330
1331
2467
2803
2993
1331
2505
2510
3218
2802
2803
3218
3586
3874
1334
3057
3286
3287
3286
1336
1337
4879
4880
5036
5181
3141
4649
5181
3166
3914
3995
5036
1339
1340
2526
2528
3998
3999
1340
3998
4451
4452
2526
3297
3488
4452
1343
1344
1561
1564
1717
1344
1392
1561
1625
3065
1389
1392
1716
1717
1346
1350
1360
1464
1463
1464
1348
1349
4024
4025
4663
1349
4663
4674
5114
4025
4331
2674
2837
3500
1353
1354
1356
1916
2074
2182
2860
1354
1355
2635
2860
1355
1356
2688
2690
1992
2635
2690
3216
3217
2182
2688
1358
1359
1365
1366
2737
3626
1359
1969
2737
1366
1652
1653
1464
1362
1363
1364
2518
3232
3407
1363
1364
3683
3883
3406
3407
3883
1971
3232
3683
4014
1366
1624
3626
1624
1653
3223
1368
1369
3255
3550
1369
1378
2172
1378
3255
3256
1371
1372
1373
2622
3818
1372
1373
2291
2293
3666
4865
2293
3383
3768
3818
2622
2623
4865
5019
1375
1376
2570
2571
2782
2783
2857
1376
1377
2570
4307
4622
4623
1377
2783
3832
3204
3832
4307
2172
2666
3681
3695
1380
1381
2663
2697
1381
3028
3029
3924
2697
1383
1386
2368
2370
2944
1386
1658
2787
3552
1385
1692
1693
1694
4856
1694
1695
3605
2252
2368
2787
3053
3225
1548
1963
1389
1390
1638
2174
1390
1391
1392
1716
2174
1391
1501
1502
1638
1392
1501
1625
1625
2509
4710
4936
5006
1396
1397
1590
1590
1591
1590
1399
1400
4112
4113
4124
4385
5130
1400
1401
1535
4385
4571
5214
1401
2362
5130
2349
5214
1403
2674
2675
2727
2631
2727
2863
4381
1412
1472
1473
1406
4773
4774
4808
2315
2467
3093
4808
1408
1409
2083
2650
1409
1812
2372
2373
3423
1812
1813
2650
4303
4304
1411
2432
4942
4944
1691
1692
4944
3583
1414
1529
1530
1415
1416
3922
1500
2760
1419
1420
1705
1706
1420
1421
2676
3665
1421
4167
3648
3649
3665
4167
1423
1424
3049
3050
4160
4587
1424
1425
4035
4036
4160
4497
1425
2175
3050
2175
4447
4497
3876
4172
4173
1428
1429
3843
3794
2249
3843
1431
1432
1455
1456
4085
1432
4080
1455
4080
4145
1434
1439
3317
5229
2786
4254
4272
5229
1472
1474
1437
1438
1882
1883
3415
3946
1438
3415
3416
4370
4371
1882
2195
2196
3713
4371
3078
3314
3317
1441
1442
4163
4582
2265
3930
3932
4163
3323
4582
4583
4592
1444
1528
1528
3396
1970
1447
1448
1449
3514
1448
3008
3205
1449
3514
3515
1451
2109
2109
2911
2951
1506
2296
1628
1637
1456
5196
1522
1527
4085
5196
1463
3150
3151
3152
3530
1459
1460
2423
2812
2815
1460
1461
2812
3834
3837
4312
1461
1629
2423
3440
1629
1630
3343
3344
4312
1612
1613
1464
3369
3530
1466
1467
1632
2387
4103
4266
1467
1630
1632
3344
4066
4068
4266
1586
1470
1471
2670
2671
3047
1471
3047
2671
3118
3334
1473
1474
1474
1476
2354
3952
5017
2723
3025
5017
5021
1478
1479
3866
4345
4928
1479
2916
3820
3866
4600
1676
1677
1698
2916
4928
1741
1742
3345
1482
1483
2100
2116
2738
2744
4404
1483
2099
2100
2101
2116
1485
2747
2748
2751
4572
3748
3749
4572
4756
1487
1488
2152
2154
4562
1488
1489
2154
4599
5079
1489
4376
4562
5131
3821
3822
4376
4599
1491
1492
1493
3859
5071
5155
1492
1493
3449
3451
3824
3899
3859
3899
4386
4387
1951
3824
3825
5071
1495
1496
1497
1509
1939
4925
1496
1497
1900
3780
4399
5193
1509
1510
4399
4238
4925
4927
4964
5193
1499
1500
3013
3098
3841
1500
2902
3012
3013
2760
3012
3841
1502
1503
1503
1612
1638
1612
1613
3342
1505
1506
2470
2548
3210
3779
1506
3080
3187
3779
2296
2470
1591
2761
1509
1510
1511
2418
4359
4360
5091
1510
1511
1939
4359
4399
1939
1986
5091
1513
1514
4538
5008
5009
1514
1515
2474
2475
2476
4538
4539
1515
3760
5009
2476
1517
3403
3720
2402
3627
3720
1519
1520
1661
1662
1740
1520
1559
1560
1661
1559
1618
1623
1740
1522
1523
2245
2248
3863
3879
3880
1523
1527
3879
4085
4437
1527
2248
3300
1525
1526
2316
2319
2324
3110
1526
2319
3360
3830
2316
2317
2839
3830
3300
5196
3396
1530
1779
3458
1779
1784
1532
1533
2442
2564
2565
1533
1537
2026
2565
4471
4472
1537
3806
1535
1536
1912
3490
4571
4939
1536
4385
4571
4861
1912
4861
4862
4871
2025
2026
2027
3544
3806
1540
1541
1541
1546
1546
1547
1543
1544
1545
2365
4506
1544
1545
1589
3786
3810
3785
3786
4505
4506
1589
2364
2365
1547
3458
1963
1969
2737
3626
1550
1808
1809
1810
2095
1809
3904
3905
1552
1553
4052
4053
4726
1553
1671
4052
4820
5061
4726
4855
5035
5061
1555
3315
2439
3315
1557
1558
2035
4120
1558
1584
4580
4120
4513
4580
1618
1565
1661
1562
1563
1564
3065
1563
1564
3418
3674
2260
2285
3065
3418
1717
1661
1663
1567
2022
2023
2522
3650
1769
2173
3648
3650
1569
1570
1571
1572
2416
1570
1571
1707
3000
2416
2958
1572
1741
1742
3000
1741
1785
2380
1574
1575
1576
1581
4708
4749
1575
1576
2018
5003
4708
4813
4998
5003
1581
2018
1578
1579
1580
1847
3155
5195
1579
1580
4215
4216
4419
4621
2089
3155
3817
4215
4393
1847
4419
5202
4211
4749
2019
2020
1584
4041
4042
4666
4041
4580
1586
1587
2037
3526
1587
2037
3380
3526
1589
1889
2236
3066
3069
3810
4070
3810
1608
2227
2279
2280
2281
1870
2155
2641
2642
2888
1597
1598
3741
3743
5188
5221
1598
1599
4247
4779
5092
5221
1599
1960
5188
1960
4126
4776
4779
1601
1602
3263
3572
3762
3763
4593
1602
1603
1775
1778
3762
5107
1603
3571
3572
3571
4680
4681
5107
1605
1606
1607
2284
3595
1606
1607
2698
3282
2880
2284
3282
3521
1609
1968
1611
2243
2244
2404
2404
2406
2457
1613
1638
1615
1616
1915
2708
2954
3117
1616
1617
3117
4499
1617
2954
2957
2957
3262
3761
4410
4499
1623
1620
1621
1622
4977
5089
5102
5173
1621
1622
3601
3968
3601
5172
5173
5234
3968
4977
1740
2736
3223
2260
3065
1627
1707
1628
1637
2464
2465
2733
1637
1630
1631
3440
1631
1632
3344
1632
2387
2388
3440
2387
1634
1635
1636
4141
4298
4299
1635
1636
3337
3338
5106
3337
4110
4141
2137
2143
3174
4299
5106
2464
3589
1640
1641
1642
2080
1641
1642
1645
2654
2988
1732
2080
2654
1645
2223
3564
1644
1700
2649
3515
3514
3515
1857
2988
3564
1647
1648
1981
1982
1983
3448
1983
2212
2538
3448
4119
1650
1651
4382
4444
4785
4849
1651
2739
2741
4241
4785
4241
4382
4383
4607
1653
3223
3726
1707
1656
1657
1658
3551
3573
3574
1657
1658
2787
2833
3052
2831
2833
3574
3575
2787
3551
3552
1660
1662
3414
1661
1662
1663
1662
1663
1740
3414
1665
1666
1770
1771
1772
2905
1666
1670
1770
1846
3784
1670
1774
2905
4142
1668
1669
2810
2811
3584
3585
1669
2811
3365
4032
3365
3366
3367
3584
1774
1846
1672
1673
4820
4821
5061
1673
4821
4836
4895
2367
5061
1675
3094
3095
3164
2227
3164
1677
1678
2916
2917
3721
1678
1679
1698
4520
1679
3721
3842
4533
4520
4533
4878
1681
1682
1683
2945
3055
3056
1682
1683
3843
3055
2945
3843
1685
1686
3656
4326
4374
5246
1686
3617
5246
3617
4374
4638
1688
1689
1690
2865
4082
1689
1690
1789
4116
4986
4987
4988
1789
1790
4082
2865
2871
4115
4116
5060
1692
1693
4635
4636
4944
1693
1694
4323
4635
4856
1695
2918
4323
2918
3605
3696
3701
1697
1698
4520
4521
4073
4074
4364
4521
4520
4928
1700
1701
2980
3472
1701
2649
3643
3470
3472
3643
3716
1703
1704
2823
2824
3120
3506
1704
3180
3411
3506
2823
3180
3181
1706
3288
3293
5202
1847
5202
1710
1711
1712
2731
4557
4874
1711
1712
3288
4488
2731
4488
4880
4975
3288
3293
4874
4930
1714
1715
1715
3620
3663
3719
3719
1717
2174
1719
1720
1964
1966
3808
4618
1720
4348
4501
1964
3274
4346
4501
1722
1723
1724
2452
2453
2896
1723
2452
2471
2472
1724
1725
2164
2471
2473
1725
2846
2894
2895
2896
2163
2164
2846
1727
1728
2122
2304
3596
1728
1729
2304
4010
1729
2121
2122
2907
2906
2907
4010
4398
5164
2555
2724
2725
1732
1733
3562
1733
2080
2654
1850
2654
2990
3562
3563
1735
1736
2754
4239
4397
1736
1737
1738
4058
4170
4239
1737
2752
2754
3027
1738
1739
3027
1739
2782
2855
2857
4057
4058
1797
2782
3027
3414
1742
1785
3345
3000
1744
1745
1884
1885
1886
1745
2349
1884
3220
3928
1747
1748
3201
4846
4994
5163
1748
1783
4844
4846
5086
5087
1780
1783
3199
3201
2080
1751
3198
3202
3303
1752
1765
1768
3202
1768
2668
4106
4107
1754
1755
1756
1757
2275
4837
4838
1755
1756
4138
4992
5098
4712
4761
4837
4992
5024
1757
4138
5111
5171
2275
2277
5111
1759
1760
1761
1878
2765
3667
1760
1761
1762
4002
4083
2762
2765
4083
1762
2494
3667
4006
2494
2495
4002
4274
1764
1765
1827
1828
4248
4400
1765
1768
4400
4401
4966
5002
1768
3202
4248
1767
3173
4669
4670
4866
4276
4278
4669
5112
4106
5002
1879
1880
2173
3446
1772
2294
2295
3784
4255
1772
2073
2903
2904
2905
3652
3653
3652
4255
1774
3806
4142
1776
1777
1778
5107
1777
1778
4160
4587
5048
4270
4271
5048
5107
3762
4035
4160
1784
1781
1782
1783
3199
1782
1783
3848
4601
2138
2140
3199
4601
5010
3848
5086
2380
3345
1787
1788
1789
1790
3391
3393
1788
3393
4197
4570
4782
1790
4197
4875
5134
1790
3391
4986
4082
5134
1792
2328
2329
2775
1793
2444
2775
3305
2443
2444
3460
1795
1796
2626
3668
3670
1796
1797
2624
2625
2626
2627
1797
2783
3670
3832
2627
2782
2783
3027
1799
1800
1801
1993
3071
1800
1844
1845
1993
1995
1801
1802
1845
2381
1802
2792
3976
2381
2385
2792
1804
1805
1806
2146
4253
4617
1805
1806
1807
4526
4527
5022
2146
4579
5022
1807
4253
4860
5075
4526
5042
5043
5075
1809
1810
1811
2898
3733
1811
2899
3905
2095
2744
3006
3733
2897
2898
2899
1813
1814
3423
1814
3727
3729
4303
5097
3423
3424
3729
1816
3645
1818
1819
1820
2148
2149
3188
1819
3188
3190
1820
1821
3376
1821
2050
2052
2149
2052
3375
3376
1823
1824
1825
1826
3796
4797
4853
1824
4853
1826
1826
3491
3639
4797
4850
2161
3491
1828
1829
4227
4248
1829
3177
3179
4400
3177
3178
4227
4537
1831
2668
3977
4107
3240
1833
1834
1835
2579
2580
3512
1834
2240
3512
3513
3819
1835
2240
2241
2242
2242
3048
1837
1838
3907
4200
4999
5236
1838
1839
1840
4999
1839
2238
4198
4200
1840
2238
2239
4627
4627
4734
4958
1842
1843
3086
3278
1843
1844
1845
2207
3278
1844
2183
2184
1845
1995
2184
2207
2381
3784
4098
4321
4322
2991
5195
5202
2347
2348
3889
4423
1850
1851
2093
2094
2561
2561
3562
3563
2002
2003
2093
1853
1854
3354
4146
4178
1854
1855
3902
3903
1855
1856
4177
4178
1856
2844
3902
5135
2843
2844
4177
2927
3213
3564
3565
3697
1859
1860
1861
3934
4476
4642
1860
1861
3927
5212
3754
3934
5222
2544
3927
3929
4476
1863
1864
1865
2403
1864
1865
1866
2041
3570
2039
2040
2041
1866
2403
2405
2405
2514
3010
3570
1868
2477
2660
2661
3437
4402
2661
2925
2926
1870
2501
3076
2501
2641
2642
1872
1873
4010
4398
1873
2304
2305
2900
4010
2655
2900
3962
1875
1876
1877
2231
4418
4553
1876
1877
1878
2228
2854
2228
2229
2230
2231
1878
4553
4554
4555
2764
2765
2854
3667
4555
1880
1881
1882
3446
3713
1881
2173
2676
3665
1882
1883
2676
2893
1883
3713
2893
3946
1885
3928
4081
4150
1886
3128
3834
4081
4312
2454
3834
1888
1889
2955
2956
1889
2235
2955
3233
3234
2235
2236
1891
1892
1893
4169
1892
1893
2142
2375
4774
2375
2638
3116
2142
4137
4169
4430
1895
1896
1897
2255
2421
3014
1896
1897
1901
3413
2255
3028
3413
1901
2421
2984
3046
3362
1899
1900
3082
3083
1900
3780
3781
3082
3780
4096
5193
2983
2984
3469
3953
4240
4727
1904
1905
3326
3358
3359
3752
2251
2266
2927
3752
3359
1907
1908
2312
2645
3308
3421
1908
1913
2312
2812
2815
3520
1913
2232
3421
1910
1911
1912
3490
3639
4850
1911
1912
2982
4206
4871
5145
3639
3640
4206
3490
4871
2062
2063
3520
1915
2708
2872
4650
2708
3117
1917
1918
2074
2075
2860
1918
1919
1920
2502
1920
2860
3319
1920
2378
2502
2504
2511
2377
2378
2667
3319
1922
1923
1930
2879
3452
4088
1923
3379
3452
1930
1931
4479
1925
1926
4654
4777
4778
5092
1926
4024
4246
4247
4661
5092
4024
4025
4654
1928
1929
2567
3501
3959
3960
1929
2567
2569
4328
4329
3103
3960
3983
4329
1931
2877
2879
3541
3540
3541
4479
1933
1934
1935
2389
2432
4942
1934
1935
4165
4819
4951
2389
2390
4300
4818
4819
4165
4676
4942
1937
1938
1948
2328
2329
3227
1938
2328
3493
1948
1986
4924
4925
1941
1942
2130
4840
4841
4842
4843
1942
1943
2130
3954
3955
1943
3911
4840
3911
3912
3954
4471
1945
1946
1947
3556
4034
4199
1946
1947
2836
2838
3556
2836
3364
3823
4034
2894
3227
3228
1950
1951
1956
3106
3825
4388
4736
1951
1952
1956
2613
2617
1952
3275
3824
3825
2617
3274
3275
1954
1955
3560
3786
3810
4070
1955
1961
3066
3068
4070
1961
2399
2400
3560
2613
3662
4736
1958
1959
2970
3770
3771
3816
1959
1960
3770
5188
1960
3816
4126
4126
5188
2400
3403
1963
1969
1965
1966
4346
4347
1966
1967
4280
4347
4870
1967
4123
4618
4121
4122
4123
4280
4281
2737
2019
2020
1972
3232
2770
2936
3232
1974
1975
3864
3941
5148
1975
1976
3171
3172
3864
1976
2102
5148
2789
2791
3171
1978
2978
3290
1980
2978
3803
3804
1980
2335
2338
2536
2338
2339
3804
1982
3047
3448
1983
2398
2841
2212
2398
1985
1986
1987
1988
4795
5091
5230
1986
1987
3593
4926
5101
4924
4926
5091
1988
3590
3591
3593
2048
3590
4604
4795
1990
1991
1992
2633
2634
2635
1991
2634
3087
3089
3090
1992
1996
3089
1996
2635
3216
1994
1995
2075
3071
1995
2074
2075
2184
2184
2103
3089
3169
3216
1998
1999
2000
2001
2342
3333
1999
2342
2795
4004
2000
2795
3260
3553
2001
2084
2636
2986
3260
2084
2892
3333
3845
2003
2004
2303
3599
2004
2005
2093
3608
2005
2232
3421
3599
2643
3308
3421
3608
3609
2007
2008
2009
3083
4911
4921
2008
2009
3637
4064
4568
4609
3637
3642
4911
3082
3083
4096
4238
4609
2011
2012
2017
3387
2012
2017
2205
2208
3698
2208
2948
2949
3387
3489
2014
2015
2016
4204
2015
2016
2226
3191
4292
5080
2224
2225
2226
2967
4204
4205
4292
2724
3629
3698
3037
4027
5003
2020
3628
2022
2023
2024
2032
2374
2639
2023
2024
2522
4556
2032
2523
3481
4556
2026
2027
4330
4914
3954
3955
4471
4914
2784
3544
3545
4330
2029
2030
2858
3501
3959
4489
2030
2031
2132
2804
2858
2031
2567
2767
3501
2131
2132
2133
2682
2767
2523
2524
2639
3144
2034
2035
4022
4023
4894
4023
4120
2331
2914
2915
3005
2038
2040
2041
2257
3272
2257
2258
3444
3271
3272
3570
2043
2044
2396
2669
2672
5210
2044
2273
2396
2397
3064
2669
3064
2046
2047
2169
2295
4098
2047
2048
2167
2169
4118
4604
2048
4098
4321
4321
4604
4795
2050
2051
2149
3709
4151
4152
2051
2052
2053
2149
2053
3709
3906
4416
2053
3375
4971
3735
4416
4920
4971
2055
2056
2677
2684
3070
4286
4287
2056
2512
2814
3070
2512
2514
2515
2684
2059
2060
4056
5208
2060
3240
3891
4056
5168
5244
2062
2063
2064
3075
3076
3468
2063
3076
2064
2065
2069
3520
2065
3468
3538
4532
2069
2424
3538
3539
2067
2068
2455
3476
2068
2178
3401
3507
3401
3476
3486
2423
2424
2815
3520
2071
2072
2073
2749
3653
4212
2072
2073
3542
3782
3783
4542
2749
2750
3542
2903
3653
4542
2075
2182
2183
2184
2077
3033
3034
3185
3332
2078
2079
2340
2341
3332
2079
2133
2134
2144
2341
2144
2082
2083
2176
2177
2176
2267
3577
2177
2650
2085
2086
2892
2986
2086
2088
2986
2987
2087
2088
2889
2892
3329
2088
3100
3329
3620
2987
3620
3155
3817
2091
2092
2869
3616
5104
2092
2093
2869
2870
3608
2093
2094
2563
3390
3616
2094
3608
2561
2563
3006
3007
3755
2097
2098
2292
2805
2098
2106
2107
2108
2805
2806
2807
2108
2292
3381
3768
2100
2101
4201
5235
3712
4201
4404
5156
4626
5235
5241
2103
2104
5148
2104
2105
3169
2105
5148
3168
3169
2107
2807
4683
4747
2108
3382
3594
4683
3381
3382
2911
2913
2873
3141
2112
2113
2606
2769
2835
2606
2607
2608
2716
2804
2835
3294
2115
2116
5066
2116
2117
3753
5066
2117
2738
2738
3007
3753
2119
2120
2859
3149
5231
2120
3348
3751
2702
3348
4361
5231
2122
2907
2909
3988
4495
4496
4495
2124
2125
2516
3091
3092
2125
2126
3091
4409
4814
2126
2516
4517
4515
4516
4517
4814
2128
2129
2130
2785
4149
4330
4914
2129
2130
4744
4745
4843
4149
4745
4780
3955
4843
4914
2132
2133
2134
2715
2716
2717
2716
2804
2134
2144
2682
2341
2343
2717
2136
2137
3173
4670
4707
2137
2142
2143
4707
4773
2143
3173
3174
2139
2140
2141
4857
5010
5011
2140
2141
3200
4757
3199
3200
4757
4857
4891
4892
2143
4137
4773
4774
4137
5106
2681
2682
2146
2147
3765
3766
4615
4616
2147
4579
4616
4617
3765
3985
4579
2149
2150
3188
4128
2150
4151
4128
4151
4153
4214
2152
2153
2154
2678
2679
2680
3370
2153
2154
4109
4562
3370
4109
5070
2680
5079
2642
2157
2158
2239
4627
4692
2158
2159
2160
2201
4692
2159
2197
2237
2239
4018
2160
2197
4161
4162
2201
2202
4161
5067
3491
3492
2163
2164
2165
3031
3258
3744
2164
2846
2920
3744
3867
2165
2473
2473
2555
3031
2167
2168
2170
2720
2721
2168
2169
4118
2169
2170
2294
2519
2294
2295
2518
2519
2721
3407
2172
2178
3507
2666
3648
3665
2344
3050
2267
2268
2650
4565
3507
2499
4518
4519
4624
2181
2771
4003
4308
2770
2771
2936
2183
2184
3143
3361
2187
2188
2234
4804
4805
5135
2188
2189
2234
2235
3233
2189
4805
5026
5027
3233
3234
3235
3725
5026
2191
2192
2193
3685
3883
4372
4561
2192
2193
3127
3354
3355
4146
4146
4147
4372
3127
3682
3685
4062
2195
3242
4132
4133
2196
4133
4371
3713
4018
4162
4940
2199
2200
3791
5038
5100
2200
2201
2202
5038
5069
2201
3791
3792
4693
2202
4692
4693
5067
5069
3315
3316
2205
2206
2208
2692
2875
3497
2206
2208
2209
2210
3698
2209
2766
2875
2381
2386
2459
3278
3489
3497
2210
2766
3568
3717
3471
3698
3717
2212
2213
2214
2538
3382
3594
2398
2538
2214
2850
3205
2850
2852
3381
3382
2216
2217
2412
3498
3840
4327
2217
2222
2412
2413
2218
2219
2222
3498
3863
2219
2222
3862
4069
4310
3862
3863
3880
3894
3895
4094
2970
3816
2413
4069
4166
3405
3564
3565
3566
2225
3826
2226
3826
3827
4405
4405
5080
5081
2281
3164
2229
2854
4889
4989
2230
4793
4989
2231
4389
4793
4794
4264
4389
4418
2233
3421
3599
2303
2501
3599
2235
2236
3606
5135
2236
3233
3069
3606
2238
2239
4018
4019
4198
4257
2239
4198
4627
2241
3819
2242
2704
2755
4189
2704
2707
3048
2244
2687
3187
2404
2405
2687
3010
2246
2247
2248
3498
3863
2247
2248
2384
4000
5194
3498
3839
4327
5194
3300
2250
2333
2252
2266
3225
3226
2368
2369
3225
2256
2662
2663
2664
3426
3730
2255
2256
3259
3815
3014
3815
3259
3426
2258
2283
3272
3346
2282
2283
3145
3444
2260
2285
3065
2262
2263
2264
2265
2743
2263
2743
2882
4383
4384
5170
2264
2881
2882
2265
2881
3930
4902
3930
2927
2928
3226
2268
2274
3460
3577
2273
2274
2481
2270
2271
2272
2929
2930
5020
2271
2272
3241
3243
2930
3243
4432
5113
2623
5019
5020
2274
2397
2443
2481
3064
2443
3460
2276
2277
4838
5205
2277
2278
3301
4775
4791
5205
2278
5111
3301
3302
3724
3915
5111
2280
2281
2671
3011
2671
3334
3011
3164
3295
3299
2283
2284
3145
3146
2284
3346
3678
3146
3595
3418
3419
2287
2288
4154
4214
5014
2288
2289
2290
5014
5015
2289
4214
5081
5103
2290
4405
4764
5081
4763
4764
5000
5015
2292
2293
3666
4091
2293
3768
3768
2295
2519
4255
5204
3784
4098
2297
2468
2470
2441
2468
2582
2299
2300
3161
3942
2300
2301
2302
3160
3161
2302
3704
3941
3942
5223
2302
2796
3096
3160
3704
3807
2501
3599
2305
2306
3596
4010
2306
2900
3222
3454
3940
3222
3359
3596
3251
3253
3618
3756
3757
2309
2310
2311
2363
2648
2999
2310
2363
2454
3837
2311
2312
2812
3837
2312
2644
2645
2648
2645
2812
2314
2315
3093
4016
4315
4316
2315
4728
4899
3093
4808
4899
2317
2318
2327
3110
2318
2839
2840
3901
2325
2326
2327
3901
2324
3142
3360
3361
2321
2322
4849
4923
5058
2322
2323
4551
4731
4849
2323
4854
5058
5167
4548
4551
4854
3104
3105
3109
3110
3142
2326
4054
4055
5055
2327
3558
4055
4886
3110
4886
2329
3493
2774
2775
3227
3430
2331
2332
2440
2332
2333
2914
3304
2333
2440
3304
2335
2336
2337
2338
2339
4517
4672
2336
2338
2536
2537
2337
2517
2537
2516
2517
4517
2339
3804
4672
5124
2341
2342
3331
3332
3333
2342
2343
2343
3333
4004
2717
4004
2346
2347
2348
2410
3582
4129
2347
2410
2412
2545
3840
2348
2545
3582
4373
4423
5214
2351
3107
3858
4752
5116
4061
4751
4752
2353
2354
4283
4284
4458
4459
2354
2355
4283
5073
5121
2355
3952
4459
3952
5100
5121
5216
2357
2358
2688
2358
2688
2689
2788
2788
3092
2360
2361
3009
3097
2361
3097
3154
3388
2363
2999
5130
2454
2999
2365
2366
3981
4379
2366
4213
4506
5176
3981
4207
4213
4855
5061
2369
2370
2370
2943
2943
2944
2372
2373
2951
2912
2951
3422
3423
2638
2377
2378
2379
2558
2915
2378
2379
2557
2667
2511
2915
2556
2557
2558
2559
2560
2385
2386
2383
3395
3508
3512
3513
2384
2934
3395
4000
4000
2386
2393
2394
2792
2793
2394
2459
2388
4007
4103
3440
3539
4007
2390
2432
2433
3855
3855
4300
2392
2393
2394
2422
2425
2458
3836
2393
2422
4176
2394
2793
2458
2459
3023
3318
2397
3377
3602
5210
2481
2484
3377
2841
2400
3560
3561
3403
2402
3125
3923
3125
3408
3627
2404
2405
2406
2405
2406
3010
2457
2408
2409
3268
3772
2409
2414
2414
2464
3589
3772
2411
2412
4129
2412
2413
4089
4129
2413
3840
4089
4166
2628
2629
2874
3030
2958
2418
2419
4040
4322
2419
2420
4040
4360
5091
5230
2420
2442
2442
2564
4114
4360
3014
3016
3045
3046
2425
2541
3963
4176
2424
2815
3440
3440
3539
2540
3836
3963
2427
2428
4100
4232
4429
2428
2429
2430
2431
4182
4429
2429
3708
4232
5160
2430
2483
3708
2431
2482
2483
4257
4182
4183
4198
4257
2433
4293
4942
3855
4293
2435
2436
2437
2644
4157
4306
2436
2437
2438
4868
4124
4157
2438
2869
2870
4306
2869
3813
3814
4868
2441
2468
2834
2468
2582
2564
3064
3460
2842
3305
2446
2447
3778
4076
4077
5224
2447
2448
3777
3778
2448
4411
5224
5238
3739
3740
3777
3965
5238
2450
2656
2657
2901
3759
2451
3664
3759
2974
3664
2453
2472
3479
3835
4426
2896
3432
3835
3834
3837
2456
2457
3306
3476
2457
3306
3384
2459
2460
3836
2460
2461
3278
2461
2462
3836
2462
2537
3085
3086
3278
2536
2537
4812
2465
3589
2733
2736
2706
2707
2964
2993
3093
2469
2470
2834
2470
2546
2548
2834
2548
2472
2473
5055
4426
5055
2555
2475
2476
2971
2972
2973
2973
3466
4539
2509
2972
2478
2479
2480
2660
2661
2479
2480
2808
4352
4993
5039
2661
2808
2810
3585
2660
3439
4352
2484
2483
3936
3943
4019
4256
4257
3708
3709
4256
3377
3522
2486
2487
2492
2493
3161
2487
2492
3102
3103
3983
2797
3102
3160
3161
2489
2490
3706
3707
3886
2490
2491
3706
4798
4799
2491
3483
3886
3887
3483
3485
4798
5201
2493
3961
3983
4613
4613
2495
2587
3378
4006
3378
4274
4355
2497
2498
3760
4261
4262
5009
2498
2500
3760
4030
5018
2499
2500
4261
2500
4518
4029
4030
4518
2642
2503
2504
2504
2505
2637
2505
2510
2511
2510
2637
2638
2507
2508
4282
4762
4825
4826
2508
2509
4825
5006
5095
5096
2509
2972
4282
2972
5006
2511
3218
3417
2915
3417
2513
2514
2814
3494
2514
3271
3494
3570
2515
3010
3570
2684
2685
3010
2517
4517
2537
3085
2519
3407
5204
2521
2522
3649
4167
2522
3481
4556
4738
4748
4907
3649
3650
4556
2524
2525
3481
4033
2525
3104
3105
3144
3105
4033
2527
2528
3462
3463
3488
4477
2528
3462
4509
4586
3505
3999
4586
2530
2531
2531
2797
3101
3102
3363
2796
2797
2888
2533
2534
2535
3679
2534
2535
3953
4240
3679
3680
3953
3808
2537
3085
3594
4683
2540
3289
3290
3964
3836
3963
3964
2542
2543
3963
3964
4176
4179
2543
2544
3289
3926
3964
2544
4179
5245
3926
3927
3929
5245
3838
3839
3840
2547
2548
2549
2802
2834
2548
2549
2994
3211
4015
3210
3211
2802
2803
2994
2551
2552
2553
3045
3046
3157
2552
2554
2949
3015
3016
3045
3732
2553
2554
2719
3517
2719
3157
3854
2948
2949
3517
2725
3031
2557
2560
3090
3459
3631
2667
3090
2559
2914
2915
3304
2560
2946
2947
3304
2946
3631
2562
2563
2990
3563
2563
2989
2990
3389
3390
3651
3390
2565
2566
4114
2566
4472
4114
4180
4181
5199
2568
2569
2767
3501
2569
2767
2940
2941
2942
3084
2940
4328
2571
2572
3802
4623
2572
2573
2855
2857
2573
3736
3802
2855
2856
3736
3737
4013
2575
2576
3777
3965
4582
2576
2577
3777
3778
4953
2577
4087
4582
4583
4086
4087
4953
2579
2580
2618
2694
2695
2580
2581
2694
3512
3182
3411
2584
2585
2586
2587
3378
4832
2585
2586
3718
5139
5211
4229
4832
4959
5139
2587
3718
4005
4478
3378
4005
4006
2589
2590
2591
2592
3624
4220
2590
3646
3647
4219
4220
2591
3646
4102
4104
4313
2592
4104
4267
4466
3624
3625
4466
2594
2595
2819
2822
3622
3623
2595
2821
2822
3686
3687
3622
2597
2598
2599
3335
3380
2598
2599
2600
3195
2600
2983
3380
3526
3195
3244
3335
3336
2983
3195
2602
2603
2604
2605
3533
3534
2603
2876
2877
3162
3533
4011
2604
3162
2605
3534
2607
2768
2769
3206
2608
3088
3167
3206
3209
3167
3279
2610
2611
2612
2934
3395
2611
2694
3395
3508
2612
2694
2695
3248
3621
3248
4121
4122
2614
2615
2617
3662
5132
2615
4454
4456
4457
5132
2616
2617
4347
4454
2617
3274
4346
4347
3274
2695
3621
2646
2657
2901
2621
2622
2851
2853
3154
3388
3818
2622
2623
3154
2623
3818
5019
2625
2627
3313
4317
4938
2626
4445
4446
4938
5161
3668
5161
5162
3027
4317
2629
2630
2691
2692
2766
2874
2875
2630
2632
3165
2632
2691
2693
2863
2864
2693
3165
3295
3604
2634
2635
2860
3319
2667
3090
3319
2860
2985
2986
3260
4441
2638
3116
3116
3144
2888
3096
2644
2645
3308
3609
4306
2645
2648
4157
4306
3308
2647
2655
2657
3962
3118
3334
3962
2999
4157
3515
3527
3643
3644
4304
4565
2652
2653
2843
2845
4482
5105
2653
3352
4784
5105
3352
4482
4675
5117
2988
2989
2990
2656
2657
2900
3454
3962
2657
3454
3759
3940
2901
3675
3823
3431
3437
3438
3439
2926
3585
2663
2664
2665
3281
2697
3281
2665
3132
3134
3730
3060
3132
3280
3281
3444
3695
3090
3319
4107
2672
2677
3070
2671
3011
3011
3334
2677
5172
5210
2674
2675
2982
4483
4484
2675
2837
4483
2727
2982
2893
3665
3070
4287
5172
2679
3370
3371
3372
3373
2680
3372
4821
4895
4918
4918
5079
2682
3084
2767
3084
2684
2685
2686
3081
4286
5174
2685
4286
2686
2687
3010
2687
3080
3081
3187
3010
3187
2689
2690
2690
2788
2791
3453
3217
3453
2692
2693
3020
3021
3237
2875
3237
3497
3020
3295
2695
3508
3512
3621
2697
2698
3280
3281
3282
3281
3282
2700
2701
2702
4495
4496
4566
5231
2701
3987
3988
4363
4496
2702
2703
4363
4541
2703
4361
5231
4361
4541
2705
2706
2707
2755
2706
2755
4192
2707
2964
3048
2954
4468
4650
3445
3460
3577
2711
2714
2734
2735
3117
4499
4500
3855
2716
2717
2718
2961
3294
2804
3294
2718
4004
2961
3032
4004
3412
3517
2721
4268
4269
3406
3407
4269
2723
2726
2728
3072
4608
2726
3025
2725
3629
3788
3031
2728
3025
3026
4209
2982
4206
4381
5044
3072
3073
3074
4209
4210
2730
2731
4648
4879
5143
5181
2731
2732
2953
4824
5143
2732
4557
4879
4880
4557
4559
4824
2736
2735
3746
4500
5206
3746
4117
3626
2744
3006
3007
2740
2741
4175
4714
4785
2741
4108
4175
4584
4585
4108
4194
4241
2743
3320
3321
3569
3569
4384
3006
3733
4404
3758
3844
2847
2848
3518
2748
3660
4572
2751
3657
3660
4457
5132
2750
2771
4212
3542
4457
5031
2753
2754
3027
4317
2754
3309
3310
4317
5159
4397
5159
4189
4192
2757
2758
4100
4101
4232
2758
4376
5131
4101
4376
4453
2761
3254
3546
3841
2885
3254
2763
2764
2765
2995
2997
4083
2764
2997
4394
4876
2765
2854
4876
2874
2875
3567
3568
3084
2769
3055
3056
3206
2835
3055
3249
2936
2937
4212
4308
2773
4001
4143
3632
5138
2775
3040
3283
3305
3430
3305
2777
2778
2938
2939
4273
2778
2780
2938
4275
4932
2780
2781
3136
3137
4273
3617
4703
2781
3465
4275
4858
3137
3139
4858
4859
2783
2857
3832
2785
2786
3545
4330
5207
2786
4149
4272
4330
4272
5207
5229
3052
3053
2789
2790
2791
3092
2790
2791
3171
4407
3091
3092
4407
4409
3453
2793
2794
3976
2794
3339
3341
3976
3032
3433
3553
4004
2797
2888
3096
3160
3102
3160
2799
2800
2801
4575
4937
5151
2800
2801
2886
4667
4678
4665
4667
4867
5115
5151
4341
4937
2803
2993
2994
2858
2806
4646
2807
4362
4646
4664
4664
4746
4747
2809
2810
4445
4446
4993
2810
2811
4446
5161
2811
3585
4032
5161
5162
5225
2815
3837
2814
2816
2817
2842
2817
3070
3494
3520
2817
3474
3474
3494
2819
2820
2821
2822
2820
2822
3119
3184
3623
3119
3469
3680
2822
3687
2824
2829
3181
3306
3384
2829
3120
3447
2826
2827
2828
2966
2967
5165
2827
2828
3928
4150
3192
5165
5166
2966
3129
4150
3306
3307
3447
2831
2832
3528
3612
3860
2832
2833
3575
3860
2833
3054
3528
3052
3054
3249
3294
2838
3456
3147
3499
3500
4318
4483
3455
3456
3457
4196
2840
3357
3472
3830
3357
3630
3901
3305
2844
2845
4177
4482
4486
2845
4804
5135
4804
4805
5105
2895
2920
2921
2848
2849
3795
3844
2849
3518
3578
3580
3578
3794
3795
2851
2852
3205
2852
2853
3205
3388
3420
2853
3381
3383
3383
3818
4876
4889
2856
2857
4057
4012
4013
4057
4489
3149
4566
5231
3319
2862
2863
2864
2887
4289
4290
2863
4289
4381
4755
2864
4381
2887
2866
2871
4082
2871
3235
3725
3972
2868
2870
3814
5104
3608
3609
4306
3235
5060
2873
4649
4650
3141
4649
3030
3567
2877
2878
2879
4011
2879
3162
3541
2879
3871
3898
4011
4088
4265
4088
3273
2882
2884
4902
5137
2883
2884
4606
5170
2884
3833
4391
4606
3074
3833
4210
5137
3254
3255
3550
3764
4042
4678
4806
5144
4290
3096
2890
2891
2892
3328
3329
2891
3328
3368
3529
2892
3236
3331
3529
3845
3845
2992
3946
2895
2896
3215
3228
2921
3214
3215
3432
2898
2899
3766
3853
4691
3733
3765
3766
3984
3851
3853
3905
3454
3012
3013
3790
2904
3079
4542
2905
3079
4142
4142
2907
2908
5164
2908
2909
2909
4746
4747
3986
3988
4746
4311
4882
2912
2913
2951
2913
2951
3422
2915
3304
3005
3417
2917
4600
3721
4053
4600
4726
2919
3701
4323
4323
2921
3133
3134
3867
3133
3135
3214
2923
2965
3846
3847
3925
2963
2964
2965
2925
4215
4216
4393
2926
3592
4393
3584
3585
3592
2928
3565
3697
3752
3224
3226
3565
3566
2930
2931
2932
4952
5020
2931
4844
5113
2932
2933
4844
4845
2933
4725
4952
4970
4725
4845
5123
2935
3395
4000
3838
4000
5194
3232
2939
3971
4762
4932
3886
3887
3971
4273
5033
2941
3611
3613
4328
2942
3603
3611
3612
3084
2944
2946
3056
3208
2947
3208
3631
3304
2949
3489
3496
3517
3387
3732
4455
2953
2954
2957
3261
4824
2954
4468
4824
5143
2957
4468
2956
3234
5189
5190
4379
4816
4817
5190
3261
3262
2960
3219
3433
3495
2961
3032
3433
3032
3249
3294
3241
2964
2965
3048
3048
3925
4217
2967
2968
3129
3130
2968
4205
4292
5165
4067
4205
2970
4701
4702
3816
2972
2973
4275
4282
4932
4282
3465
3466
4275
3664
2976
2977
2978
2979
3803
4260
2977
2979
3904
3905
5184
2978
3290
3292
5184
3290
3803
3851
3905
4260
2981
3360
3472
3830
3360
3361
4206
4484
5145
2984
3700
3362
3700
2986
2987
2987
3620
3663
2989
2990
3651
3563
2992
3156
5195
3156
3946
3947
2994
3093
4016
4015
4016
2996
2997
2998
4083
2997
2998
4043
4704
5219
4394
5219
4043
4083
4470
4157
5130
3002
3003
4291
4461
4462
4547
4987
3003
3004
4987
4988
3004
3740
4291
5238
4115
4116
4411
4988
5238
3218
3417
3007
3753
3755
3009
3205
3420
3097
3420
3295
3604
3790
3015
3016
3019
3815
3016
3018
3019
3732
3045
3018
3387
3732
3019
3732
3815
3021
3295
3299
3549
3237
3238
3239
3549
3023
3024
3682
3684
4062
3318
3124
3126
4062
3026
4071
5021
4071
4072
4209
4317
3029
3413
3413
3531
3924
3527
3567
3644
3258
3433
4004
3034
3035
3236
3331
3332
3035
3036
3185
3404
3036
3152
3236
3529
3151
3152
3404
3038
4027
5003
3039
4998
5003
4997
4998
5012
3283
3305
3042
3043
3787
4358
4395
3043
3044
3688
3787
3044
3688
3046
3157
3362
3448
3050
3051
4078
4494
4587
3051
3532
4078
3053
3054
3224
3224
3225
3226
3224
3405
3056
3206
3208
3058
3059
3287
3059
3060
3521
3060
3135
3140
3214
3287
3374
3132
3140
3280
3521
3062
3270
3956
3958
3982
4980
3063
4012
4013
4980
4012
4059
3067
3068
3069
4070
3068
3069
3606
3902
3903
3903
4084
3606
3073
4415
4608
3074
3833
4403
4415
3833
4210
3076
3077
3436
3468
3163
3436
3079
3314
3317
3783
3783
4542
3081
3187
3779
4788
4789
4789
5102
5174
3083
4096
4921
3086
3278
3088
3089
3090
3207
3209
3459
3089
3167
3209
3167
3168
3169
3459
3092
4409
4016
3095
3475
3164
3239
3548
3549
3388
3420
3099
3100
3841
3100
3328
3330
3537
3841
3328
3329
3102
3103
3363
4044
4329
3103
3983
4329
3105
3142
3144
3109
3107
3108
4388
4736
4737
4388
5116
5154
4737
4743
5082
3110
4887
4886
4887
3112
3113
3114
3742
3746
4117
3113
3114
3115
4510
5120
3742
3743
5120
3115
3722
4117
4156
3722
3723
3724
4510
4499
3334
3962
3184
3680
5215
3121
3122
3506
3122
3409
3506
3124
3125
3127
3356
3408
3125
3126
3127
4062
3126
3408
3923
3923
3355
3356
4062
3129
3130
3343
4081
4312
3130
4081
4150
3343
3344
3633
3634
3635
3133
3134
3135
3140
3134
3135
3730
3867
3140
3214
3137
3138
4095
4148
4273
3138
3139
3139
4095
4700
4701
4700
4704
4859
5219
4649
3143
3144
3361
3361
3146
3444
3681
3695
3595
3681
3148
3153
3499
4318
3153
3158
3159
4221
4223
3213
3151
3152
3529
3530
4221
4318
5094
3388
3156
5195
3947
5195
3362
3700
3854
3159
3277
4223
4336
4822
3277
3161
3541
3543
3435
3436
3702
3807
3299
3548
3604
3914
3168
3279
3169
3279
3171
3172
3884
4407
4408
3172
4407
3703
3864
3884
3174
4670
4866
4299
4866
4912
3176
3177
3178
4997
5007
5012
3177
3179
4243
4679
5012
3178
3179
4535
4537
5007
4242
4243
4400
3181
3182
3411
3384
3411
3184
3540
3541
3543
3540
5215
3404
3212
3776
3189
3190
4128
3190
3191
4128
5080
5081
5103
3191
3192
3192
4292
5080
5166
5166
3194
3195
3195
3244
3244
3197
3198
3303
3668
3669
3670
3198
3204
3670
3832
3202
3203
3204
3303
3200
3201
3201
4757
4809
4810
4810
5163
3203
4248
3204
4227
4248
4307
3832
4307
3420
3207
3208
3209
3208
3209
3459
3631
3631
3211
3779
4788
4015
4017
3396
3776
3327
3697
3215
3229
3374
3228
3229
3217
3453
3417
3495
3578
3579
3928
3222
3664
3759
3940
3940
3726
3226
3405
3566
3226
3228
3229
3231
3430
3229
3231
3374
3921
3283
3284
3374
3430
3234
3235
5189
3725
4412
5060
5189
3331
3529
3238
3497
3239
3412
3496
3497
3517
3412
3549
3242
3243
3243
4132
4136
4136
4432
3245
3336
3269
3336
3247
3555
3325
3621
4122
3294
3251
3252
3253
3480
3252
3253
3400
3757
3399
3400
3480
3618
4092
3255
3256
3546
3256
3550
3546
3547
3259
3426
3744
3426
3553
4441
3262
3263
4593
4594
4824
3263
3761
3763
3763
4593
3265
3266
3349
4296
4433
4913
3266
3347
3349
5040
4433
4434
5040
3268
3269
3772
3772
3335
3336
3502
3970
3982
4974
3272
3474
3494
3570
3346
3276
3275
4346
4501
3824
4501
5240
3767
4822
3281
3282
3521
3521
3284
3285
3430
3285
3286
3287
3374
3286
3287
3374
3293
3290
3291
3926
3964
3291
3292
3292
3926
5185
5183
5184
5185
4419
4930
5202
3299
3604
3297
3298
3487
3488
3907
3908
3298
3488
4452
3908
3989
3990
4452
3548
3549
5196
3302
3944
3945
4775
3724
3944
4510
3669
5237
3307
3384
3476
3447
3476
3486
3756
3421
3310
3311
4945
5159
5233
3311
3312
3313
4317
3312
5064
5233
3313
4690
5064
5133
4317
4938
5133
3783
3316
3789
5229
3321
3322
3569
4611
3322
3323
3324
3324
4611
4770
4877
3324
4591
4592
4591
4770
4906
3776
3327
3358
3752
3697
3752
3329
3330
3368
3368
3369
3537
3332
3333
3845
3845
3336
3338
3339
3341
4110
3339
3340
4430
5106
3340
3341
3976
3976
4169
4430
3461
4110
3344
4312
3678
3349
4673
3587
3588
3751
4105
4361
4296
4673
3351
3352
3353
4783
4784
3352
3353
3591
3593
5101
3591
4675
4784
4677
4783
3355
4146
3356
3408
3519
3470
3471
3472
3473
3630
3359
3596
3596
3361
3830
3700
4044
3823
3366
3367
3584
3592
3369
3529
3530
3530
3371
5070
3373
4332
4333
4597
5070
3373
4895
5186
4332
5186
3376
4919
4971
5140
5141
5141
3522
3523
3602
4355
4831
4832
5198
3450
3452
4348
3526
3382
3383
3768
3594
3768
3818
3386
3854
3475
3732
3420
3390
3588
3615
3651
4105
3615
3616
3392
3393
4986
5209
3393
3394
4071
4463
5209
3394
4782
4071
4782
5093
3508
3398
3996
4488
3996
3997
4439
3400
3401
3402
3401
3757
3402
3486
3507
3757
3507
3720
3690
3566
3407
3883
4269
4561
3519
3627
3410
3506
3506
3517
3416
3946
3947
5208
4056
4370
5208
3419
3674
3554
3692
3423
3424
3425
3424
3425
3729
4090
4442
4358
4442
3730
3744
3428
3429
3502
5187
3429
3873
4140
3872
3873
5187
3493
3835
3495
3553
3435
3436
3467
3885
4528
4588
3436
3702
3884
3885
3467
3468
3438
4236
4237
4402
3439
4237
4351
4695
4351
4352
3539
3442
3443
3869
3870
3443
3535
3536
3869
3695
3577
3713
3756
4119
3450
3451
3824
5240
3451
3452
4348
5240
3452
3897
3899
3897
4088
3940
3456
3457
3916
4196
3631
3577
4110
4111
4159
3463
4234
4509
4233
4234
4428
4477
3465
3466
4186
4187
4188
4858
5149
3466
4275
4858
4539
5149
3468
4528
4532
4532
3680
3953
3471
3472
3716
3717
3473
3698
3717
3830
3629
3630
3698
3494
3486
3478
3479
3675
3677
3835
3479
3675
4034
4199
3835
4199
4425
4426
4092
4033
4556
4748
3483
3484
3971
4826
4827
3484
3485
3887
3971
3485
4294
4827
5180
4294
4659
5201
3756
3757
3488
3907
4428
4477
4972
5236
4477
3496
3497
3491
3492
4850
4939
3492
4850
4939
3553
4441
3497
3517
3863
4327
3500
3676
3676
3959
4974
5187
3504
3505
4343
4345
3505
4424
4840
4841
3999
4343
4424
4586
3512
3510
3511
4522
4653
4688
3511
4656
4682
4688
4695
4037
4038
4522
4656
4848
3513
3819
3515
3527
3790
3580
3627
3523
3524
4046
4048
3524
3525
3602
3525
3581
4046
3601
3602
3644
3530
3924
4078
4079
3534
3535
3536
4011
3535
3536
3869
4011
3841
3539
4007
4009
4532
4007
3541
4479
5215
3543
3782
3545
3806
5207
3547
3549
3764
3552
3573
3597
3598
3645
3645
4441
3555
3691
3692
3691
3557
3558
3559
4199
3558
4886
4887
3559
4055
4886
4054
4055
4199
4425
3561
3785
3786
3785
3565
3566
3568
3643
3644
3716
3716
3717
4384
4443
4611
4612
3572
3661
4680
3661
4593
4595
3574
3597
3693
3575
3603
3860
3579
3580
3580
4046
4947
5153
4129
4130
4258
4373
3585
3592
3587
3588
3615
3874
3588
4361
3615
4105
3772
3591
4604
4605
4675
4796
3593
4675
3817
4393
5101
4683
3598
3693
3645
3602
5234
5210
5234
3612
3860
3607
3696
4302
3902
5135
3689
4302
5037
5182
3609
4306
3611
3612
3614
3612
3613
3614
3860
3614
4044
4328
3616
3874
3874
5104
4638
4639
4703
3619
4092
3758
3663
3623
3625
4220
4982
4983
4297
4301
4466
4983
3720
3630
3698
3788
3788
3901
5138
3634
3635
4652
4834
4835
5197
3849
4833
4834
5108
4651
4652
4689
4732
3637
3638
3642
3694
4131
3638
3642
4568
4131
4568
5232
3640
3641
4797
4850
3641
4206
5044
3797
4529
4797
5044
3694
4735
4911
3644
3716
3647
4313
4414
5152
4219
4516
5152
3649
3650
3665
3650
4167
3751
4105
3653
4003
4255
4308
5204
4212
4308
3655
3656
3689
4302
3656
3696
4302
4326
5246
3658
3659
3660
3662
5132
3659
3662
3974
3975
3660
3974
4595
4620
4915
3975
4736
5132
3719
3759
4091
4769
4865
4970
4005
4006
4555
3669
3670
5162
5162
5225
5237
3832
3672
4141
5032
5037
3673
4111
4141
4851
4800
4802
4851
3677
3823
4034
3835
3680
4479
3953
4479
5215
3695
3683
3684
3685
4062
3684
3685
3883
4014
4014
3883
3687
3846
3847
3846
3787
4156
4302
4473
5182
3693
3692
3793
4735
3701
4302
3752
3703
3704
3807
3884
3704
3864
3884
5223
3807
5223
3706
3707
3895
4357
4760
4910
3707
4760
4799
3886
3894
3895
3709
3906
4417
5160
3906
4152
4256
3711
3712
4285
4342
5077
5156
3712
4201
4285
4458
4503
4504
4201
5156
3715
3718
4553
4554
3718
4545
5211
3717
4478
4554
5211
3842
4726
4893
3723
4155
4156
3724
3915
4155
4367
3915
4510
3972
5026
3728
3729
4138
5097
5098
3729
4090
4127
4138
4090
3744
3867
3734
4109
4562
5131
3984
4404
3735
4416
4416
4920
3737
3738
3802
4365
3738
3948
4013
4980
3948
3949
3951
4365
3740
3932
3965
4163
4291
4291
5238
3742
3743
3745
3882
5188
3743
3745
3746
5120
5221
3867
3746
5206
4117
5206
3748
3749
3750
4863
4864
5047
3749
5047
3750
4350
4756
4349
4350
4356
4864
4105
3754
3755
3755
3934
5222
5222
3757
3940
5009
3762
3763
4036
4410
3763
4035
4036
3766
3984
3985
4615
4691
3770
3771
3882
3771
3882
5188
3774
3775
4875
4896
5078
5090
5134
3775
5078
4082
5134
3778
3965
4076
4953
4788
3781
4396
4399
3991
4396
4991
3783
4542
4098
3786
4505
3810
4155
4156
4395
5207
5229
3792
3793
5100
3793
4693
4733
4735
4735
3795
3844
3797
3798
4797
4853
3798
4529
4530
4531
4797
4184
4334
4531
3800
3801
4366
4724
4786
4787
3801
3802
4534
4536
4623
4787
3802
4365
4366
4365
4623
3804
3805
4260
4420
3805
3809
5124
3809
4420
4961
4618
4960
4961
4982
5124
4070
3812
3813
3814
4589
4908
3813
4139
4589
4590
4868
3814
4868
4908
5104
4393
3821
3822
3831
3865
3866
4600
3822
3831
4376
4453
4051
4599
4600
4034
5240
4388
5071
5154
3827
3828
3828
3829
4405
4764
3829
4250
4251
4251
4763
4764
3865
4453
4507
4508
4391
4403
3837
4312
3839
5194
3840
4327
5194
4327
4533
4893
3847
3925
4135
4601
4602
4603
5086
3850
4185
4630
5108
4185
4945
5233
3852
3853
3905
4260
4422
3853
4422
4434
4963
5041
4691
4963
4377
4427
5129
3858
3859
3861
4060
4752
3859
4752
5116
5155
3861
4386
5155
4022
4028
4060
4386
3880
3881
4310
4435
3880
3941
5223
3866
4344
4345
4508
4345
3869
3870
3871
4020
4265
4387
3870
3871
4011
4020
4028
4011
4265
3873
3919
3920
4525
5187
4140
4525
4908
5104
3876
3877
4711
4847
3877
3878
4172
4711
3878
4325
4168
4172
4325
3880
3881
4437
3881
4435
4436
4437
5188
4561
3885
4408
4753
4588
4753
3887
3894
5033
3971
3889
3890
4658
4890
5122
3890
4279
4423
4658
4279
4280
4870
4890
3892
3893
4601
4603
5168
3893
3913
3977
3913
4601
5010
5011
3895
4094
4148
5033
3897
3898
3899
4265
4387
3898
3899
4088
4088
4265
4387
4213
4739
4742
5176
3903
5135
4084
3905
5183
5184
4416
4417
3908
4990
4999
5236
3990
4990
4991
3910
3956
3957
3970
3982
3957
3978
4341
3912
3999
4424
4840
3998
3999
3977
4965
4967
5011
3995
3997
4439
4367
4369
5111
4196
4438
4803
4907
3918
3919
4097
4377
4427
5082
3919
3920
4377
4974
3920
4097
4525
4974
5187
4440
4465
4217
3927
5185
5185
5212
4150
4476
4643
5245
3931
3932
4902
3932
4462
4547
4902
4163
4291
4547
3934
3935
3966
3993
4164
4642
3935
4642
3966
3937
3938
3939
3943
4256
3938
3939
4154
5014
5016
4151
4152
4153
4154
4256
3943
4162
4940
4956
5016
3942
5223
4018
4019
4940
3945
4245
4510
4245
4246
4661
4662
4775
3947
5208
3949
4026
4980
4981
3950
3951
4026
3951
4026
4288
4448
4449
4365
4366
4448
5017
5216
4240
3955
4471
4914
3957
3958
3982
3958
3978
3980
3980
4980
4981
3960
3961
4489
4979
3961
3983
3983
4613
4979
3964
4163
4582
3967
4164
4165
4165
4469
4951
5128
3969
4730
4996
3982
4974
4762
4826
5026
4027
4900
3975
4097
4525
4743
4736
4737
4743
4106
4107
4965
3979
3980
4341
4937
3980
4026
4288
4574
4575
4937
4026
4981
4207
4208
4379
5088
3985
4404
4578
5077
5156
4578
4579
3987
3988
4664
4746
3988
4362
4363
4664
4496
3990
3991
4451
4452
5220
3991
4991
4396
4991
5179
5220
3993
3994
4476
4641
4642
4643
3994
4164
4640
4642
4869
4632
4634
4640
4641
4969
3996
3997
5036
3997
4488
4975
5036
4439
3999
4424
5194
4143
4144
4223
4336
4083
4274
4480
4481
4487
4308
5204
4006
4478
4555
4008
4009
4102
4103
4009
4102
4313
4314
4314
4528
4532
4398
4013
4057
4059
4980
4016
4017
4017
4315
4315
4019
4940
4257
4028
4386
4387
4022
4023
4060
4061
4719
4023
4060
4120
4719
4025
4661
4663
4331
4654
4288
4981
4386
4030
4031
4518
4519
4031
5018
4709
5018
5225
5237
4748
4803
4199
4036
4160
4410
4497
4038
4039
4522
5109
5110
4039
4464
4493
4848
4339
4340
4464
4884
5109
4321
4322
4795
5230
4042
4514
4580
4581
4806
4666
4668
4678
4806
4702
4704
4328
4329
4450
4900
4047
4048
5127
5153
4048
4563
4904
5126
5127
4563
4050
4628
4696
4697
4139
4628
4629
4052
4053
4599
4600
4053
4599
4820
4917
4600
4726
4055
4425
4426
5055
4370
5208
5242
5244
4058
4059
4059
4170
4170
4061
4752
4511
4719
4751
4752
4064
4065
4197
4569
5090
4065
4568
4569
4609
4609
4610
4896
4897
5090
4067
4068
4204
4205
4266
4467
4166
4309
4310
4823
4941
4072
4463
5021
5093
4209
4460
4463
4901
4074
4075
4364
4744
4842
4843
4075
4235
4521
4644
4524
4644
4744
4077
4208
4817
4953
5088
4816
4817
5224
4079
4339
4464
4494
4338
4339
4145
4150
5134
4470
4487
4437
4087
4740
4741
4953
5001
4583
4934
5001
5049
4166
4263
4127
4249
4442
4768
4769
4349
5200
4095
4148
4148
4701
4238
5193
4525
4743
5082
4321
4100
4101
4233
4234
4429
4101
4232
4429
4234
4453
4103
4104
4313
4104
4266
4267
4267
4107
4965
5002
4193
4194
4195
4585
4562
4111
4141
4141
4159
4851
4113
4124
4202
4203
4385
4861
4180
4359
4360
4116
4411
4412
5060
4988
4156
4604
4605
5164
4513
4719
4122
4281
4123
4618
4157
5130
5119
5144
4138
4249
4369
5171
4214
5103
4130
4258
4259
5227
5232
4133
4134
4135
4136
4134
4370
4371
5242
4135
5242
5243
4136
4431
4602
5086
5243
4431
4432
4430
5106
5098
5171
4590
4629
4903
5200
4298
5032
4144
4949
4950
4336
4337
4950
4807
4147
4178
4177
4178
4320
4372
4273
5033
4272
4780
4152
4153
4256
4154
4214
4214
5014
4156
4367
4395
5130
4159
4851
4852
5062
5226
4851
4587
4162
4954
4956
5042
5067
4940
4956
4582
4165
4676
4869
4676
4951
4263
4264
4389
4823
4172
4430
4171
4239
4378
4378
4173
4174
4174
4276
4946
4276
4584
4714
4716
4957
4179
5062
5226
4178
4319
4320
4486
5062
5217
5245
4181
4359
4396
4399
5179
5179
5199
5220
4183
4429
4972
4198
4200
4972
5236
4333
4334
4630
4631
4187
4188
4394
4876
4394
4858
4859
4876
4889
4989
5149
4192
4807
4191
4221
4222
4628
4628
4629
4645
4807
4194
4195
4392
4625
4241
4392
4694
4585
4686
4803
4569
4570
4875
5090
4200
4257
4425
5236
4504
5235
4203
4697
4717
4717
4861
4862
4205
5044
4208
4213
4742
5013
4953
5013
5088
4210
4901
5137
5137
4749
4750
5053
4308
4742
5176
5103
4216
4393
4619
4620
4621
4219
4220
4515
4517
4671
4672
4220
4515
4516
4671
4982
4222
4223
5094
4628
4696
5094
4336
4225
4226
4262
5008
5009
5239
4226
4309
4794
4941
5239
4538
4657
4793
4794
5008
4248
4307
4536
4537
4622
4229
4230
4231
4758
4864
4933
5157
4230
4758
4759
4959
5139
4231
5139
5211
4544
4545
5157
5211
5160
4234
4428
4429
4453
4507
4509
4521
4644
4888
4237
4271
4402
4680
4681
4271
4682
4695
4609
4610
4964
5193
4378
4397
4727
4607
4694
4243
4244
4400
4401
4244
4679
4828
4401
4828
4829
4891
4968
4246
4247
4510
5120
5221
4247
4661
5092
5221
4368
4369
4442
4251
4252
4614
4252
4253
4763
4253
4614
4615
4616
4617
4617
4763
4860
4272
4781
5204
4259
4373
4546
5046
4546
4420
4421
4422
4262
5083
5084
5009
5084
5239
4264
4948
4389
4418
4948
4387
4267
4466
4467
4466
4269
4319
4320
4324
4320
4372
4561
4271
4656
4682
4848
5048
4681
4682
5107
4780
4781
5033
4355
4480
4932
4277
4278
4946
4278
4730
4946
4947
4996
4730
5112
4280
4281
4281
4870
4762
4932
4284
4285
4577
5023
5073
4285
4458
4342
4458
4577
4287
5174
5172
5173
5174
4449
4574
4290
4529
4530
4755
5192
5065
5192
4547
5165
5166
4659
4660
4720
5180
4296
4297
4301
4467
4673
5034
4297
4673
4913
4301
4913
4983
4984
4299
4475
4912
5032
4912
4818
5076
4466
4467
4304
4305
5097
4305
4564
4565
4564
4905
5097
5213
4622
4310
4941
5084
5239
4435
5084
4881
4882
4314
4414
4414
4528
4588
4316
4483
4699
5094
4320
4324
4486
4372
4322
4795
4482
4486
5117
4326
4374
4329
4914
4654
4655
4333
4334
5074
5186
5228
4334
4597
4531
5074
4336
4337
4769
4822
5203
4337
4822
4768
4769
4950
4339
4340
4487
4885
4340
4464
4884
4885
4937
4577
4578
5077
4344
4345
4586
4345
4508
4509
4586
4928
4347
4454
4870
4501
5240
4350
4356
4883
5200
4756
5200
4352
4353
4688
4695
4353
4354
5039
4354
4653
4684
4688
4684
5039
5136
4480
5150
5198
4864
4883
4933
4995
4776
4777
4910
4368
4395
4442
4360
4399
4363
4646
4664
4541
4646
4647
4841
4842
4366
4448
4721
4724
4368
4369
4395
4369
4395
4442
5111
5171
4371
5242
4561
4423
4765
4767
5046
4638
4727
4453
5131
4427
5147
4817
5088
4994
5123
5163
4755
5044
4383
4384
4443
4444
4384
4607
5170
4443
4861
4387
5154
4794
4823
4391
4392
4403
4625
4626
4392
4403
4606
4607
4694
4625
4694
4859
4876
5219
4399
5179
5159
5164
4401
4966
4968
4680
4415
4626
5156
4764
5081
4407
4408
4409
4753
4754
4814
4815
4408
4409
4753
4814
4497
4498
4499
4412
4413
5224
5238
4413
5060
5189
4816
5189
5190
5224
4588
4754
5152
4504
4608
4626
5235
5241
4417
5160
4553
4948
4621
4929
4930
5202
4421
4961
4422
4433
4434
4961
4434
4658
4765
4840
4426
5055
5082
4429
4477
4972
4972
5106
4432
5086
5087
5087
5113
4434
4913
4961
5040
5041
4436
5083
5084
4437
5083
4439
4738
4907
4738
4465
4659
4660
4444
4612
4731
4731
4849
4446
4938
4993
5136
5161
4497
4500
4449
4721
5068
4573
4574
5068
4679
5142
4452
5199
5220
4507
4456
4870
4890
5122
5177
4457
5031
5122
5031
5132
4459
4503
4461
4462
4463
4901
4462
4463
4987
5209
4547
4901
4902
5209
4493
4494
4659
4798
5201
4467
5034
4648
4649
4650
5143
4685
4686
5066
5128
4487
4472
4474
4475
5182
4475
4558
4866
4912
4912
5032
5037
5182
4642
4643
4554
4555
5215
4481
4884
4885
5150
4487
4885
4486
5117
4484
4485
4699
4485
4718
5145
4698
4699
4718
4885
4975
4552
4979
4491
4492
4502
5119
5129
5144
4492
4502
4511
4512
4514
4751
4514
4806
5144
4494
4848
5048
4587
5048
4496
4566
4498
4500
4499
4500
4500
5206
5240
4751
4504
4608
4608
5235
4506
5176
4508
4509
4509
4586
5120
4512
4513
4719
4751
4513
4514
4581
4580
4581
4719
4581
4806
4516
4517
4814
4815
5152
4672
4519
4624
4521
4878
4888
4888
4651
4652
4653
5110
4524
4745
5045
4644
4744
4745
4527
5042
5067
5069
5072
4577
5022
5023
5072
4532
4588
4530
4755
5044
4531
5074
5192
5074
4535
4536
4787
4973
4536
4537
4973
5007
4537
4622
4623
4539
4657
5008
4657
5149
4541
4647
4978
4647
4544
4545
4546
4863
5046
5047
4545
4863
5157
5211
5046
4549
4550
4551
4854
4550
4551
4611
4612
4772
4877
4772
4612
4731
4613
4979
4554
4948
4555
4559
4874
4922
4866
4594
4824
4916
4922
5131
4564
4565
4904
4565
4904
4905
5231
5085
5095
5096
4569
4570
5232
4570
4782
5232
4939
5214
4756
4903
4574
4576
5051
5052
5068
4575
4576
4576
4937
5151
5051
5118
5151
4578
4579
5022
5023
4579
5077
5022
4581
4583
4592
5049
4585
4685
4819
4957
5128
4685
4686
5048
4753
4754
4590
4629
4645
4592
4872
4906
5049
5050
5049
4594
4595
4595
4824
4916
4915
4916
4597
4598
5158
5070
4919
4920
5158
4917
5079
4603
5010
4603
5168
5243
5168
4605
4796
4607
5170
4694
5170
4610
4897
4964
4612
4877
4731
4979
4615
4962
4616
4691
4962
4617
4620
4621
4915
4929
4931
4915
4929
4623
4626
5241
4692
4734
4629
4696
4645
4631
4758
4759
5108
4758
4883
4995
4633
4634
4635
4636
4640
4634
4635
4801
4802
4801
4969
4636
4802
4856
4640
4869
4943
4944
4638
4639
4687
4792
4839
4639
4687
4703
4790
4792
5114
4869
4643
4969
5218
5245
5245
5138
4647
4978
4649
5143
5181
4650
5181
4652
4653
4689
5110
5197
4684
4688
4689
4690
4655
4777
4909
4909
4985
4682
4848
4793
4989
5149
4765
4766
5122
4660
5201
4720
4662
4663
4663
4674
4775
4791
4674
4746
4666
4667
4668
4867
4668
4668
4678
4678
4670
4705
5112
4705
4706
4707
4672
4982
5124
5124
5034
4790
4791
5114
4796
5117
4869
4942
4943
4783
5078
4828
5012
5142
4681
5107
4695
4747
4690
5133
5136
4686
5128
5066
4761
4837
4839
4695
4690
4732
4732
5064
5133
4962
4963
4693
4733
4734
4733
4697
4698
4699
5094
4698
4717
4699
4717
4718
5094
4701
4702
4704
4702
4704
5114
5219
4706
4728
4729
5112
4707
4728
4773
4808
4899
4773
4723
4749
4786
4813
4710
5018
4936
4712
4713
4847
4713
4761
4847
5024
5024
5025
5028
4715
4716
4785
4923
4716
4923
5056
5057
4818
4957
5057
5076
4718
4862
4862
4871
5145
5180
4722
4723
4724
5068
4723
4749
4750
5068
5191
4724
4749
4786
4786
4970
5203
4893
5035
4729
4899
4730
5112
4996
5112
4849
5064
4734
4735
4911
4958
4958
4911
4737
4743
4907
4740
4741
4742
5005
4741
5001
5004
5005
4742
4953
5013
5013
5082
4745
4843
4780
5045
4747
4803
4907
4750
5053
5191
4754
4815
5152
5044
4903
5200
4809
4892
5169
4759
4933
4995
4833
4959
5108
4799
4909
4910
4985
4837
4847
4826
4932
4764
4860
5000
4766
4767
5031
5122
5046
5047
4769
4950
4970
5203
4771
4772
4877
4906
4772
4906
4877
4774
4808
4791
4777
4778
4779
4778
4909
4910
4779
5092
5092
4781
5045
5045
5093
5227
5232
4784
5059
5059
5105
4849
4923
4787
4813
4813
4973
4789
5089
5102
4791
4792
5114
4792
5205
4839
5205
4794
4989
4823
4941
5230
5117
4799
5201
4985
4801
4802
4851
4852
4802
4852
4969
5063
4856
4907
4805
5135
5027
5105
5144
4899
4810
4881
5169
5177
4881
4882
5163
5178
4812
4836
5065
5186
5228
5065
4973
4998
4815
5152
4817
5190
5224
5088
4819
4957
5076
4951
4957
5128
4821
4917
4918
4895
4918
4941
4826
4827
5096
4827
5085
5096
5180
4829
4830
5142
4830
4891
4892
4892
5142
5175
4832
4833
4834
4835
5198
4833
4959
4834
4959
5108
4835
5197
5198
4895
5186
4838
4839
4839
5205
5205
4841
4842
4843
4845
4846
5087
5113
4846
4994
5123
4994
5048
4923
4852
5062
5063
5167
5035
5061
4891
4967
4968
5011
4859
5219
5000
5075
4862
4871
4864
5047
5157
4933
5157
4952
4970
5019
5020
4912
5115
4943
4890
5145
4873
4906
5050
4934
4935
5050
4922
4929
4930
5090
5134
4889
4888
4880
5181
4975
5036
4882
5177
5178
4995
4885
5109
5150
4887
4989
5122
4892
4968
5169
5175
5035
5186
4897
4898
5078
5090
4898
4964
5078
4902
5137
5137
5200
4905
5028
5126
5025
5028
5213
5104
4910
4985
4921
4958
4960
4961
4984
4916
4931
4922
4931
4918
5079
5079
4920
4971
5140
5158
4971
4958
4929
4931
5056
5058
4925
4926
4927
5101
4964
4930
4931
4995
4935
5001
5004
5049
5050
5004
5006
5095
5133
5136
5214
4943
4944
4944
5233
4947
5125
4996
5125
5153
4950
5128
4970
5020
5013
4955
4956
5015
5042
5043
4956
5014
5015
5016
5016
4961
4982
4984
4963
5041
4966
4967
5002
4967
4968
5002
4968
5011
5063
5218
5203
5236
4998
5007
5187
5036
5051
5052
5053
5118
5191
5089
4981
4983
4984
5124
4984
4987
5209
4988
5209
5149
4991
4999
5024
5098
5099
5039
5136
5123
5163
4998
5007
5012
5003
5007
5015
5075
5004
5005
5095
5009
5011
5015
5016
5043
5075
5021
5227
5020
5093
5227
5072
5073
5025
5099
5028
5099
5213
5027
5059
5059
5105
5126
5030
5054
5056
5057
5056
5058
5167
5122
5037
5182
5069
5072
5073
5100
5121
5136
5041
5043
5067
5075
5047
5050
5052
5118
5068
5191
5191
5057
5058
5076
5167
5105
5063
5217
5226
5217
5218
5192
5228
5069
5191
5072
5154
5155
5073
5121
5192
5228
5156
5081
5103
5084
5239
5096
5180
5087
5113
5102
5230
5227
5096
5098
5099
5213
5099
5213
5121
5216
5173
5174
5110
5150
5197
5198
5197
5171
5118
5151
5154
5155
5151
5129
5144
5221
5126
5127
5153
5127
5153
5136
5211
5141
5158
5147
5198
5155
5162
5225
5178
5166
5243
5244
5175
5177
5173
5210
5234
5174
5220
5184
5185
5212
5212
5228
5190
5228
5198
5220
5229
5234
5218
5245
5245
5237
5232
5241
5243
5244
5244
