38
802
1350
1408
1410
2
48
49
141
814
1409
3
92
141
320
1341
1409
4
90
92
108
320
5
90
108
110
964
6
110
576
955
964
1406
7
575
576
955
8
412
575
581
952
953
955
9
412
413
952
1325
10
413
712
850
1325
11
242
653
654
712
850
12
241
242
243
654
1033
13
243
1033
1221
1248
1286
14
1221
1222
1248
15
1222
1246
1248
1270
16
481
1246
1270
1289
1333
1364
17
481
482
938
1289
18
482
483
938
940
19
60
63
483
940
20
60
61
62
63
21
61
62
556
884
22
555
556
884
1251
23
555
645
1067
1251
24
397
645
816
1067
25
397
398
694
816
26
398
694
780
1091
1216
27
700
780
781
1091
28
699
700
774
781
29
699
704
774
775
1344
30
566
775
883
1166
1344
31
882
883
1166
32
296
297
882
1080
1166
33
296
1031
1080
1392
34
75
1031
1392
1393
35
74
75
365
1393
36
74
363
365
542
37
363
542
865
1024
38
473
865
1024
1321
473
1046
1172
1321
1350
1410
40
41
214
218
818
972
41
42
818
1044
42
214
215
590
591
193
264
591
1044
44
45
46
676
705
741
1004
45
46
118
151
151
152
675
676
118
119
120
705
873
48
49
67
69
755
756
899
49
756
814
141
899
51
52
408
409
836
837
52
603
611
827
837
64
65
409
603
54
55
163
932
933
1265
55
163
164
1240
318
319
802
1240
1265
57
58
59
454
485
511
58
59
64
66
451
641
451
452
453
454
66
511
635
717
61
757
939
940
1324
556
757
758
63
312
495
884
483
495
496
658
65
66
603
641
66
409
848
717
848
68
69
216
467
899
69
467
858
1123
1124
755
858
860
1376
71
72
101
102
103
588
910
72
76
588
961
76
910
957
991
74
75
210
211
1345
1375
75
211
542
1031
1345
195
957
961
78
79
80
89
431
601
79
80
868
931
349
601
930
931
88
89
489
677
868
82
83
229
231
380
554
83
84
158
160
209
554
84
380
1052
1068
209
715
804
1068
86
87
308
309
318
319
1301
87
862
1175
1176
1301
1342
309
862
1237
1238
89
275
285
488
489
275
431
874
886
91
92
964
965
1189
92
140
1107
1108
1189
140
141
94
95
96
180
181
434
95
96
198
204
181
198
888
889
204
434
563
1132
98
99
100
407
433
897
99
100
156
951
1042
618
620
897
951
154
155
156
407
102
103
828
829
588
829
1079
347
348
828
910
105
106
382
718
719
741
106
107
113
381
382
383
107
705
741
872
112
113
872
109
110
114
115
320
110
114
236
1145
236
576
112
113
422
494
558
648
113
315
317
648
872
383
422
115
116
475
1145
116
117
320
321
1017
117
475
480
604
303
604
1017
1180
119
151
251
763
120
251
252
752
317
752
753
873
122
123
124
230
343
344
123
124
800
880
344
345
876
877
880
229
230
232
800
126
127
128
533
535
790
907
127
128
129
131
769
535
543
769
129
196
790
130
131
147
196
233
927
131
132
821
927
928
132
769
157
769
770
821
134
135
854
941
947
978
135
136
946
947
136
875
941
166
273
799
875
946
138
139
142
235
272
975
139
142
588
589
961
589
747
771
975
141
216
217
1107
216
899
149
150
235
961
144
145
146
1165
1200
1348
145
146
1114
1116
1062
1063
1114
1165
184
727
1116
1348
148
149
196
233
149
150
194
195
196
150
233
234
235
195
961
152
153
165
169
763
153
463
675
165
463
464
602
155
156
197
205
744
180
181
205
407
744
745
1042
158
159
160
208
770
821
159
160
554
832
750
751
770
832
208
209
162
163
306
811
932
1181
163
164
306
494
558
164
932
494
497
1240
169
602
937
167
168
273
358
946
168
945
946
1261
356
358
1260
1261
762
763
937
1105
171
172
173
174
818
972
973
172
197
744
973
1047
174
175
197
205
888
174
175
817
818
1018
175
888
889
1018
1019
177
178
484
487
784
178
179
784
1106
1108
1274
179
487
647
649
724
647
1002
1274
1275
181
407
434
205
888
183
184
266
268
713
1348
184
185
412
413
712
713
185
727
1348
412
581
727
1284
187
188
366
367
1257
188
189
1257
1335
1336
1338
189
366
1008
469
470
1008
1037
1336
191
192
203
228
943
944
192
193
263
264
944
193
201
203
870
264
870
1044
195
196
790
791
956
957
957
961
790
205
744
199
200
204
889
962
200
204
945
1261
1377
945
946
947
962
202
203
870
871
203
853
854
871
908
228
853
1078
1132
1377
888
207
208
248
249
255
637
655
208
209
255
715
209
637
821
715
211
212
1374
1375
1399
212
542
706
706
707
1310
1399
214
215
218
219
336
415
215
218
334
336
590
217
467
899
466
467
468
1107
219
617
972
973
414
415
616
617
221
222
223
774
776
781
1032
222
223
919
920
948
400
948
1032
1058
776
920
1340
1389
225
226
573
574
724
1233
226
227
649
724
227
1141
1233
1234
649
1075
1141
1143
806
942
943
1078
230
231
232
380
231
343
832
554
832
380
799
800
234
926
927
235
274
926
272
274
576
577
1115
1145
238
239
240
360
650
651
239
240
330
1308
330
331
332
333
651
359
360
506
1308
242
243
1157
1276
712
1157
1221
1276
1385
245
246
570
1228
1390
246
247
1227
1228
1381
247
435
563
998
1390
563
1132
1378
1380
1381
249
250
253
254
255
250
271
274
655
254
271
294
646
252
763
859
752
754
859
1084
254
255
638
764
1025
638
639
646
715
764
257
258
259
1146
1147
1183
1209
258
259
729
730
731
731
1209
1212
1368
1369
729
939
1183
1324
261
262
265
295
639
823
262
265
270
294
747
975
295
746
747
264
789
792
793
944
591
789
294
639
646
267
268
269
1200
1348
268
269
401
519
1366
713
1157
1366
389
390
391
401
1200
271
272
294
975
272
274
294
274
975
358
799
800
655
926
283
284
285
874
277
278
440
473
1024
1254
278
279
473
1045
1046
279
426
428
1254
426
673
1045
1167
281
282
525
526
1223
1224
282
1154
1169
1205
1223
1236
525
1153
1154
1185
284
844
845
874
1178
1179
285
1136
1178
1288
488
718
719
1136
287
288
293
773
779
906
288
293
353
355
685
683
684
685
906
290
291
292
371
499
500
291
292
605
1101
1102
369
371
605
606
499
1101
1196
305
355
714
773
646
746
812
823
896
297
900
1131
1392
564
900
1022
1166
299
300
315
329
648
300
306
307
558
648
307
329
370
372
302
303
304
305
1016
1017
303
305
773
777
1180
1017
1180
305
714
815
1016
714
773
307
558
811
322
372
811
309
319
669
674
803
1195
674
1238
1403
311
312
313
971
1250
1311
312
313
314
495
496
1049
495
884
1250
314
539
540
971
540
1049
1337
316
317
329
648
317
329
720
721
753
753
872
873
319
667
1240
1301
802
803
321
1341
1016
1017
1341
323
324
372
811
1182
324
650
651
1182
1309
1319
1320
333
372
1320
1360
326
327
535
541
543
711
327
328
342
450
711
328
541
607
449
450
607
608
369
370
721
331
445
1159
1245
1308
1362
332
445
446
333
446
498
498
651
1320
1360
335
336
337
590
336
337
567
912
913
988
1048
415
912
377
379
590
1048
339
340
341
544
545
1208
340
341
524
643
644
644
921
922
1207
1208
524
525
526
544
343
344
345
450
711
344
711
750
832
345
447
450
877
347
348
349
430
601
348
349
350
828
410
411
430
910
350
601
930
989
828
831
989
352
353
354
355
570
1390
353
716
743
998
1390
355
685
716
355
570
714
1225
1347
714
357
358
373
374
702
1260
358
373
800
954
800
360
361
506
507
1271
1273
361
362
650
362
1271
1374
1399
650
1310
1319
1399
364
365
440
1024
365
440
441
490
493
490
1393
367
368
1008
1278
1295
368
982
1257
1312
1313
710
982
1278
370
371
606
721
371
372
372
500
1360
1360
374
736
878
954
702
703
878
376
377
378
379
789
793
377
378
553
636
812
379
553
1048
793
812
824
896
590
591
789
799
875
1052
382
383
1173
1174
719
1136
1174
422
667
1173
385
386
387
388
480
1015
386
777
778
995
1015
388
995
1372
1373
388
476
480
1220
1322
1297
1322
1372
390
583
1165
1200
391
392
583
1285
392
393
395
401
393
394
1139
1161
1285
394
395
396
1184
1138
1139
1184
396
401
518
519
518
1066
1151
1184
398
399
645
782
783
399
400
780
400
783
1057
780
1032
1057
1058
519
403
404
717
848
1365
404
405
406
687
1332
1365
405
408
409
696
848
406
696
1074
1384
1331
1332
1384
432
433
434
409
696
836
848
411
529
910
991
992
429
430
529
413
581
712
415
416
418
616
416
912
914
417
418
465
819
914
418
464
465
602
748
616
748
420
421
626
627
894
1034
421
423
548
627
846
423
424
841
1034
494
497
667
424
846
847
909
840
841
909
426
427
428
572
916
917
427
428
1167
527
528
572
1167
917
1252
1254
430
431
529
631
634
844
886
431
601
601
886
433
434
435
743
998
742
743
897
435
563
563
998
437
438
439
1126
1128
1349
438
439
442
600
684
760
761
442
1192
1349
1387
597
600
1126
441
1024
1254
493
1253
1254
619
761
801
1192
444
445
559
560
562
1160
445
446
1160
1196
446
560
1362
498
499
1196
448
449
450
877
890
449
890
1013
1014
1073
450
608
1073
452
466
641
642
976
453
784
976
1106
454
484
784
484
485
456
457
461
462
521
523
457
462
527
668
904
521
595
904
459
460
708
1280
1357
1386
460
643
1255
1256
1386
524
643
723
1186
1357
462
523
528
613
672
527
528
464
465
675
677
820
465
602
819
820
467
468
642
976
1123
1123
976
1106
1107
470
471
629
1008
471
472
1036
1037
472
629
630
1083
1036
1083
1163
1323
1024
1046
475
476
1114
1115
1145
1220
476
480
1145
480
1220
478
479
582
585
1135
1162
479
966
1134
1135
1398
966
967
1137
1162
604
1015
482
657
1364
483
656
657
658
658
485
486
487
784
486
511
512
1264
487
573
574
1264
574
724
489
718
1004
676
677
1004
491
492
493
1393
492
493
767
901
1263
901
1131
1392
1393
767
768
1253
497
558
496
656
658
1043
1049
667
1240
499
500
1360
500
1196
1360
502
503
504
1215
1281
1400
1401
503
504
505
1198
1354
1198
1335
1371
1401
505
1098
1109
1215
1258
1109
1287
1354
507
508
569
1308
508
509
1119
1273
509
568
569
568
571
1119
1120
511
512
530
531
635
1171
512
635
530
1231
1264
514
515
1085
1088
1201
515
516
517
1054
1201
516
1006
1088
1407
517
1006
1094
1168
1053
1054
1069
1094
1355
519
520
1150
1151
520
1366
1367
1150
1367
1370
1385
522
523
592
593
595
523
593
807
851
613
614
851
525
643
723
526
723
1185
544
722
1224
528
668
1167
572
672
634
992
994
531
1206
1230
1231
688
689
1171
1204
1206
533
534
839
840
841
534
535
839
907
535
541
841
974
541
543
537
538
539
540
1163
1164
1337
538
539
1235
1363
1388
1163
1235
1323
540
971
1388
1337
607
974
706
865
711
751
769
545
546
722
546
768
1208
1252
1253
722
917
959
1252
548
549
550
737
739
1051
549
627
739
846
550
627
628
996
592
594
996
1051
552
553
636
772
830
915
553
567
830
990
567
636
1048
832
556
557
842
1067
557
758
660
661
758
842
648
560
561
562
1092
1093
561
1361
1362
1092
1134
1361
1093
1160
1219
1132
565
566
1022
1166
1326
1327
566
775
776
1326
1389
775
1166
988
990
1048
569
571
984
985
987
984
1158
1159
1308
1228
1318
1347
1390
987
1005
1007
1120
1353
671
672
916
574
1231
1233
1264
724
576
577
581
1284
577
1115
1284
579
580
1087
1201
1202
580
586
587
1087
1217
587
1020
1202
1266
1283
1284
583
584
585
622
1135
584
585
1165
1285
621
622
1063
1165
1161
1162
1285
587
692
693
843
1217
843
1020
1023
589
961
1079
771
772
1079
591
789
593
594
595
808
996
807
808
595
905
1051
904
905
597
598
599
600
778
598
600
1125
1126
1133
778
995
1133
1290
600
760
778
779
906
760
748
937
610
611
640
641
1015
1180
606
609
1102
1103
609
720
721
608
895
960
974
895
1073
1156
720
1103
1193
1334
611
640
665
1124
1129
1343
665
827
613
614
615
1026
1027
1030
1170
614
615
672
851
1027
1040
671
672
1170
1404
617
748
833
833
834
973
1047
619
620
795
796
951
1192
620
801
898
1192
897
898
622
623
624
625
1062
1063
625
1092
1135
624
1062
1297
1322
625
1093
1293
1297
1092
1093
627
628
825
893
894
628
808
809
825
996
630
1008
1294
1295
1383
726
1082
1083
1383
632
633
634
844
845
633
634
785
924
994
785
786
788
845
994
717
1171
1365
746
749
772
812
655
821
928
639
869
950
1025
646
822
823
950
641
642
1123
1124
642
1123
644
1255
921
1255
782
1251
1311
649
1002
1009
724
1009
1075
1076
651
1319
1320
653
654
1033
1109
1286
1287
654
849
850
1109
1258
1033
926
928
657
658
691
1043
691
856
1249
1364
660
661
759
1146
1147
1148
661
842
1023
1148
758
759
663
664
666
1229
1379
1397
664
665
666
732
733
827
703
732
878
1379
666
827
1343
1343
1397
1173
1176
1240
1301
669
670
673
904
1167
670
673
674
1195
674
904
905
1403
672
916
958
1404
1045
1167
1195
1403
676
677
677
1004
820
868
679
680
681
1021
1241
1327
680
681
682
725
726
728
682
1326
1327
1340
725
1241
1305
1307
728
920
1340
684
685
761
801
903
760
761
906
716
742
903
687
688
689
690
1026
1028
1029
688
690
1171
1332
1365
689
1171
1029
1204
1028
1330
1332
1356
855
856
1043
693
694
816
843
694
1216
1217
816
1216
696
697
836
963
697
836
1074
963
1014
1072
1074
1358
699
700
701
1086
1091
1218
700
701
704
1091
704
765
1086
1088
703
1260
1379
1382
878
1379
765
766
1344
741
872
873
707
865
1012
1012
1118
1310
709
710
983
1089
1280
1357
710
981
982
983
982
1277
1278
1280
750
751
713
1157
1157
815
1225
764
804
805
742
743
848
1365
719
741
1004
1136
721
753
754
1334
959
1224
1185
1186
726
1304
1305
1383
728
918
1082
1383
1116
1284
918
920
730
938
939
1289
731
1269
1289
1394
1369
1394
733
734
735
736
878
734
827
837
838
892
735
879
892
736
876
879
876
878
954
738
739
861
1051
1237
1239
739
740
861
864
1035
740
846
787
846
847
1035
1004
743
897
898
903
998
745
834
1047
834
835
1041
1042
747
749
812
749
771
975
833
937
771
772
751
832
769
770
753
754
754
1084
1334
756
813
1376
813
814
815
758
759
1183
1324
759
1146
1183
906
801
763
794
797
859
1105
859
805
1025
766
977
979
980
1088
883
977
1344
768
1207
1263
1207
1208
1253
770
772
915
1079
777
779
775
776
781
776
1389
778
779
1015
1180
779
995
906
781
1032
1032
783
971
1311
971
1057
1388
1106
786
909
924
925
997
787
788
847
909
788
847
1035
845
1035
1179
793
791
907
907
956
1039
793
866
867
944
824
867
795
796
797
859
1244
796
1192
1244
1351
1387
797
798
951
798
1105
951
1041
1105
800
875
880
954
898
903
803
1197
1265
1408
1410
1195
1197
805
806
885
887
1068
806
942
1025
887
942
1078
808
809
810
851
970
809
996
810
825
826
826
970
1298
1181
1182
896
815
1225
1347
1376
815
1016
1341
1409
1016
1225
842
843
1067
818
870
1003
1018
1044
972
1044
820
911
914
929
931
868
931
928
823
824
867
950
824
896
867
896
826
893
949
949
1298
1303
837
829
830
831
830
915
1079
831
915
990
988
989
990
834
835
937
835
1047
937
1041
1105
837
838
963
838
892
963
840
907
925
997
841
909
997
974
1034
843
1023
1067
1023
845
874
886
1179
847
909
850
1098
1099
1258
1302
1302
1325
970
1040
853
854
885
941
1052
854
885
887
1078
908
941
978
856
857
1038
1043
1155
857
1249
1396
936
1038
1396
860
1124
1129
1130
1084
1244
1130
1317
1376
862
863
864
1237
863
1237
1342
864
1175
1177
1342
1395
1035
1177
1011
1012
1321
867
869
943
944
869
950
931
942
943
950
1025
871
1003
1044
908
1003
1050
873
886
941
1052
877
879
880
954
879
890
890
891
892
954
882
883
977
1081
1121
1122
1203
883
1080
1081
977
1344
1250
1251
887
1052
1068
1078
889
962
1019
891
1013
892
963
1013
963
894
895
949
1156
895
960
1034
960
1156
898
903
901
902
1021
1022
1131
1242
902
1131
1263
922
1242
1263
905
1051
1239
1403
925
1039
978
1050
997
991
912
913
914
929
988
989
913
914
988
1079
917
958
959
959
1252
919
920
1082
920
948
1082
1235
1340
922
923
1255
1307
923
1207
1242
1263
1241
1242
1307
925
993
994
993
997
1039
927
928
928
930
931
989
931
989
933
1010
1181
1010
1011
1172
1265
1350
935
936
1036
1037
1038
1336
936
1335
1336
1371
1038
1371
1396
1105
939
940
1289
940
1324
1052
943
1025
944
946
1261
947
962
978
1058
1235
1363
1156
1300
1303
1041
1042
953
1291
1325
955
1000
1001
1291
1000
1406
957
991
992
993
1039
991
959
1223
1224
1236
1404
1224
974
1034
978
1019
1050
1013
1014
965
1406
1189
1190
1191
1406
967
968
969
1398
968
1071
1137
969
985
986
1071
984
985
1158
1398
1040
1298
1356
1311
1388
973
1047
1034
1106
979
1203
1050
980
1203
1352
1353
1088
1353
1407
982
983
1140
1142
1259
1312
1312
1089
1090
1140
985
1158
986
987
987
1007
1071
1094
1168
1007
989
990
992
993
994
994
1039
1290
1373
1390
1000
1001
1002
1009
1076
1100
1001
1002
1191
1275
1406
1100
1291
1292
1009
1275
1018
1019
1050
1006
1007
1353
1407
1007
1168
1407
1168
1295
1076
1011
1012
1117
1181
1012
1172
1321
1117
1118
1014
1072
1073
1180
1017
1341
1019
1050
1023
1148
1266
1022
1241
1242
1327
1327
1148
1027
1028
1029
1030
1028
1040
1356
1356
1030
1204
1205
1169
1170
1205
1080
1345
1346
1286
1177
1179
1037
1038
1163
1164
1336
1155
1164
1356
1042
1105
1049
1155
1046
1195
1197
1197
1410
1155
1337
1239
1068
1054
1055
1112
1355
1055
1056
1201
1202
1056
1112
1214
1202
1210
1214
1283
1058
1363
1388
1363
1060
1061
1152
1230
1232
1061
1089
1090
1232
1234
1299
1152
1153
1299
1063
1114
1220
1322
1165
1065
1066
1110
1213
1339
1359
1066
1149
1150
1151
1359
1368
1151
1184
1339
1070
1071
1094
1113
1355
1071
1113
1137
1138
1094
1137
1073
1300
1358
1156
1300
1358
1384
1076
1077
1143
1077
1100
1095
1100
1143
1199
1081
1346
1122
1346
1402
1083
1235
1323
1323
1243
1244
1334
1086
1087
1088
1201
1087
1088
1217
1218
1201
1217
1407
1090
1299
1357
1140
1141
1234
1216
1218
1093
1134
1135
1219
1293
1168
1096
1097
1100
1199
1097
1098
1099
1100
1292
1098
1199
1215
1282
1099
1215
1258
1292
1302
1292
1102
1127
1196
1296
1103
1104
1125
1126
1127
1128
1104
1193
1128
1193
1194
1349
1107
1108
1108
1189
1274
1258
1287
1111
1112
1213
1214
1339
1112
1113
1138
1184
1339
1113
1214
1355
1138
1355
1115
1116
1220
1116
1145
1284
1284
1118
1181
1182
1309
1309
1310
1319
1120
1121
1122
1273
1121
1352
1353
1122
1203
1352
1272
1273
1402
1124
1129
1126
1127
1133
1188
1128
1188
1296
1349
1130
1343
1317
1343
1397
1392
1377
1378
1187
1188
1290
1135
1361
1398
1174
1288
1138
1139
1161
1162
1139
1184
1161
1141
1142
1142
1143
1234
1143
1144
1259
1144
1199
1199
1259
1391
1147
1183
1148
1209
1211
1266
1266
1150
1268
1368
1369
1370
1151
1370
1153
1154
1205
1206
1230
1154
1185
1186
1299
1205
1164
1337
1300
1276
1366
1159
1245
1361
1398
1245
1308
1196
1219
1314
1315
1162
1285
1164
1323
1337
1200
1170
1205
1236
1236
1404
1365
1321
1350
1174
1175
1176
1175
1288
1395
1176
1342
1395
1301
1178
1179
1395
1179
1288
1395
1182
1309
1324
1339
1186
1299
1357
1188
1290
1314
1315
1316
1373
1296
1314
1190
1274
1191
1274
1275
1275
1406
1387
1194
1243
1334
1243
1349
1351
1197
1296
1314
1410
1328
1329
1354
1371
1396
1282
1391
1348
1202
1283
1352
1205
1206
1206
1230
1208
1263
1210
1211
1212
1211
1212
1213
1214
1283
1266
1283
1213
1359
1368
1214
1359
1281
1282
1217
1218
1218
1293
1315
1316
1322
1222
1267
1385
1267
1270
1224
1236
1347
1227
1228
1229
1317
1397
1228
1229
1379
1381
1317
1318
1379
1397
1231
1232
1232
1233
1264
1233
1234
1234
1323
1363
1404
1238
1239
1239
1403
1403
1242
1307
1244
1334
1351
1351
1361
1362
1247
1248
1249
1364
1248
1249
1328
1329
1286
1328
1329
1364
1396
1251
1311
1311
1253
1254
1254
1256
1307
1305
1306
1307
1386
1313
1338
1400
1312
1313
1391
1261
1262
1382
1262
1377
1377
1378
1380
1382
1350
1408
1283
1268
1269
1270
1370
1385
1269
1369
1370
1394
1270
1289
1333
1394
1333
1272
1273
1374
1375
1273
1375
1402
1275
1366
1367
1385
1278
1279
1280
1306
1386
1279
1295
1294
1295
1304
1306
1386
1282
1313
1400
1313
1391
1287
1328
1328
1354
1395
1333
1373
1292
1302
1325
1302
1297
1316
1372
1295
1304
1383
1314
1322
1372
1303
1330
1331
1356
1357
1303
1358
1405
1325
1331
1405
1305
1306
1383
1306
1307
1386
1319
1319
1399
1313
1391
1400
1315
1316
1372
1373
1318
1376
1397
1347
1376
1327
1340
1389
1329
1354
1396
1331
1332
1356
1332
1384
1405
1336
1338
1371
1401
1400
1401
1389
1409
1397
1346
1375
1375
1402
1376
1351
1387
1408
1387
1353
1407
1384
1405
1368
1362
1398
1388
1367
1385
1369
1394
1385
1396
1373
1375
1399
1402
1378
1380
1380
1381
1382
1381
1382
1405
1393
1401
