7.699966749638983484e-15
7.699966749638983484e-15
7.429513783330878418e+00
1.485582328968718002e+01
2.227560398924395102e+01
2.968528390550214979e+01
3.708088832572452276e+01
4.445784663784637303e+01
5.181073219134334806e+01
5.913289790950818769e+01
6.641594389528428621e+01
7.364890271251934450e+01
8.081694474509167492e+01
8.789921191819506419e+01
9.486498700886089352e+01
1.016664583671337994e+02
1.082239578330479048e+02
1.143929461071797959e+02
1.198836136160715000e+02
1.240671308298521041e+02
1.257500000000000000e+02
1.240671308298524025e+02
1.198836136160719974e+02
1.143929461071805065e+02
1.082239578330487006e+02
1.016664583671345952e+02
9.486498700886171775e+01
8.789921191819570367e+01
8.081694474509227177e+01
7.364890271252004084e+01
6.641594389528512465e+01
5.913289790950896219e+01
5.181073219134361096e+01
4.445784663784642987e+01
3.708088832572445881e+01
2.968528390550221019e+01
2.227560398924369878e+01
1.485582328968745003e+01
7.429513783330937038e+00
-8.804325165494837790e+01
-9.221922103687194294e+01
-9.520210853173060173e+01
-9.792811502280176228e+01
-4.733185759744929300e+01
-4.794400763062436255e+01
-5.372450416410063667e+01
-4.101061933663356740e+01
-7.414692466602724963e+00
-4.655038387336365879e+00
-2.237743661094190095e+00
-2.709360496092169157e+01
-2.652902644075085092e+01
-2.038076981248751096e+01
-4.509892511089742761e+00
-1.037108997686249978e+01
-1.029911356415295920e+01
8.159845006650683352e-01
-5.798404763301538090e+00
1.031558808412631034e+00
-5.175504684341140305e+00
1.206606660008639977e+02
1.242995217605014062e+02
1.241921073889025990e+02
1.206147001645742023e+02
-1.428626781977584947e+01
-1.681064345405168936e+01
-1.159875843811141927e+01
-7.110825567083447041e+00
-1.107101800717491003e+01
-1.334503610828475040e+01
-9.865326111594313829e+01
-1.009581698588449967e+02
-9.587133134131549639e+01
3.708796482211420908e+01
3.280984747319885031e+01
3.966862717567799734e+01
-9.821065838123794833e+01
-7.153973055855377083e+01
-7.215972915837872392e+01
-7.705906958156677433e+01
-6.570015630364831338e+01
-8.719630673752857319e+01
-9.346807836938685909e+01
-9.104175506216087399e+01
-9.824434169936266414e+01
-2.115962216810331142e+01
-2.898884382769454149e+01
-2.698651084000585954e+01
-6.021133908234868670e+01
-6.583110491766210259e+01
1.900507332887429968e+01
1.374432996277628050e+01
1.017679937068884932e+01
-5.833985804497312699e+01
-6.108402238563795095e+01
-6.413612043262972406e+01
-5.478161708190985735e+01
-4.780946309415357121e+01
-5.112932270320653316e+01
-4.456504775210102309e+01
-5.425672471862736757e+01
-9.889767594000946360e+01
-1.038590822210208984e+02
-9.385416086964067972e+01
-4.082761466616005208e+01
-3.423400642703788321e+01
-3.782961432035575200e+01
-3.176433016697832912e+01
1.772830407873455982e+01
2.224436448790450171e+01
2.482795170636292070e+01
-2.161986957708312929e+01
-2.592639048402358881e+01
-2.780156914487681874e+01
1.836140687135507932e+01
1.147705173316733962e+01
1.466169317805593941e+01
8.233223816150918140e+00
-4.428880662446466943e+01
-3.728294768539245752e+01
-3.263514539453240815e+01
-7.124228409486724445e+01
-6.855622827542890718e+01
-6.364681557672675893e+01
-7.316794497295310862e+01
-8.071354815883091760e+01
-8.773077054416657461e+01
-8.106024589375417122e+01
-8.921889735869696381e+01
-9.586977478601369285e+01
-9.724636342743059458e+01
-9.205584778069973595e+01
-9.262401027816933663e+01
-8.145031704676439688e+01
-7.690973695098269047e+01
-8.061289798838552656e+01
-7.581474485929715001e+01
-1.153081850306223970e+02
-1.110584845276527943e+02
-1.173734225363282064e+02
6.634721216148237843e+00
3.077177516041437855e+00
-1.088601120626196064e+02
4.810513382529767767e+01
4.266778893785063786e+01
4.188258724890469864e+01
4.677825246146978344e+01
-9.998973368853130239e+01
-9.962441712408673311e+01
-1.052721556056959997e+02
-1.038144961770863972e+02
-5.241070906267268015e+01
-5.756859270015235808e+01
-5.955286664906728333e+01
-6.012529173394683824e+01
-5.756110317791416264e+01
-5.736999552466753727e+01
-9.392264809184605667e+01
-9.003254766180162960e+01
-8.631491454159834120e+01
-9.634646985812379683e+01
-4.261984841377143951e+00
-1.092702608014839072e+01
-7.558009560349531419e+00
-1.313357727743975012e+01
-5.680524036493009277e+01
-6.968673685152408837e+01
-6.683204364648221940e+01
-6.319506366220784344e+01
-5.171229648064559115e+01
-7.688350754021550415e+01
-7.006282495643488062e+01
-7.073018860789387929e+01
-8.061350018523778260e+01
-7.615067208170147239e+01
-7.459848241377329714e+01
1.633664061310512139e+01
1.794032549508554908e+01
2.363337502896207099e+01
2.602355335124050839e+01
-5.489247745514992260e+01
-6.070309944802642832e+01
5.657129433929164719e+01
5.427785195697823895e+01
5.068673899621943946e+01
4.718425478281948671e+01
6.946006717048209111e+01
7.548695902531355273e+01
7.307578167951656667e+01
7.975145629788187307e+01
-1.061952381541721024e+02
-1.045771488463983019e+02
-1.006414444450529970e+02
-9.936374118291649893e+01
-9.343208277347682156e+01
-9.954300876990924962e+01
-9.382378745165314626e+01
-6.577051884699986317e+01
-6.697762903169754622e+01
-6.403429634757431188e+01
-7.028842609324227908e+01
-9.666048261333975233e+01
-9.439411007095357320e+01
-1.004675207367424008e+02
-6.016313658999570890e+01
-6.327713006184149691e+01
-1.104543049572682065e+02
-1.069387451881416951e+02
-1.020079526256077997e+02
-1.011288251274469019e+02
3.370363027860471306e+01
3.025620414979499984e+01
2.827170219210803026e+01
-8.639768955903409164e+01
-8.892532636760996922e+01
-9.324875473593571940e+01
-8.819342693019162072e-01
1.950045984355927908e+00
-8.196697101689586873e+01
-7.945643693182168477e+01
8.855156908719210662e+01
8.871449682552915306e+01
9.478137262547168973e+01
8.414055270425947697e+01
2.662837016374977139e+01
3.187368675768867021e+01
3.302743575599472337e+01
3.748527954950682783e+01
-1.068889317346767029e+02
-8.055141045178734771e+01
-7.692771212696476368e+01
-8.330868652481869674e+01
-7.643483718695915741e+01
-1.036552506515978962e+02
-1.087225791812353037e+02
-1.121502830516877935e+02
2.910546599448634097e+01
2.807270959307689040e+01
3.120045731387860144e+01
2.379493852596847958e+01
3.494957297333335333e+01
7.307028837478507910e+01
6.841608342799789000e+01
7.819692688773633904e+01
-3.487751783235759717e+01
-3.963216231042545701e+01
-4.113023820945016951e+01
-4.707452148767013256e+01
-1.165735152123100988e+02
-1.161957954678253060e+02
-1.210448604010308031e+02
-3.891597374400001286e+01
-3.351487717639690800e+01
-1.160305955319466023e+02
-1.208204088452039997e+02
-1.116874132277050933e+02
1.095369621224632937e+02
1.070835284326559957e+02
1.024576689951735062e+02
1.127195818389845954e+02
-1.256074359454947000e+02
-1.242993991744565960e+02
-1.239456297531398974e+02
-1.095624139426809052e+02
-1.045841364438748968e+02
-1.253735372846209941e+02
5.970382800602909157e+01
6.599661893545685132e+01
6.350408855109615303e+01
6.180699365954843216e+01
-1.214646722808727048e+02
-1.200264242519356941e+02
-1.176997954674237974e+02
-7.096856625439147592e+01
-1.142709742303433984e+02
-5.840098930422455226e+01
1.550204098765101968e+01
7.638824762095596022e+00
1.139721203398269012e+01
3.662482758292678220e+00
2.187746862415423976e+01
1.648281976484722122e+01
2.369169473424177141e+01
-5.835362440552775354e+01
-5.188432425702912099e+01
-5.262027312429675874e+01
-1.445147473601005039e+01
-2.085659070619839994e+01
-2.034817430847298070e+01
2.437597847438897958e+00
-1.282689820069651931e+00
-3.853180760781683034e+00
4.730000914085689345e+00
-1.445148948606155059e+01
-1.235711657868233004e+02
-1.232133898984911013e+02
5.356831383012359282e+01
6.026429595364732705e+01
-1.430219771816381957e+01
-1.071751650373207987e+01
-7.360387684613368897e+00
-2.477899471594374958e+00
-2.103453559623222002e+00
2.273609931554716024e+00
-7.670211247022413303e+00
-8.259818588817333662e+00
-7.044488163486668064e+00
-2.839486350760668021e+00
-1.385173513788394928e+01
-2.061979946303288003e+01
1.172856375955854986e+02
1.166113610870901027e+02
1.216714974090405974e+02
1.129600275685275932e+02
1.119008696402045047e+02
-1.984346036467547947e+01
-1.914731397993964990e+01
-2.680961135705884146e+01
-1.861321791373769940e+01
-1.251642817120285045e+01
1.004558332458310055e+01
5.258638911083465928e+00
5.089741860793991712e+00
1.475688727017005952e+01
8.603052208776672316e+00
-7.037463159587267114e+01
-6.653127696881274744e+01
-6.496116785882399824e+01
-5.942455181989026158e+01
-1.249406543965769067e+01
3.149593964604810026e+01
2.355386852398103059e+01
1.805517954842363082e+01
1.522412247288047915e+01
-9.622182337324457535e+01
-9.657193027548427722e+01
-9.109132367482811787e+01
-1.017245200802203016e+02
3.389426213144945166e+01
3.822415016198169013e+01
4.088565713681005320e+01
3.172818127471473915e+01
-6.698718612930912286e+01
-7.438625938858619691e+01
-6.822090950826994060e+01
-6.218278322659416091e+01
-8.269056292377594275e+01
-8.868295123209821895e+01
-8.666258482492432336e+01
-8.367721413615527126e+01
-9.046054067280859101e+01
-2.862611375854390161e+01
-3.353220638658542185e+01
-2.750334347517818046e+01
-2.119895404013700002e+01
-2.185401360987467001e+01
-5.857384345317463215e+01
-6.156910956788195222e+01
-6.572314629239942008e+01
4.001202066217769726e+01
3.162153210391056035e+01
3.454597528082624081e+01
2.777007974204816065e+01
2.634736640732431923e+01
2.970913504028460039e+01
3.282759958904158282e+01
6.794121278426000288e+01
6.264701951425274018e+01
6.111504181010950276e+01
-7.803456620155846402e+00
-5.983357133291312024e+00
-4.935026610756942933e-01
2.800711980782423782e-01
-5.581920407484675195e+01
-5.239143102883070924e+01
-1.112479930360314029e+02
-1.125851287407379999e+02
-1.068415681658857039e+02
-1.163739437566886039e+02
-1.056694727627093044e+02
-8.394393206596430446e+01
-3.461228345432486719e+01
-3.960499604088308701e+01
-2.960589259948615037e+01
1.443461520793847974e+01
6.810862344853662265e+00
1.272812109809762937e+01
2.060575279724483977e+01
1.965247424763963835e+01
5.465587383651713793e+01
5.988926340085623679e+01
6.655437550975554473e+01
6.338784689072272727e+01
7.048577264134978293e+01
6.940272573461970751e+01
7.306432220036428760e+01
7.742233163462142898e+01
1.118489090114140936e+02
1.050556354464843025e+02
1.069106569593071043e+02
1.006029373860241947e+02
6.858979779323996695e+01
-1.604668112574175964e+01
-1.752568105799502973e+01
-2.234480644231523172e+01
-2.492002232483480029e+01
-2.288531331394714030e+01
-4.980704787508860676e+01
-2.714080309084911136e+01
-2.185747572087664992e+01
-8.566563104126412043e+01
-8.100453840902149238e+01
4.990565747653050011e+01
5.633445852772310047e+01
-7.710753825780489024e+01
-8.326369019860271692e+01
-7.617618694001868107e+01
-6.919477221705622583e+01
-7.175477209042017535e+01
-5.015441648868714708e+01
-4.899225333598685239e+01
-5.562899578366901210e+01
-2.361432351495847115e+01
-5.524171023512452905e+01
-6.042141414124952092e+01
8.708461587290274863e+00
7.270728238004807054e+00
2.421427346252098101e+00
1.429324114788414057e+01
-7.388355722571563433e+01
-7.864859263867822392e+01
-7.335495451932992239e+01
-4.380053707058443990e+01
-4.251870863656456123e+01
-5.047764594854248088e+01
-4.458070729400282772e+01
-1.669495834476773055e+01
-1.901717697739780988e+01
-2.388679446556875163e+01
-1.191300534634292951e+01
2.148579643948633944e+01
2.600811041785824074e+01
-2.702197392313600943e+01
2.556285989094390132e+01
1.939449277729601917e+01
2.571068672633609964e+01
1.683619699263399028e+01
-5.513883981122715738e+01
-4.857738119517586739e+01
-5.295762014239735294e+01
-6.096233263960915849e+01
-2.521668563915254069e+00
4.792068688204895288e+00
7.056438329388907249e+00
5.874999960135202315e+00
-1.221719922912392953e+01
-1.066822163532082079e+01
-1.645023118423910091e+01
4.604584951276770255e+01
4.671277404549398682e+01
4.016693720561710279e+01
-6.404461991251371167e+00
-6.572742615858791382e+00
-6.393551941705411679e+01
-6.498918355275466752e+01
-7.024768627247753727e+01
-2.353638846305996069e+00
-5.406101547345093294e+00
3.927174835971250833e+00
7.932869416986137878e+01
8.498726683628883904e+01
8.221191922208018354e+01
8.863423621539807584e+01
1.162773383899805069e+01
2.854850261428347125e+01
2.087765313376199927e+01
2.265165374512703877e+01
5.075576219503913222e+01
4.889863160502245876e+01
5.524572377794604705e+01
1.620693497466816879e+01
1.056955188175689955e+02
1.112574382940542961e+02
1.169809068289848994e+02
1.199840811643418981e+01
8.868101388235372085e+00
1.614310475402249878e+01
1.935405864962022093e+01
-5.453638637466605843e+01
-5.917772299541410064e+01
3.717416799334162647e+01
4.065965417802667048e+01
4.385312890996915769e+01
3.378809130716353337e+01
-1.680045905496701053e+01
1.204733128274132952e+02
1.159439315324943038e+02
-1.970760652664062107e+01
1.211809754823348939e+01
9.359245042041287377e+00
6.512221836577421819e+00
7.109892894990900913e+01
7.728385950856434761e+01
7.957464690569221943e+01
6.935015149933971657e+01
7.488181203138061903e+01
4.181738193159792161e+01
4.591424271550349800e+01
4.754747728507520321e+01
5.338547348767914258e+01
4.229918835304358637e+00
2.631837367406783201e+00
1.038093051854857052e+01
8.254736111684262312e+01
8.156692534858706267e+01
7.745724454693157668e+01
7.536216779468551863e+01
7.863212082380503887e+01
7.894182087408174198e+01
7.404471804078630726e+01
8.132551272874907511e+01
-1.932712223954624164e+01
-1.907231458893966902e+01
-1.283039033844178967e+01
3.631149319542510767e+01
2.909355821484886917e+01
2.482114001488492150e+01
-3.791462857318228963e+00
-1.653905392533608021e+00
-7.989698661616493780e+01
1.107925120945838948e+01
4.101757347499845885e+00
-6.896127586673733845e+01
-7.381619163752931456e+01
-6.805732969298438206e+01
-7.370991928633684154e+01
1.029288235493446990e+02
1.022606473589977014e+02
9.841655198601313259e+01
1.080305299326835069e+02
1.073052001095751962e+02
-6.671074700664996726e+01
2.595921938275954943e+01
-7.645148200759551571e+01
2.709098532917298030e+01
2.839502235407368147e+01
2.166708939634246889e+01
-3.713133638670093717e+01
-4.324776796248352184e+01
-3.860747322240872847e+01
-3.229969122491908706e+01
-1.089689176344357975e+02
-1.046416249232776039e+02
-1.081627843985437067e+02
-8.761042072339327547e+01
1.216463181048191018e+02
1.241819972638994045e+02
1.204428619014612991e+02
-1.433135389161721029e+01
3.082263363130685008e+01
3.138527704011166009e+01
3.674945785718445279e+01
2.519947715206117067e+01
-4.888131610486701106e+01
6.778118693233010106e+01
7.576314817038075944e+01
7.146759491295580347e+01
-1.012908292647627064e+02
5.340152370285891692e+01
4.506688785722671753e+01
-2.803085848221660825e+01
5.983283555388906194e+01
4.498826795888052565e+00
2.151349210187905925e+01
2.160195920093133992e+01
3.896567634303585237e+01
3.187907023381887939e+01
3.469654962321560987e+01
9.661944281563680192e+01
1.009858716847410989e+02
1.012925528078358042e+02
4.419356020087285231e+01
4.797880209912437266e+01
5.249783353206908032e+01
4.576223580382266221e+01
5.403862388958567919e+01
1.047471161205288013e+02
1.069553898424017007e+02
-1.065038462944242070e+02
-1.129104991127769040e+02
-9.883034105305674188e+01
-1.014995518078998060e+02
-2.656257512801436960e+01
-2.460249551909953070e+01
-2.665217623988328910e+01
-2.129052537676550827e+01
-5.625061955178290773e+00
-5.605141483177577655e+00
4.690897082302310228e-02
-8.465261227594034210e+00
-1.116745238771740034e+01
-7.766503081957027632e+01
-6.257699695513330340e+01
-1.938202829963535123e+01
1.041037892220868954e+01
-8.135802321662875869e+00
-1.124351501994309999e+01
-5.932888405293593337e+01
-5.211698077942327956e+01
-1.465915978929429997e+01
-2.154221516396560077e+01
-2.581251428090304145e+01
-1.893681860647423054e+00
-4.673819468617932849e+00
-9.937504394395151763e+00
1.516892138595713924e+00
-7.233965807642198342e+01
-7.272377401066158598e+01
-3.961628478681115695e+01
-3.364654296377315745e+01
-3.885968513426138315e+01
3.787676515745385331e+01
4.169639154559469318e+01
3.194045875411570989e+01
3.035614173479600097e+01
3.531818743725651899e+01
-4.284783261162102974e+01
-4.344760756621541020e+01
-3.675979478629255226e+01
7.519774405781267035e+01
7.933772164784049608e+01
-6.961541417587456237e+01
-7.249350126472035072e+01
-6.549190764791076447e+01
-7.527926474445862937e+01
-3.953951607313753946e+00
-1.142623464097369066e+02
-1.050959377894453013e+02
-1.197579492804187993e+02
-1.243141069547548057e+02
-1.394563594324175959e+01
-1.059199939510524047e+01
-6.836765458970020859e+00
4.223970524006067961e+01
4.336107302914808059e+01
1.174341065538582995e+02
-1.239394105895542992e+02
3.019420059244286847e+01
-1.779604782228924975e+01
3.294226751474891302e+01
2.380719549622899933e+01
2.039474052007068039e+01
7.525041127134576868e+01
6.722954052935391189e+01
7.238685436567759268e+01
-1.101605442394700987e+02
1.114937788911966976e+02
1.054226082197142063e+02
1.154532636854986976e+02
1.144783957435132038e+02
1.160119555407322025e+02
1.188175244093901028e+02
-3.822190510386059970e+01
-3.753143850206627263e+01
-4.425630206665245936e+01
-2.887815848286410159e+01
-3.238919789652737791e+01
-2.479520613643790838e+01
-8.277221719574132663e+00
-1.114680380868644072e+01
-1.617275802536159901e+01
6.049888157728345206e+00
-6.261729532485164063e-01
-4.059975540309383568e+00
-1.633787404443112123e+01
-5.903276385064580722e+01
-5.610035453786068160e+01
-6.390996212940932963e+01
6.602013884438005675e+01
7.298228079926705902e+01
7.311968724872643577e+01
6.443822703578099720e+01
7.743813960316586531e+01
-2.471965316233762877e+01
-1.939158265830618078e+01
-2.695052819199132088e+01
-4.651988323429756989e+00
-9.267819121467955057e+00
-2.389235082089311124e+00
1.177270882470965896e+00
-1.089531996778748990e+01
1.064906207820364017e+02
1.077145624510782937e+02
1.031670618271876947e+02
1.056866530747872019e+02
-3.511404274973904904e+01
-2.972552267227624867e+01
-3.587283724883535996e+01
9.000195452219580261e+01
8.550618550682818864e+01
9.082976181413752670e+01
8.415007979106543701e+01
-5.247046579661630972e+01
-4.827160283058410783e+01
7.998105665171848955e+01
-4.034499255031995801e+01
2.356201242006850904e+01
2.201272571558848057e+01
4.624835309639056646e+01
5.082608488428873272e+01
5.448359559705529875e+01
-7.291452341049762254e+01
6.173692415474010886e+01
6.127522776305723795e+01
-1.437740147419416026e+01
-1.053966052215803018e+02
-3.238173624249383664e+01
-1.074549028548316976e+01
-4.825323264947130752e+01
-4.584626564967999940e+01
-1.966844394288161979e+01
-1.335206847335408042e+01
2.181821310802648028e+01
3.498669735198043895e+01
2.604395175157845088e+01
7.004375632036742161e+01
7.792089702562145703e+01
4.418389423728167031e+01
7.880904381836575112e+01
1.101800155831311940e+02
1.045462064417165067e+02
1.025995311938360999e+02
-4.566585227313822770e+01
-3.955553313376682212e+01
-4.613564252136198718e+01
-5.055906987562487842e+01
-5.296884849335773282e+01
-3.680268221351361291e+01
-4.384374388447559312e+01
-4.327554157138094126e+01
-4.978773470013552327e+01
-4.387952780417499810e+01
-3.493519626716246762e+01
-3.736641753595608151e+01
-6.354362245440663060e+01
-5.862926242021777767e+01
-1.205380830924676019e+02
-1.209796625104874011e+02
-6.667418846947876432e+01
-1.181711268851782961e+02
-7.944729570935194829e+01
-8.155739574547979487e+01
-3.142626103491414824e+01
-2.582790036394236921e+01
-2.632949259263016017e+01
-1.311556684449690025e+01
-9.287884525970120819e+00
1.203221529384135948e+02
1.224589156828773042e+02
1.178134142197175009e+02
-1.418813823910103977e+01
-2.439800636759693120e+01
-4.512955336182736943e+01
-4.514745376196101745e+01
-1.117730468061801048e+02
7.612300053214997320e+01
7.405181826290396430e+01
3.837329542200640731e+01
3.340777744962068851e+01
-8.478842168744438368e+01
-8.794791424998433627e+01
-1.173624110719764957e+02
-1.130999791602977069e+02
-7.944217806983341568e+00
8.556433128893874596e+01
7.797810030661781866e+01
8.212872322607684339e+01
1.527050029015918908e-01
-4.159356913812014001e-01
-6.894672377415908215e+00
9.955382363389300338e+01
9.174033067013043308e+01
1.139251465500128973e+02
1.095715548832393011e+02
1.123236459266115084e+01
-6.901107667714704519e+01
-6.102274604959910675e+01
-5.486144890494664139e+01
-5.723035956154930659e+01
-1.085663942879774027e+02
-8.754853236565175223e+01
-8.603134993576598788e+01
-1.135848001347754064e+02
-1.142188807096441963e+02
-3.914195188519673252e+01
-3.506191453821416104e+01
-4.241837898513458072e+01
-4.549522176560436293e+01
-4.767009414791338884e+01
-7.650457028359861056e+01
-6.866526078912389153e+01
-2.931960622197503952e+01
-5.943954853878394395e+00
-8.231797333070144163e+00
-1.013810422883429965e+02
-1.088893879659895987e+02
-1.061071341262225047e+02
-2.401452041053113007e+01
-2.982299817012201970e+01
-3.150962468911297165e+01
-2.567861261301808895e+01
3.628072153642015185e-01
-1.186058452559936995e+02
-1.463564832176657937e+01
-3.677891594913603956e+00
-9.562124403991267840e+00
1.123579578833120962e+02
-8.687166631396817706e+01
-8.537373209466349522e+01
-7.836843096129535979e+01
-7.006756940699450809e+01
-9.844595964628358331e+01
-1.224221195353515981e+02
-1.239578423635046960e+02
-1.202828747931825006e+02
-3.807494895697492865e+01
-3.157200104479117897e+01
-3.214111637569919111e+01
-9.616260417175107023e+01
-1.026274993150574062e+02
-1.019410956421019989e+02
-9.598024229740386204e+01
-8.216420821956377551e+01
-6.486550052131116217e+01
-6.482942891176068656e+01
-5.814831837542776327e+01
-3.294171145707061754e+01
-3.275566544737282726e+01
-3.735065842997094876e+01
-7.288530502929003774e+01
-6.689202113069056566e+01
-6.274727634871513260e+01
1.170758938934068993e+02
1.110566477296182057e+02
-6.623350433023711048e+01
-6.175973519037111714e+01
-4.887857981084813019e+01
-5.648806311059200880e+01
-1.629557527118739912e+01
6.110875721610339184e+01
6.101984082215420102e+01
-1.686494207763296060e+01
-9.103488640221975459e+01
-9.561836019354967675e+01
-8.917329259616631987e+01
1.034378941473704998e+02
1.009816331912275018e+02
9.692992777559173589e+01
-1.712311812831558910e+01
-3.777727402265406909e+01
-1.973588292295325886e+01
-3.862492697167306233e+01
-3.317152834769432701e+01
-3.945095938362735666e+01
-4.320183348445944915e+01
1.901305138481647106e+01
-1.144935468966221066e+02
-1.180651396896594036e+02
-6.931101259784223600e+01
-1.163570801602415941e+02
-9.250181128444864953e+01
-9.016828743785109168e+01
-3.254382146508199014e+01
-3.477267121623833646e+01
-6.361256882556440218e+01
-8.188530232908310325e+01
-5.714312453307662309e+01
-5.672022695665943814e+01
-4.961450948719762977e+01
-5.055731600740193699e+01
-6.355142027484006206e+01
6.094849508186239717e+01
6.051681122315938666e+01
6.884736437567823941e+01
1.242895327876945970e+02
-9.567828005541954894e+01
-6.877756537325906550e+01
-9.982920585173117445e+01
-6.667997202377615906e+01
-7.069757223117271394e+01
-5.072840549524210729e+01
-4.635042066383849857e+01
-4.352350606551325285e+01
-4.447006023363685046e+01
-5.051542341724024965e+01
-5.153739070680383350e+01
-1.208607412163864012e+02
-4.055140401537889261e+01
-3.486330948423847786e+01
-2.566487906618951875e+00
5.394396398320986208e+01
4.725701406749922029e+01
4.931789539330934247e+01
-3.031501754620308020e+01
-1.611619521918839126e+01
-2.326526328287346956e+01
-1.335567260044443039e+01
-7.932826145281686081e+01
-8.843548751889771609e+01
-6.287730446129530293e+01
-9.183039964680625644e+01
-8.628895377665668320e+01
-8.853459653396247120e+01
-9.172107006551028974e+01
-8.148638613737033154e+01
-1.073999020195811056e+02
1.030059486409959923e+01
1.462944397480499070e+01
8.375396489165665059e+01
8.906913706374041340e+01
8.353897277414793621e+01
4.845179565595130100e+01
4.708901124701934293e+01
5.254051838388735263e+01
-7.501498980972976938e+01
-7.562863184956975715e+01
-1.078230733406025053e+02
-1.021398671561639020e+02
-1.037962057865182004e+02
-8.234541331188160029e+01
-8.158763752352849963e+01
-7.631381914721407611e+01
-6.789897885051020543e-01
2.903708909979671127e+00
8.975926334307240495e+01
8.645838488311895276e+01
9.187910518465031373e+01
-5.876447320405876695e+01
1.124439539356626057e+02
1.158292777473230046e+02
1.171286458442823033e+02
-8.530185784175094454e+01
-1.109940875933213960e+02
-1.112826812349481997e+02
-1.101732692474125059e+02
-6.699440340637642066e+01
-7.183674179719177744e+01
-7.623201133196099022e+01
9.392110680933178912e+01
-3.827270049378805794e+01
-1.204566957841089021e+02
-4.740490241621704115e+01
4.918932848639227728e+01
4.237080018608403265e+01
-5.983986190407586037e+01
3.596303340919180869e+01
-8.766802162545248223e+01
-9.374923947715791428e+01
1.206271841676088030e+01
1.658817052385429136e+01
-5.653260091248864683e+01
-1.046192216941840059e+02
-7.498781921666983408e+01
-4.034125929183696968e+01
2.481372573812240034e+01
2.364073331613741047e+01
5.350835071048619085e+01
5.952419889709140932e+01
5.788943695460135785e+01
5.084166837611000744e+01
-2.014786949994510934e+01
1.126334588347241947e+02
-8.185604110153907698e+01
-7.438231518029400036e+01
-6.226087379103184105e+01
-1.203631139623117008e+02
2.464441321023621789e+00
6.852566684931136365e+01
-8.286104954381653442e+01
6.889662210678619658e+01
7.338756676340123875e+01
5.052639219418401240e+01
5.629658282689020155e+01
4.518166351320979857e+01
5.054521130449339239e+01
5.637462142432149648e+01
6.352592437318148200e+01
5.931079151054363052e+01
-9.408444322512796987e+01
-8.791084926022229240e+01
-1.001800081976692951e+02
-9.023428903845727689e+01
-8.456970233829423478e+01
-8.096195871962126489e+01
-7.918289002000875598e+01
6.390764007267809355e+00
-3.306020578833967249e+01
-6.924021206907393378e+01
-3.936217982589818831e+01
3.885897917877348107e+01
3.631720569664152976e+01
4.457232259437549970e+01
3.163892258361767063e+01
-8.557159952732277475e+01
-5.127734079279338175e+01
6.711455894319253446e+01
7.113655974620252209e+01
6.512792478046334566e+01
7.416109305567422894e+01
3.474551951296302121e+01
6.762837392419321247e+00
1.094812684163735916e+01
1.631646723727299175e+01
-4.545449237752119842e+01
-4.261325551251138677e+01
7.629314224402527600e+00
-1.683422830721686969e+00
3.756612185315360009e+00
-8.050039523605848046e+01
-7.777645956570789565e+01
1.073107316140852987e+02
6.003505510365744158e+01
6.139884831928006292e+01
1.119461617591672962e+02
1.845033866633031039e+01
-1.140905753072469935e+02
-2.623886995408216904e+00
-8.893285496952813673e+00
-8.877728531964786285e+00
2.944862823489136971e+00
4.311741152466302296e+00
4.674223622724218785e+01
9.539886643082617468e+01
7.804196875370969622e+01
-5.669154888558443162e+01
-4.959531481322191837e+01
9.165196512520761019e+01
8.638342538325113651e+01
9.769293390561854551e+01
-8.213020669674681074e+01
-1.445393938511030996e+01
-5.306794203994928694e+01
-5.327463630261934924e+01
1.094688794009806969e+02
-9.276372901237131430e+01
1.236972966938721941e-01
3.908780431186908988e+00
-6.838488300404617348e+01
-1.028160486728223049e+02
1.114184408662405019e+02
-8.335597674994875206e+01
-3.112439839877275105e+01
-8.909253503634910487e+01
8.292994790804426941e+01
8.707597406334568291e+01
8.724116129484109194e+01
9.304998876784358686e+01
1.044719871487367016e+02
9.963879406182348930e+01
2.447160300638800123e+01
3.169841194481918834e+01
2.716032573780035975e+01
3.447711236353948294e+01
4.179121672965891321e+01
8.595132882937741670e+01
8.810945353299284477e+01
8.166944481589361260e+01
1.178378719732542947e+02
-9.519994231979769950e+01
7.308479202707660249e+01
6.961697981873935248e+01
6.502043402835435870e+01
-3.895689084305479355e+01
-4.594138203191712222e+01
-2.977444262054119051e+01
3.998503983638075709e+01
4.037195014703080176e+01
4.611397624031631182e+01
-1.022619246186725945e+02
-1.076701240964219011e+02
5.324668122474066934e+01
5.444723340603506045e+01
8.623666474772615231e+01
8.625697987335610151e+01
-2.959551038196935835e+01
8.725275370567214850e+01
8.967398094923525775e+01
9.452231490334546038e+01
8.090871994510303011e+01
4.027223569471763653e+01
3.914906292854625747e+01
9.531138341836320649e+01
3.737094281957649855e+01
2.971353010881039935e+01
7.151915441234099546e+01
5.083148548664217259e+01
5.394596057864252714e+01
5.631905806804584103e+01
6.042939523487167719e+01
5.661314705555152926e+01
4.550949990256272315e+01
3.053699311794788152e+00
-5.676183296272349743e+00
-1.128735694329055939e+01
-1.427933574292483065e+01
-5.156830080190105292e+01
8.978302481033422211e+00
9.152798989625788195e+00
1.549485289047754044e+01
7.204451701503516858e+01
8.451974160722319596e+01
7.808989232773495814e+01
8.189591189488645284e+01
7.553170930057238763e+01
3.488371845447400688e+01
3.360104776777181712e+01
4.055580725853757684e+01
1.026842852890833058e+01
1.813749776793219937e+01
5.309859269780650237e+01
5.857499205689092037e+01
5.845409311320486268e+01
5.324943815912404688e+01
-9.406132877777807266e+00
-1.604195687576060081e+01
-2.878977623247632067e+00
-9.412931757801445087e+00
1.252245951711286054e+00
-1.284014196255668949e+01
-2.072270515204914076e+01
-2.379071137239762024e+01
5.023685186942231695e+01
-5.362674670667696120e+01
1.985682765613639988e+00
4.241190957969467235e+01
4.359991808256531698e+01
-4.614712928369024780e+01
6.251435753050405708e+01
7.035995739096884449e+01
6.508891796470280156e+01
4.436828659226178928e+01
3.955094098397265867e+01
4.740397005412864928e+01
4.491012062910461822e+01
5.083604088503256691e+01
2.575194705779003002e+01
1.123171632130685964e+02
1.077328237265969051e+02
1.105684153259875018e+02
9.067759173485708857e+01
8.548006922036486799e+01
8.278129142647685512e+01
2.054134363295034049e+01
2.680049355758292862e+01
1.956768257209509088e+01
1.045676880707381997e+02
-4.519723496872337876e+01
6.745357709107970834e+01
4.437641985602400752e+01
3.851437712679842207e+01
1.885095722485342051e+01
5.951866260467510017e+01
5.602715266758769985e+01
9.562933695641220311e+01
9.887970668766703852e+01
4.808236232309160840e+01
6.618284459439901468e+01
-1.464399449175922130e-01
6.959697413035380009e+01
1.047468398069642070e+01
5.174593120502001931e+00
-2.784787236115097819e+00
7.247803845011948631e+00
-3.251597285402271353e+01
-3.877358260464811224e+01
-3.527868808567730241e+01
-2.979099180244984879e+01
-4.715125038267758839e+01
-5.021973459986647725e+01
-5.479060775135275208e+01
4.440646243914954105e+00
2.412595048343765924e+00
7.915774476287219308e+00
1.154023770180169066e+02
7.498124919493639595e+01
2.939199359992452898e+01
3.378532116686081110e+01
9.939454044567108681e+00
4.300371784650222295e+00
1.956772736692406056e+01
2.473143929573652144e+01
2.946746128424778988e+01
-3.121246564585609917e+01
-1.721636798062814933e+01
-2.048778129599157083e+01
-6.846244551628767105e+00
1.142457314949347946e+01
-2.537570039557266899e+00
8.542455266349965370e+01
5.127847722199385316e+01
5.420342083603888028e+01
8.892799449327114303e+01
9.387901371407426154e+01
6.383594652966875316e+01
6.116170187835015426e+00
1.170796339359683991e+01
1.221351873758914053e+01
4.049947115663613317e+01
3.539065634056387211e+01
1.023066719608441986e+02
9.607988617388042485e+01
1.018567349384464933e+02
9.690130448833039623e+01
9.096023920427758469e+01
8.923219340251266374e+01
6.354303875342222341e+01
1.000681294199955005e+02
9.806222199805397111e+01
9.519415618601060203e+01
2.218406306237795889e+01
2.790681694651145861e+01
8.484173032656336488e+01
9.019030799254782949e+01
1.616566636320220951e+01
1.864865512495694944e+01
-1.648156104693579849e+01
-3.262484562389266785e+01
-3.881006822225103292e+01
-3.187095151177063101e+01
-3.674934403328518329e+01
1.829577495751034988e+01
1.819330615435416121e+01
2.507354544267898078e+01
2.541968649962742077e+01
3.234406735680254741e+01
9.413922853895500964e+01
1.109283581287150966e+01
-3.151617585257186960e+01
-2.628695326923833164e+01
-2.892631069903314156e+01
-1.631256877727255983e+01
5.938665465735913784e+01
5.330219222328609874e+01
-2.451646243005022896e+01
-3.205976811111018776e+01
3.753762876392171677e+01
9.597690072786174653e+01
9.140205092451525104e+01
8.769554181259427139e+01
9.684112928137167842e+01
1.211724872419658965e+02
1.214008401184394046e+02
2.069073266131962896e+01
2.749154683381221886e+01
2.021696966068899926e+01
4.849629702376380891e+01
5.415122166245829050e+01
6.859098579720824773e+01
6.597530714690702780e+01
5.384414210365343223e+01
-5.719209090875627055e+01
-6.214168723373430225e+01
-5.711994990779051307e+01
4.422145166621749013e+01
1.521614601710997050e+01
-2.353041199934802208e+00
1.044956863459394043e+02
9.114596144551154566e+01
9.435502885911381554e+01
9.868642452037222768e+01
9.624327643107379515e+01
4.092467841459078670e+01
4.624709681052833332e+01
4.626066043298853003e+01
2.201369603695509980e+01
2.863683145733167024e+01
7.437611269415158688e+01
5.676973796378538850e+01
6.220100820072099168e+01
6.321427230568318834e+01
5.073295418406460300e+01
6.481095946762614801e+01
5.915253723793838248e+01
9.841366468240923382e+01
4.055970928951320076e+01
5.653124314328705680e+01
8.123317291049659161e+01
7.874831263432643880e+01
-4.605191755573933676e+01
1.056656376156041972e+02
6.653780419306300153e+00
4.913948175047554656e+01
5.141028281225254659e+01
2.296301524612774969e+01
6.967379383448302121e+01
6.878899551993029604e+01
6.269046528003048735e+00
2.492716794452822171e+01
-2.368450702187644907e+01
3.340507377296847125e+01
-3.756096296879127294e+01
-2.526225605712609834e+01
5.526822633201889090e+01
-3.119907778455339908e+01
6.613836087145907072e+01
6.071948133094282696e+01
5.849997215963740871e+01
5.571512341653824762e+01
3.691453887870345341e+01
1.467751310300291934e+01
2.445697670606108076e+01
1.173196558027782999e+02
5.680059761145256658e+01
6.164973823084442728e+01
1.126699002073837974e+01
1.604225507408090934e+01
1.633477258037040869e+01
-2.600633040364862936e+01
-2.550226400945352978e+01
2.087053439909131924e+01
1.491360467404651935e+01
1.216353357995389928e+01
2.662475528904468902e+01
9.200280694850580687e+01
1.175129942227655988e+02
5.511497653644663330e+01
7.284736321804943771e+01
6.742304506870728176e+01
8.551941748020047385e+01
9.020173458387776577e+01
-1.868274548888263098e+01
-2.477915676388116140e+01
-1.731338537059513882e+01
1.003949204118626994e+02
-2.155583915980657039e+01
8.031588788198723705e+01
8.338748926275086149e+01
1.066067664114664950e+02
7.335710056176490923e+01
8.072908922297648360e+01
7.858798833434309472e+01
2.769090642470481090e+00
-3.458169879327998331e+01
-2.673675374243159908e+01
7.593775191138540492e+01
4.264587414959117950e+01
4.767809259829427049e+01
-2.171665330500986002e+01
5.227121948603053170e+01
-2.023595396404645896e+01
2.382477087705944019e+00
-2.663404887521071984e+01
6.272243490875123939e+01
6.662552272115578944e+01
8.108043349136137579e+01
7.826215226244487155e+01
-1.547320421220361020e+01
3.947431669389241193e+01
-3.339010437536143883e+01
9.098303030865621110e+01
7.086689551675179999e+00
3.874016875807426885e+01
3.192005528862118169e+01
1.001811649284554022e+02
1.015682380411359986e+02
-9.359718890278761805e+00
7.077065822392586369e+01
7.630425511261617544e+01
9.454731764217352463e+01
9.750579915015366339e+01
8.699182772746446801e+01
8.621891767093352144e+01
1.790876230087600973e+01
1.165051112288561086e+01
3.643056279740587655e+01
4.148258523243062967e+01
-1.921283606963826074e+01
-5.918990309262264304e+01
-5.320942367503874237e+01
-4.453958062262603335e+01
-5.017418553805902093e+01
-4.467322344253563671e+01
-5.259011225543059709e+01
7.338511745295957667e+01
-2.756186855269348968e+01
8.212663697743226976e+01
5.239595511742108158e+01
-2.713776588760579855e+01
1.068563037479928965e+02
7.892620830520993991e+01
-3.416459632904619781e+01
5.537494031495523927e+01
4.698483945704322906e+01
4.013128066525445092e+01
9.940814669969689987e+01
-4.229200214253246060e+01
9.295958608481868168e+01
-3.068492852441248075e+01
4.578623388749311829e+01
3.111497428688138100e+01
6.942949502848946963e+01
7.439372906423017184e+01
4.842512491480251668e+01
-2.222652247600889908e+01
6.985708826433717711e+00
-3.063418186674313048e+01
3.003676468913628028e+01
7.296778295798277725e+01
-1.272253783811978955e+00
1.498628921913379042e+00
4.768786856568276167e-01
