-6.598943043712175226e-31
-6.598943043712175226e-31
-6.367162338846939646e-16
-1.273157858255619051e-15
-1.909039957818005177e-15
-2.544056410867214142e-15
-3.177866580828811119e-15
-3.810078762002370373e-15
-4.440227885396122123e-15
-5.067744290360559727e-15
-5.691908097913709205e-15
-6.311779388587630825e-15
-6.926087250502713644e-15
-7.533044127269136975e-15
-8.130017524339557735e-15
-8.712909938891694430e-15
-9.274893735597945170e-15
-9.803581762208362779e-15
-1.027413706901973923e-14
-1.063266838108576011e-14
-1.077689183249671039e-14
-1.063266838108578062e-14
-1.027413706901978025e-14
-9.803581762208425888e-15
-9.274893735598017745e-15
-8.712909938891767005e-15
-8.130017524339630310e-15
-7.533044127269190617e-15
-6.926087250502765709e-15
-6.311779388587690778e-15
-5.691908097913780991e-15
-5.067744290360628357e-15
-4.440227885396145789e-15
-3.810078762002374317e-15
-3.177866580828807964e-15
-2.544056410867218876e-15
-1.909039957817983877e-15
-1.273157858255642915e-15
-6.367162338846990922e-16
-2.848865409592307074e+01
-2.492974674253473921e+01
-2.666895911776111916e+01
-2.213291252110455076e+01
-2.959846160827574124e+01
-3.464134455458643203e+01
-3.282868108356068149e+01
-3.448083228894252983e+01
3.104814998935403025e+00
-8.192454933104467152e-01
2.466577932887255908e+00
3.371321760128636669e+01
2.965584823648799073e+01
3.280727317625999717e+01
-9.986030399544619129e+00
-1.019449106781230974e+01
-4.652400050798060072e+00
3.598992148221841347e+01
3.267407585703219297e+01
3.157139845080829943e+01
3.787060142288063247e+01
-6.391593889832503983e+00
-5.706624505087471988e+00
6.047084764691370573e+00
6.915095337457670688e+00
3.217860248852378646e+01
3.568228390083532986e+01
3.650717690295945772e+01
8.498004752504273895e+00
1.276728403406361068e+01
6.515815600455914236e+00
5.761071183345031210e-01
6.319293199921381721e+00
6.475316781391125431e+00
-9.559369468614047349e+00
-4.555518943456706715e+00
-4.540324375981908744e+00
1.081183692646455086e+01
-1.591740593615380028e+01
-2.103288930128102052e+01
-1.955465819550277118e+01
-2.005591628278500949e+01
2.268643375199182088e+01
2.283214992462643167e+01
1.756355973362828138e+01
1.731211213066114851e+01
3.459128501163209801e+00
2.640972862132263010e+00
8.626547633963189909e+00
-1.634289171579348121e+01
-1.191073834855892066e+01
5.750512037931206244e+00
1.085859044655529004e+01
5.053863685131389616e+00
-1.946636751500840035e+01
-1.437209609035901003e+01
-1.900051180360469161e+01
-1.367121884719771963e+01
-3.254687048831412710e+01
-3.578146098241052186e+01
-3.663192515661304327e+01
-3.204546217212182313e+01
-5.535910035941429719e+00
-3.006494694223503128e+00
-5.396766523991685105e+00
-2.094420794796132057e+01
-1.865449299848125975e+01
-2.492036429200646097e+01
-2.510076614515066140e+01
-6.658644034194957761e+00
-1.100690069950275074e+01
-5.893305786956545056e+00
-2.303440128338628057e+01
-2.840783180422678100e+01
-2.176990635689177012e+01
-1.480975187111210012e+01
-1.198750839717136074e+01
-1.957222248215741089e+01
-1.883020164279680131e+01
-3.764604968749217306e+01
-3.812394708215727235e+01
-3.643945891817195104e+01
3.024958256783726895e+01
2.716355158246578938e+01
3.104567686409986038e+01
2.582417029249911877e+01
2.979794169018660099e+01
3.010687895141851911e+01
3.262122667335067661e+01
2.746578059272536976e+01
2.657001874536252117e+01
2.766966088238345023e+01
2.958959970693663166e+01
2.975650914996991858e+01
5.194731457382758544e-01
2.469259537728662135e+00
5.928353713731271846e+00
8.837427761090635769e+00
9.906439383425700740e+00
6.357613444060005392e+00
3.205941072631905975e+00
1.010308056019811040e+01
4.654769372412959960e+00
1.323226963799315925e+01
-2.529804061736817999e+01
-2.392095389552876128e+01
-2.825476376038155024e+01
-2.080469995359039004e+01
2.233773346350146127e+01
1.933394477635204112e+01
1.848358816414170036e+01
1.510443604431310938e+01
-3.719301025820927009e+01
-3.424884552685397665e+01
-3.601041419933213206e+01
-3.175060762472914888e+01
-2.769269390901567007e+01
-3.522481340986845311e+01
2.834403471673454078e+01
2.753336919385800030e+01
3.077344031230090948e+01
2.535482234712258176e+01
-1.999456534806313002e+01
-1.945502883647028014e+01
-1.477128238128612914e+01
-1.404273197449550992e+01
-3.800361484027860115e+01
8.892597691404144911e+00
3.756785044354082004e+00
8.756885577129271070e+00
-3.946769746560919145e+01
-2.886153726079449910e+01
-3.201228993066838768e+01
-2.750182589160548829e+01
-2.395814898171673946e+01
-2.571666507812699010e+01
-2.142661277191540847e+01
2.829372663841892077e+01
2.375578054630059910e+01
2.836580029078822918e+01
2.262201384655439895e+01
-2.362034024850169089e+01
-2.375345824152454099e+01
-1.771983823138788949e+01
-1.101394278470523957e+01
-1.669672610000850099e+01
-1.168991081001590082e+01
3.569875000140869759e+01
3.320092600081329692e+01
3.539329612182559259e+01
3.355741996051614251e+01
-8.508078802052704503e+00
-1.444788903275824943e+01
-1.188037956924619998e+01
-1.717439632801622906e+01
1.951709245244648017e+01
1.479278491681803054e+01
2.374882476643373153e+01
-3.043479372694984875e+01
-1.222042069299785005e+01
-5.205592829467656557e+00
-6.178863523223945720e+00
-9.658765073379965926e+00
-4.915140350396502988e+00
-4.625074504507018958e+00
-9.998719928998347939e+00
-2.761870616968180059e+01
1.976379941224742964e+01
1.921545875724691044e+01
2.424033548902196955e+01
2.090731033520091131e+01
-1.518800470657087942e+01
-1.091040936678776063e+01
-1.639064368000492067e+01
-3.189278492234781126e+01
-3.006201317984266908e+01
-2.933692295124513905e+01
9.776857810434943730e+00
1.478980092624485998e+01
-3.221690916929369308e+01
-3.402403313288834141e+01
1.245638394725932940e+01
1.872002116662800120e+01
1.582213199057948927e+01
1.616292038707512901e+01
3.693835287084824159e+01
3.484813224380840779e+01
3.837590614207652351e+01
3.464256101708225088e+01
-1.975190571120384098e+00
2.378360282226812927e+01
2.899655972609922117e+01
2.633023632719908136e+01
2.109757703357047021e+01
2.251987456785915853e+01
1.922744082800237919e+01
1.531001305459126982e+01
-1.074509937983543928e+01
-3.270673600521838154e+01
-3.533474307886576327e+01
-3.671722831135601695e+01
-3.221111047560859930e+01
-7.169410122030781096e+00
-5.148189769218314282e+00
-7.057288451028014720e+00
-6.271846571195508702e+00
-3.153116824442852906e+00
-1.027508116756568946e+01
-5.006323938430498721e+00
1.410766826238286953e+01
1.665720699192463883e+01
1.129804411368040995e+01
-3.972470917460348261e+01
-4.038288316159602687e+01
1.033534140927944023e+01
8.318241070427339068e+00
1.536832636743388925e+01
-1.981803449471064127e+01
-1.714410052374661930e+01
-2.182437243369012947e+01
-1.478223390038644069e+01
-1.876047443463662923e+00
3.298174256795260995e+00
-3.027227420225769183e+00
-1.660139465911190015e+01
-1.925429190575810878e+01
3.401067299249993958e+00
-2.225035995563829871e+01
-2.249586905185613972e+01
-1.773339043628067913e+01
-2.739345556491111111e+01
9.206170244909008815e+00
1.278147127537540051e+01
1.210539858002672986e+01
1.386117500189605067e+01
1.742614524935449083e+01
-1.006952809439169982e+01
1.126923643626665061e+01
1.111705351801682085e+01
1.671383541753379021e+01
1.636368102531186963e+01
3.906942074491598049e+01
4.137523894143709668e+01
4.113216840802787289e+01
-2.466088056815197049e+00
-7.800627816659046587e+00
-1.431025743254692983e+01
-2.805575829284910938e+01
-2.518237159209844833e+01
-3.044999894154722142e+01
-4.215659391126052213e+01
-4.344981466357285882e+01
-4.179141107746875150e+01
-4.338598370541372873e+01
-2.187651147343796865e+01
8.037669551162620607e+00
-8.409673453418891498e+00
6.394748182868670305e+00
8.904370178325603291e+00
-3.179847503448456081e+01
-2.906281111690401886e+01
-3.358538017046826951e+01
-1.699633845972277157e+01
-2.296191437343022912e+01
-1.902725519523379916e+01
-1.418085649260033065e+01
-1.965670562179915137e+01
-2.536514484644212075e+01
-3.003858212128059080e+01
8.936053551314206089e+00
1.012809435277542924e+01
1.465363717998891957e+01
1.640370935587725043e+01
1.109346679054728924e+01
1.880630517625489873e+01
2.006782492254690098e+01
-3.296194036027120688e+01
-3.710496595411733267e+01
-3.413192424420378757e+01
-2.711446760593843930e+00
2.015427767846941887e+00
-5.273804741597982293e+00
-9.112632937991008930e+00
-3.001211776149373023e+01
-2.962989026255331027e+01
-3.380987301186036831e+01
3.639602655374468299e+01
3.720271987790076196e+01
3.759508921238025181e+01
3.875922289242041785e+01
-3.623181447562606650e+01
-3.899299415026130333e+01
-4.000556876368195702e+01
-3.945984504438457918e+01
-3.665977784887358837e+01
-2.828324993538803866e+01
-2.686108270660312058e+01
-3.013454727186752891e+01
-2.577493128111705900e+01
3.053440859597316859e+01
3.362880975225613156e+01
2.877438098683623124e+01
3.462198036932090162e+01
3.592612085013514189e+01
3.300605807459874086e+01
3.356039246951692689e+01
3.532480065354368293e+01
-1.084140777387237087e+01
-1.084562839077725016e+01
-4.741652859627395245e+00
-1.694794479988368963e+01
-1.555037895738258058e+01
-1.520635389588293940e+01
-1.945678736452869018e+01
-2.201377174117212121e+01
-1.142847888023833924e+01
-1.880225849834036111e+01
1.401292919118050939e+01
1.908168840920765064e+01
1.447409653863254952e+01
-2.755439150917201019e+01
-2.890253475653019066e+01
-2.496518144176743093e+01
-2.528356343706143150e+01
4.997448349345370744e+00
1.085052584525542940e+01
5.267642935509835311e+00
3.692035481093520843e+01
3.702445433627845262e+01
3.830956490004020054e+01
-3.948417377741660772e+01
-3.694938676247169695e+01
-3.920255639279376680e+01
-3.507818540321591883e+01
2.002682880551509115e+01
1.632822445056653038e+01
-2.029328727097712104e+01
-1.929518346032061871e+01
-2.303440621201367122e+01
-1.657197622848147134e+01
-2.355485900348326922e+01
1.727771672586672125e+01
-1.313503873528529020e+01
-1.510086780686189023e+01
-1.461317796771687938e+01
-3.247211072601130155e+01
-3.384810578485768673e+01
-3.700897267230372023e+01
-3.129554707701108995e+01
-3.591806285392055997e+01
-3.046785408249624894e+01
-3.270067343765015266e+01
-3.075494555506189087e+01
-3.482300347374116711e+01
-3.218491974213824847e+01
-3.448164398792550855e+01
-2.765840577639538012e+01
-2.942999519431564082e+01
7.260577561452435269e+00
7.015952345711440330e+00
1.147694237887596991e+01
1.260193760175990008e+01
-2.644334833884085967e+01
4.107787980808637229e+01
4.246723399677780009e+01
4.023433239196342726e+01
4.176110854895723179e+01
4.283531046094233830e+01
-2.669664495716046915e+01
3.758637378391134831e+01
3.687697086977929217e+01
3.853545098237118882e+00
-1.320964143680356084e+00
-5.168181458056009703e+00
-4.796912151763510934e+00
-3.453945523185574018e+01
-3.249314986059989252e+01
-3.349408401425402815e+01
-3.532832622889107910e+01
-3.571927147107272305e+01
3.498185435460811732e+01
3.068160099999872870e+01
3.233524526621918227e+01
-1.723547460246845020e+01
2.757938626730538090e+01
2.906714009137055044e+01
2.752469501128449991e+01
2.177935045661870106e+01
2.646230638541242897e+01
2.319842028127169087e+01
-1.008394806247661091e+00
-7.277258885302189562e+00
-9.167343510003663098e+00
-2.219439540566528990e+01
-2.834066338332220170e+01
-1.892225155622207922e+01
-1.681963576192496035e+01
-4.216751342748644760e+01
-3.923968342208009830e+01
-4.150659764530190898e+01
-4.096821154556693756e+01
1.060392873954852000e+01
1.550287039052532023e+01
-3.931322075273273953e+01
-4.301844556238833661e+01
-4.322158788361338821e+01
-4.192564053630972154e+01
-4.212864211012671234e+01
3.729442351829374758e+01
3.931248685873136139e+01
3.951077809745081737e+01
3.764321321819050326e+01
2.672365718625268016e+01
2.694261500376951091e+01
3.018311870725321100e+01
3.375215336182147752e+01
3.320190913346645090e+01
2.814519455787381119e+01
3.012194584498928052e+01
4.011882735496040908e+01
3.798750372310954049e+01
3.960113941238161317e+01
3.449162787279139764e+01
3.062788336610406859e+01
-3.267150951157052674e+01
-3.500289134692467030e+01
-3.286722954492031334e+01
2.007220696179792085e+01
1.451648801261024069e+01
1.888427097992445880e+01
3.413871555882013098e+01
3.238859214955561328e+01
3.298949698287189847e+01
3.106075543274917905e+01
5.763554110281053688e+00
-2.277745583770235172e+01
-2.099539822995238936e+01
-2.618576692744742118e+01
-3.963082216447264017e+01
-4.052106935101228657e+01
-3.948570157651859347e+01
-2.650429046369441011e+01
4.900768880004316763e+00
7.033380405519476852e+00
4.929281040140081949e+00
3.235576501836054319e+01
3.716262431654126885e+01
3.614034007894345280e+01
3.256020195047903343e+01
-2.044687341436775085e+01
-2.355164313606350035e+01
1.026263364467719974e+01
1.470152230442567998e+01
1.065266962617073965e+01
1.560573954120646967e+01
-1.861318190719543963e+01
1.130455909987021990e+01
1.437576836037009009e+01
-1.311650984531923925e+01
-4.008941060886017738e+01
-4.255119421267543345e+01
-4.035478477234553196e+01
2.647574179048064025e+01
2.130909339989539930e+01
2.540509324859949913e+01
2.085034114528908944e+01
1.790130132013901942e+01
-3.172322074635566835e+01
-2.776007367091886024e+01
-3.140392403467967952e+01
-2.911741265115549027e+01
4.202053454070645699e+01
3.961994347043754772e+01
4.058856723374699271e+01
-2.542315322796833144e+01
-2.923788536066330934e+01
-2.708778430346248101e+01
-3.118592400874146975e+01
-3.284401058561722664e+01
-2.500963637894463076e+01
-2.250295652236572863e+01
-2.021643560409015095e+01
3.429279973117657931e+01
3.776621453250663052e+01
3.729542243297930781e+01
3.746471457992994658e+01
3.876892336332389277e+01
3.631880935838969293e+01
2.620610943771032098e+01
3.094982521152880039e+01
4.988470866496077960e+00
4.261564179709517219e+01
4.358872081126043696e+01
3.121604696845185956e+01
3.102092539358901035e+01
3.426452216346235247e+01
3.422014422828352309e+01
2.498843161257572021e+01
2.325063045341437018e+01
2.634471851869233916e+01
2.111215514944398919e+01
2.273351289326263114e+01
3.643522772456727665e+01
-6.020418393345072339e+00
3.488044811582408755e+01
3.192921820110191078e+01
2.667370977680814903e+01
2.988375651873484884e+01
2.659353253215304136e+01
2.886598488090017156e+01
3.208736768795470340e+01
2.978080481715144145e+01
-1.533530124596065036e+01
-1.898548302052185832e+01
-2.027062301741854000e+01
2.599869986594346116e+01
-5.241029645028970840e+00
-5.374676950585561386e+00
-1.069118650048971020e+01
-2.391440314895132957e+01
-4.255251825358993045e+01
-4.229999147853025221e+01
-4.207722307794362848e+01
-4.290095050851373770e+01
-1.206878259099785922e+01
1.162134708457977972e+01
1.087443577728510924e+01
6.908738722492391737e+00
-2.292398917742459830e+01
-3.377661509616790170e+01
-3.536680718418217850e+01
-7.795589256424547031e+00
-3.028327495267562952e+01
3.113909451265041994e+01
3.857424984038050297e+01
3.516650248175510995e+01
-5.523037746189529251e+00
-5.163382829316348399e+00
-1.058735635025749033e+01
-2.369331556873882860e+01
-1.966871693193792936e+01
-2.371215217617066884e+01
-6.482505793652848070e+00
-3.829832585511881149e+01
-3.480925500651878934e+01
-3.540093583018352064e+01
-3.775067841653744694e+01
-1.563845915619721083e+01
-1.853716277738995899e+01
1.975341871336470101e+00
-1.280950315693069053e+00
-2.696471975975300950e+01
-2.405966748959320967e+01
3.313945732018847679e+01
3.671062451764723278e+01
2.750906062354777859e+01
2.920033985539868837e+01
-3.804993814494584115e+01
-4.100526294481728229e+01
-3.939139228546658700e+01
-3.565313536212683232e+01
-3.883804667626073126e+01
-1.378949083626434025e+01
-3.694075496994847185e+01
2.717512032294198931e+01
-2.376749306494647129e+01
-4.326169585020973329e+01
-4.152212818328465715e+01
3.826437879374962137e+01
4.002095712478693201e+01
-4.274581523939443173e+01
2.106674521309795978e+01
2.520786872478440088e+01
4.101858971638385754e+01
3.839060431489888714e+01
4.025765504854698662e+01
3.862508628586017068e+01
-3.599006316369290914e+01
-3.522862805668169273e+01
-3.971213865796507747e+01
-3.871503585716722284e+01
-3.723821336163916129e+01
-3.629060660458758747e+01
-3.897736637248260649e+01
-3.588719904667983229e+01
-3.886196676761026936e+01
-3.985659089981111691e+01
3.780283654808231830e+01
3.368787926440411695e+01
3.685850170795100667e+01
3.471057755049172044e+01
3.253136240950715319e+01
5.571404412890417213e+00
1.151552842752350969e+01
1.167837059337071004e+01
6.209160216149900435e+00
4.111763724980397683e+01
-1.520010936264043089e+01
2.392363001948429968e+01
3.688272748428148784e+00
9.101358758886094469e-01
2.260896154891275955e+01
2.737697463519761953e+01
2.318248911155982839e+01
3.622750953783045702e+01
3.259586008867316309e+01
6.357507076589071104e+00
5.897411273068866144e+00
2.547200256886683079e+01
-2.862526691080079999e+01
3.015325484642065135e+01
-2.931987475643867924e+01
-3.324564953101729259e+01
8.868849596268315594e+00
9.276015705222993901e+00
4.087977197816783814e+00
2.120597943301777022e+01
1.322644375161072006e+01
1.193965054080593013e+01
9.507991461551789314e+00
-1.816765259477583072e+01
-1.555851570133767936e+01
-1.415033333543465055e+01
1.389358487465736047e+01
2.146000778047233837e+01
1.721068926335667015e+01
2.142338858644923860e+01
1.620545328320768874e+01
-8.297488706110765833e+00
2.178463312676653985e+01
1.569548450965671016e+01
1.983428328700589915e+01
3.568433313752051106e+01
3.509423300734069073e+01
1.567108319696185070e+01
1.445144202872944028e+01
-3.099629613704341935e+01
-2.850107600713024070e+01
-2.760427946461787840e+01
2.375709041006026823e+01
2.682311982207444956e+01
2.129261911337761859e+01
2.881020917054495101e+01
2.305836413816664887e+01
-3.318516424040223711e+01
-3.506223069841465190e+01
-2.842351881907066158e+01
4.393901037653154162e+01
4.357453421329419285e+01
4.376687448660290869e+01
4.399568476321717014e+01
4.381847588962671836e+01
1.666948732271488964e+01
-1.000871862937522927e+01
-1.167339673267085054e+01
-5.948032691371322400e+00
3.862665124109363290e+01
3.977087710921186670e+01
4.036691550184296062e+01
-1.035039223713740952e+01
-6.296007714082270112e+00
-4.469417634727450128e+00
-1.394161661791165940e+01
1.085604384094001951e+01
1.457414315593807075e+01
-8.995521683829284854e+00
-2.969851509167073900e+01
-1.202581413912754016e+01
-1.663344018539471847e+01
4.091442057440851698e+01
3.992891850627359673e+01
3.965376713252526741e+01
3.552078757176452228e+01
-7.281102123897436051e+00
-1.324083767930098965e+01
-1.449171342750078928e+01
1.500059786919200988e+01
-2.530863652069601955e+01
3.993653438347141105e+01
-2.078637352962692120e+01
-1.643989946573159955e+01
-4.089096806130419282e+01
-3.952904461899137090e+01
3.358313084097834889e+01
3.981248219637463848e+01
3.322971607183959009e+01
3.130452906782745970e+01
2.989220348291755158e+01
-1.583122031597237012e+01
2.675295259052359143e+01
-1.111297454702076060e+01
-1.267352739210499912e+01
-1.791563545359894150e+01
2.403989442697645984e+01
2.828303954140566034e+01
2.940872557081981853e+01
2.800633840775932981e+01
2.416846367322722955e+01
1.952016869724360149e+01
1.672380552615419091e+01
2.372815243897493076e+01
1.993748468472159985e+01
-2.504033669650569038e+01
-2.991373508488593913e+01
-2.400240245987605903e+01
-3.446852318137089100e+01
-3.722704912382054232e+01
-9.075541604248369865e+00
-1.093997554205609068e+00
-3.703024339553915212e+01
-7.764131127537429400e+00
3.276585933489838709e+01
3.326810372533302740e+01
-3.888194483983080119e+01
-3.834165817801552834e+01
-4.083151085119187229e+01
1.671228276858444106e+00
-1.923487247039433967e+00
-1.121726392154872087e+01
-1.000017063163189057e+01
-1.519592415063080004e+01
-3.640829154457995998e+01
-3.684201407503947934e+01
-4.083417423976415250e+01
-3.965773256661383783e+01
1.126373414400488038e+01
-1.606445759028186870e+01
-1.106509225852033040e+01
1.950816660612523989e+01
2.233565318270990829e+01
3.241945638003497976e+01
3.123183992738405124e+01
-3.183034761556598813e+00
-9.083881337515270715e+00
-2.598134783388517022e+01
5.908538047912161417e+00
5.845354117180429299e+00
1.111776445063325980e+01
-2.909829756121882838e+01
-3.526083087421282158e+01
-3.116025958660852879e+01
6.221275896932525029e+00
5.943343336149222722e+00
1.112758876440408073e+01
1.390084754768868081e+01
2.688386108985369916e+01
1.836151247779771012e+01
1.710917003163839922e+01
1.700168797044290159e+01
1.109602714831408932e+01
-2.017382325500411966e+01
2.493398523357111074e+01
2.165544734850843156e+01
-1.234847529134133026e+01
-1.629245406735373081e+01
-4.179415626541644002e+01
-4.188074817073498224e+01
-4.102677656222753200e+01
-4.101721696974360754e+01
-4.039511140925353061e+01
1.548232541496873083e+01
2.127224424343081921e+01
-3.622495911406723934e+01
2.874183761180444940e-01
5.024784348377358434e+00
1.068872825944819915e+01
8.509833103744801619e+00
4.965583837940961587e+00
3.935021643507013778e+01
3.692444792922905350e+01
3.959648643235745880e+01
4.111952316181069733e+01
-2.499833321101091954e+01
-1.408220788393981948e+01
-3.705576676495780930e+00
-4.290487544696503619e+00
-8.868863146120613550e+00
-6.430989178855016419e+00
-2.058343646409726091e+01
-2.580801874295450915e+01
-2.942163343837918177e+01
-2.911532541322049994e+01
2.727064702449861855e+01
-5.687770086113630441e+00
-6.721552365309673149e+00
-1.139704595502080942e+01
3.992642332687041318e+01
4.153322552072914675e+01
2.655621572889490878e+01
-1.174525758716393931e+01
-9.846718180865304149e+00
-1.584286541873012943e+01
-1.860358422576630133e+01
3.000413983533726991e+01
-3.762374468361701219e+01
-3.661413111220809213e+01
-3.872486965032454265e+01
3.619018131945760786e+01
3.134808895166430887e+01
3.358142864674351813e+01
2.720155154501077988e+01
2.831741376180123027e+01
3.277797829131419149e+01
-1.056641335195766018e+01
-1.315326555096276984e+01
-5.749587233564679156e-01
4.480344001476097127e+00
2.572880897554480839e+01
2.258855935372701040e+01
3.890099903437759110e+01
1.348873295839207032e+01
7.179006232470190874e+00
3.985182471618203692e+01
5.061357620097353127e+00
1.265056950032795946e+00
-3.805078000185300735e-01
2.094477964165654882e+01
1.802174315489354939e+01
2.270320706759460094e+01
1.154119696514531945e+01
-4.132561949954610725e+01
6.597128616519547073e+00
1.197716423878985914e+01
8.501669185420832164e+00
4.184091680167215443e+00
9.422796327929972904e+00
-6.230831374544886891e+00
-8.113935737359494027e+00
-8.948315116552137738e+00
-2.493581423332895852e+01
-1.948035923860869101e+00
-1.576663902590724931e+01
-1.038049163911460937e+01
-2.937199595116148032e+01
-3.326211586358453332e+01
-6.232116976949700238e+00
1.116699699439823945e+01
2.873181176547835847e+01
3.376116230038113741e+01
1.995521945884177129e+01
3.263649319429499940e+01
2.649784003715203085e+01
-1.322739890996031065e+01
-6.489719145534050604e+00
-7.223785589413365571e+00
5.813423972654825356e+00
8.007486217108185755e+00
-5.328949545410972100e+00
5.079786502219956645e+00
-2.325449811424266855e+01
-1.752350842222011096e+01
3.647629061879583645e+01
3.593706922144991722e+01
3.326000817817362787e+01
3.993239536600331974e+01
3.769106453996636219e+01
3.936019510754670847e+01
-1.210786483676019998e+01
-3.350875662812971711e+01
-3.507409060849580129e+01
5.953868090304744953e+00
1.491195550110291990e+01
1.563132611434646968e+01
1.994918705486513844e+01
-3.275588345041081340e+01
2.561425544585674174e+01
2.308646453712900026e+01
-3.270335312143917861e+01
2.571804634476637830e+01
-6.282743756637730215e+00
2.420444971100871001e+01
1.854061176055380900e+00
-2.742877631228828861e+01
-2.964586723576733007e+01
-2.721273998704910113e+01
-3.120500377396973946e+01
-1.104042187808592956e+01
3.227866499662444966e+01
2.820150968796485103e+01
2.625152097949071006e+01
2.415624619185415156e+01
2.230229820894707160e+01
3.012481626098853127e+01
2.491919613096289865e+01
2.753930508470718053e+01
1.636327171303215877e+01
2.157718866179207140e+01
2.183997845268514126e+01
2.482869433591584141e+01
2.479242379137004093e+01
-2.518664185804860978e+01
-2.213244196390094132e+01
-2.480035499707737046e+01
-1.552409742055790076e+01
-8.924274079842158258e+00
2.869790076945155022e+01
2.783333529720434996e+01
2.544651677579222948e+01
-3.879683071726847032e+01
-5.267068702609305930e+00
-9.069991811728501219e+00
-4.437835127334834873e+00
6.087832525624930824e+00
1.517191176580966028e+00
-4.966281563900124318e+00
-1.108911421001223019e+01
-1.149145723748528969e+00
2.256098486698448813e+00
-3.755578259803248997e+00
2.122750782704666861e+01
4.141960210964492717e+01
-1.881919400236031104e+00
-3.899746586932172221e+01
5.178340150032029854e+00
8.988913094768415490e+00
2.335022550230700844e+01
4.982969410084622908e+00
1.624573253522956051e+01
1.336241305807666002e+01
3.669307911641956110e+01
3.307538753053327696e+01
3.732838325211447739e+01
1.012638272049838939e+01
-1.089498142973802075e+01
3.729631824200804147e+01
3.878660595658062871e+00
9.120890544735557270e+00
-3.957993912064434738e+01
-3.866438377067734677e+01
-3.810862259371894822e+01
-3.881749642125362243e+01
4.149616813065058807e+01
1.612740866719293109e+01
-2.997337623579297983e+01
-3.312003530774973115e+01
3.600306039401743163e+01
6.590693227248941355e+00
2.302504157241441973e+01
-1.445280043569120920e+01
-5.585350004974443117e+00
-1.995975839108583116e+01
-2.126990043387691998e+01
3.857373393162276187e+01
3.869086294021983718e+01
4.044788701881766713e+01
-3.701298702474446856e+01
-3.649727171522975766e+01
-3.532011109321278752e+01
-3.355810218568621650e+01
-2.414321025698647105e+01
-2.192823620748441016e+01
-2.031769852798313991e+01
8.337488360808393395e+00
1.023836002284635960e+01
1.615069727919723874e+01
1.062158860426520057e+01
-3.793797811876905257e+01
3.404021100753968199e+01
2.407025592297442884e+01
-1.755931172998386103e+01
1.994137962808612841e+01
1.346727188939908082e+01
1.523278329781967955e+01
2.065117345821770911e+01
-1.571141515738085914e+01
-2.503320311754968941e+01
-2.878651215494551963e+01
-2.967571009281289918e+01
-3.184077612265318891e+01
3.553111549700125948e+01
2.454340505076052992e+01
-1.477062177907860985e+01
-8.809055539803011925e+00
-1.461828718657375958e+01
3.804363271633143739e+01
3.991869663323865325e+01
-2.866415867912862936e+01
-1.070830137952902028e+01
-1.475654816368873057e+01
-1.965052028221050051e+01
-1.597594268375324944e+01
-2.101914548568517915e+01
2.049071272606770933e+01
1.481663278885238988e+01
-1.694276209177334991e+01
5.404201997491431264e+00
5.706047684812178389e+00
4.295617542118993271e+01
4.229230972329224159e+01
4.338930829538804090e+01
4.374331155434796159e+01
4.256834549678244883e+01
-4.799728530601602650e+00
1.115023923547503948e+01
3.694177102768040122e+00
3.531432674524356230e+01
1.152282246835378920e+01
2.979736926584676837e+01
3.126120547327025889e+01
2.569759434691884081e+01
2.061335134386193957e+01
4.162505306954666651e+01
-3.914736396770550897e+01
-3.758781656695242646e+01
1.845635311181191085e+01
-2.118059062540829984e+01
1.091141563635867939e+01
5.784675814453337672e+00
-3.481474724866951220e+01
-2.424146000747538920e+01
1.964874452551692130e+01
-1.094713110151058011e+01
2.452391302747349044e+01
1.166940167777351078e+01
-3.262583192140078836e+01
-3.024828117963841123e+01
-3.148858671353087146e+01
-2.928342131567809048e+01
1.598493931632964049e+01
1.749968047972614826e+01
4.298156034747812271e+01
4.237520394038514127e+01
4.293929492768192802e+01
-3.120099726140870899e+01
-3.222533762233471322e+01
-2.976029366999253867e+01
-2.650538723505793115e+01
-2.986526088963785952e+01
-4.514815641985192585e+00
1.310977303545024952e+01
-3.545831348641142000e+01
-3.664000964450747233e+01
-3.730716421642215863e+01
4.137794408466812257e+01
4.078678894082708695e+01
4.131738579263478073e+01
3.136506526089806002e+01
2.653144092701413115e+01
2.900439928274163037e+01
5.612826720000072545e-01
-5.172778726285632622e+00
-5.009670035841654823e+00
-1.016087523704491069e+01
2.890102047263557949e+01
3.094934929742235141e+01
-4.201876096177640107e+01
-2.259106539529518898e+01
-1.735977282729383120e+01
-2.092406586974862037e+01
-2.174177421996670034e+01
4.162696011987129197e+01
4.072872229707640201e+01
-5.668373631771576271e+00
-4.132863802997488278e+01
-4.136363202504873016e+01
-3.438797510314145001e+01
2.596610584958244061e+01
2.182104043354915035e+01
2.605182970668457898e+01
2.067108298691501034e+01
1.706905050854701145e+01
2.284350856897481918e+01
-4.396361825555047176e+01
-4.392691768271929220e+01
-4.371382824204339812e+01
-4.369934697384783107e+01
-4.012957847117439059e+01
2.177892589337390916e+01
1.603338949661306145e+01
1.734545049855591969e+01
1.436718619145642073e+01
-3.213344613429558905e+01
-3.400435473252723284e+01
-3.338933594706016805e+01
-3.517330289872324300e+01
-2.450225449716648995e+01
-1.636323118516751052e+01
-1.895610634561511887e+01
-1.985156280465362855e+01
-2.026848055037185858e+01
-2.424426717879221016e+01
-2.530825149861347967e+01
-1.995529050325475140e+01
-1.716818590658877852e+01
1.857087035896453031e+01
1.726740814378804956e+01
-4.287978499789736730e+01
-4.268657565205481319e+01
-4.379013026108849971e+01
-4.335341399091763748e+01
1.575519234584585959e+01
9.981592266619736975e+00
1.056214298839860000e+01
-8.255741479922148685e+00
-4.175505789569812976e+01
-4.141866504149336237e+01
-4.044764146060990839e+01
-1.115190106912510082e+01
-3.804095955525983186e+01
-3.587344950748885708e+01
-3.656518950400222678e+01
3.912162291892221333e+01
3.810609581097644849e+01
3.706746790340765330e+01
3.408825280214477260e+01
3.471971052505843147e+01
-1.610862319144364108e+01
-1.939411712168609014e+01
-2.267877459946203089e+01
-2.022129079824685860e+01
-2.181877749775587105e+01
-2.303937629526445008e+01
-2.693963361794459033e+01
4.338350718133447259e+01
4.240481961834952784e+01
4.269559148589841868e+01
2.304720540211187085e+01
4.091636723455358293e+01
-1.162556689242862973e+01
-3.899316895367626756e+01
-3.807292078080976694e+01
-4.342138383023503678e+01
-3.733624403399978320e+01
-3.880998611791269326e+01
2.846756644168367956e+01
2.696504193257499082e+01
-3.066208527523313876e+01
4.429407598733803297e+00
2.065915158767267101e+01
-3.282599055975447300e+01
4.186308146052424206e+01
4.069076820799018179e+01
4.298075836852407861e+01
-5.297938887266414376e+00
-8.072188784259767047e+00
-7.946926447269468952e+00
-1.963249768467898893e+00
-3.710239736374616015e+00
3.929111254780937923e+00
-2.183020843345087059e+00
4.385779385310837775e+00
-2.385231667427381907e+01
-1.999219464939438851e+01
-2.497752185253506951e+01
-1.588003218341419043e+01
-3.313468538479195757e+01
4.081748323390888800e+01
4.146036518312006791e+01
-4.212453294914597990e+01
-4.320293389054357647e+01
1.197657048299950056e+01
1.432781355715638050e+01
1.215448505577677984e+01
-4.089961525469435344e+01
-4.339544058675384264e+01
-4.340949739198226354e+01
1.014220239562187054e+01
-4.367622069169644305e+01
5.709469487005418564e+00
2.016135766069271895e+01
3.132446591711817163e+01
-2.623714005260918114e+01
-2.587018848593524822e+01
-2.740974360541445165e+01
-1.831305820472660884e+01
4.394783051047932787e+01
4.337285073030039229e+01
4.371153974146532306e+01
2.402611442319798840e+01
2.665021120727081083e+01
-2.481557775884375872e+01
-2.832366986601012115e+01
-2.580274564230337120e+01
-2.643917832583089123e+01
-2.958809070271102826e+01
-3.098291113223532989e+01
2.593058097434073161e+01
-8.401848699358264838e+00
-1.546508087736371984e+01
-1.166295703918813942e+01
-4.222584408789582255e+01
-2.873548599986477114e+01
-6.144539778172212863e+00
-5.423301791659140392e+00
3.898405564756937736e+01
3.649323535592157697e+01
-8.701934476126375273e+00
5.466706145679543383e+00
3.199295055467985982e+00
-3.406821086023051892e-01
8.020700423642310284e+00
4.297829091264762980e+01
4.119385357544327775e+01
4.202872829994274184e+01
4.016401965685373199e+01
4.063990207686529743e+01
2.579472911902783849e+01
3.997114734774134348e+01
1.372357163675740033e+01
1.334867185876595030e+01
1.896974504520360938e+01
-8.466023197953786550e+00
2.549840077735034072e+01
2.250290389492863952e+01
-4.303224727770930969e+01
-4.250094944940661179e+01
-3.997054474802521895e+01
6.478469523256795704e+00
1.194518272053574037e+01
6.192343652860732739e+00
1.412033018488527958e+01
9.954952110069791971e+00
5.987282312541159612e+00
2.467758838973263025e+01
2.043331375236031988e+01
1.801909100862663848e+01
3.436094841505443753e+01
3.577442080567559657e+01
3.436968237634045664e+01
1.620967656752765862e+01
3.611091413047636678e+01
7.021038179871622376e+00
1.387617577080918929e+00
1.158989257057793099e+00
1.994519104902085971e+01
3.900490644833436704e+01
-4.729228944166860238e+00
-2.396033099827130997e+01
-1.091941009291243958e+01
-1.633936705665379918e+01
-1.070152076159176069e+01
-5.786787510691837610e+00
-2.142412623500202074e+01
-1.798638376517779136e+01
-2.309632949032085847e+01
1.835062077390670154e+01
1.718885508373112003e+01
-1.224022769121314980e+01
3.877379555433090985e+01
3.820073401657943890e+01
3.720358196287136110e+01
3.994721080932090018e+01
3.037354304080976064e+01
3.068363384824843010e+01
-2.691026988175659085e+01
-1.198135689741475929e+01
-3.566138669696177743e+01
8.108967366898566453e+00
1.297146551359885969e+01
-6.653120827680134575e+00
-6.540851854562579781e+00
-4.045639458857529291e+01
1.087340735909232947e+01
1.677874281836259129e+01
-4.041258712404319908e+01
3.559625216073361287e+01
3.665606844267219344e+01
-4.384864552058412812e+01
-3.782235669263167921e+01
4.264414957292974151e+01
4.233072305075764774e+01
4.198475609567098132e+01
-1.563221615085280014e+00
1.178154095309099070e+01
4.249435036430511303e+01
3.494993070929184853e+01
3.315619649342036723e+01
3.703525862188992335e+01
3.097362521422558856e+01
-3.566159911278847972e+01
-2.480781466803522051e+01
-2.075934137075057961e+01
1.119305723960525079e+01
3.733956680081558233e+01
3.445806173657056348e+01
-4.352003614691969346e+01
-4.277089962540691914e+01
-4.139071471837007721e+01
4.739341073861650599e+00
-1.347701801938528066e+00
-2.551351491627877976e+01
-3.336242136653194024e+01
-4.042035489107422386e+00
-3.367965753989842881e+01
2.885402949401381889e+01
-1.173831259233316970e+01
5.937032160159692928e+00
1.591688493729085074e+01
1.840148755519052060e+01
1.354539711829723991e+01
1.610265620549705901e+01
4.345679110287689895e+01
4.313074803017372716e+01
4.347682447963922669e+01
-5.754996791609181983e+00
-4.246560210834204696e+01
2.912410932490848836e+01
3.090219671631512099e+01
2.324290283060359030e+01
3.161751933075003862e+01
-3.237646172477465711e+01
1.889354654164034031e+01
-4.949396514749619058e+00
3.051134256697925817e+00
1.635779077525133118e+01
-5.123320070411434557e+00
-8.891598095134840563e+00
-9.573180303275556469e+00
-5.203482087420127300e+00
-2.182567377961940025e+01
-4.303947755373611272e+01
-3.921791965648390832e+00
-4.292554401657716312e+01
-2.273740560097656882e+01
-2.507418082723475905e+01
1.710346717667925986e+01
-3.418166139371960099e+01
4.298756516194737998e+01
4.147639601991942726e+01
4.194997169288654248e+01
-2.764219347943436844e+01
-3.782592370114790015e+01
-4.129537712111358161e+01
-4.124064553907211206e+01
2.068209515008409838e+01
7.651756927312420409e+00
4.226182207297552651e+01
-1.723145135192716992e+01
-1.718420682030039970e+01
-2.458902184314160877e+01
-2.012700721558091033e+01
-1.708096687475352837e+01
2.498154588862623982e+01
-3.924654267230076954e+01
-3.996245688749831970e+01
-1.994909689488466142e+01
-1.475200570999590965e+01
9.289714326996563187e-01
-4.581168343129730758e+00
-2.910978852540521800e+00
8.172919179802283551e+00
1.042452615278109951e+00
1.611427172922984097e+00
5.909375045378657987e+00
3.349445906700083242e+01
4.246235857350365706e+01
-1.324943805899387961e+01
3.857622682529051161e+01
-4.229818968952712765e+01
1.854670527661317081e+01
1.434200586617606987e+01
-1.257944550665808059e+01
3.380225910785888743e+01
5.210469809083398296e+00
5.419851124325576031e+00
-1.586728659100634076e+01
-1.944274509653534988e+00
2.022585139587594938e+01
1.095140587995408943e+01
-4.057244187911079081e+01
-2.041305122960169172e+01
3.139319216375209010e+01
2.915156120663926131e+01
-1.420012990552415921e+01
1.715787520037460823e+01
3.878412324896292063e+01
4.262207175039530682e+01
7.283230350686284105e+00
-2.568707565003278859e+01
-2.162511392946882882e+00
-2.384958013987247050e+00
2.401159406863972112e+00
