4.400000000000000000e+01
-4.400000000000000000e+01
-4.392313883424819210e+01
-4.369187747598231653e+01
-4.330415351683050318e+01
-4.275643037775181909e+01
-4.204353823883222674e+01
-4.115842859803956344e+01
-4.009181513800734820e+01
-3.883165682414431785e+01
-3.736241271403864772e+01
-3.566395472232930786e+01
-3.370994707497148823e+01
-3.146536641512005872e+01
-2.888258651620246908e+01
-2.589499342927102177e+01
-2.240631151337359128e+01
-1.827310893378194123e+01
-1.328231921395014048e+01
-7.174323702731990160e+00
-3.978033889231914241e-13
7.174323702731307151e+00
1.328231921394960047e+01
1.827310893378137990e+01
2.240631151337309035e+01
2.589499342927058834e+01
2.888258651620214934e+01
3.146536641511984911e+01
3.370994707497131770e+01
3.566395472232913022e+01
3.736241271403846298e+01
3.883165682414418995e+01
4.009181513800729846e+01
4.115842859803954923e+01
4.204353823883222674e+01
4.275643037775179778e+01
4.330415351683050318e+01
4.369187747598230942e+01
4.392313883424817789e+01
-1.324247533875050031e+01
-1.653215867495782021e+01
-1.072966015496398917e+01
-1.649353522511446002e+01
2.802944172131662981e+01
2.132030148077389953e+01
2.247006942006184005e+01
2.326284659671791033e+01
-4.381357306676665075e+01
-4.396220928337204725e+01
-4.392383092742269213e+01
-2.663732831083794039e+01
-3.115068935772914926e+01
-2.843990493475170922e+01
4.282276343750483250e+01
4.264860836440261238e+01
4.360468742327166325e+01
-2.531094691563199106e+01
-2.939878352150543961e+01
-3.064500807603922894e+01
-2.232796777498419161e+01
-1.061524309428084045e+01
-3.440770067123525067e+00
-3.332429794669717005e+00
-1.034771086883388058e+01
-2.958969084113289938e+01
-2.506344059286248083e+01
-2.422303289422015027e+01
-4.309980699092958645e+01
-4.192839699257317676e+01
-4.326361651121022334e+01
2.727852887346740829e+01
2.545953708419984096e+01
2.772677397523818854e+01
4.094158405221546104e+01
4.223094357155636658e+01
4.150576991509998948e+01
2.526305384389592135e+01
3.249685304559471177e+01
2.925951275041040134e+01
2.875084689159825047e+01
3.170627685612879887e+01
-2.214640375082111134e+01
-1.857703503752679097e+01
-2.475367420256920070e+01
-2.132131157567220825e+01
4.323446197739549746e+01
4.273336491861103070e+01
4.210011938463242842e+01
3.500071375633727655e+01
3.554649575366840253e+01
-4.311276633358607313e+01
-4.236700481497179993e+01
-4.356350169272204198e+01
-3.376927296989480709e+01
-3.567384711508306339e+01
-3.273179029616564151e+01
-3.717096894240145133e+01
-2.443064701173489084e+01
-1.832016624756210987e+01
-1.873365706785380169e+01
-2.342388993773149153e+01
2.660624475589179028e+01
2.462396397261326086e+01
2.878252626956302862e+01
3.596194647140867318e+01
3.800691313809731042e+01
3.376044641100737920e+01
3.438637206235065946e+01
-4.304861742290349724e+01
-4.188398408446843035e+01
-4.272937517775493887e+01
3.671770797449953250e+01
3.235274464737545230e+01
3.697893135342660287e+01
-4.093158805479139772e+01
-4.214466483379894157e+01
-3.907185457674601281e+01
-3.966263279555303711e+01
1.669214954611704016e+01
1.767439215491729954e+01
2.185797279449421993e+01
-1.998928825593633007e+01
-2.495443428325775059e+01
-2.182224626807353118e+01
-2.477246532101208842e+01
1.582681266975352052e+01
9.341682199027669498e+00
8.209396518472614090e+00
1.439038806654568070e+01
1.023593505330024023e+01
3.547258504978905158e+00
4.790195817006850376e+00
-4.406238394831453742e-01
-3.351876817773072759e+01
-3.472338694965323924e+01
-3.324526911854160716e+01
-3.397329851421101665e+01
1.449242032037897943e+01
1.963480209730195014e+01
1.546145761446254063e+01
-4.276141290766811665e+01
-4.373984254366749980e+01
1.760801869849447954e+01
-3.182282846337610849e+01
-3.377718828461007661e+01
-3.037938205748566034e+01
-3.514628854285437853e+01
1.459358622234010028e+01
1.862991115611781012e+01
1.541282621074710057e+01
1.970706089731498167e+01
1.470979261428136020e+01
1.890144578258516006e+01
1.431939875167100062e+01
-2.202967799418194872e+01
-2.763093093440559045e+01
-1.709547450089483078e+01
-7.252593318932113675e+00
-1.362019533801105986e+01
-8.766772948680310762e+00
-1.251619452526193044e+01
3.916622865726853320e+01
3.927955794448600102e+01
4.136200625273964704e+01
4.144494601216302243e+01
9.831705355143849800e+00
-3.552984673980049735e+01
-3.708164453862641352e+01
-3.701860117032180852e+01
7.134571347206276393e+00
-1.947604640890351035e+01
-1.761325864071744007e+01
-2.381511241053271988e+01
-2.379891819212440041e+01
-2.376317084296674054e+01
-2.820608212415551108e+01
-3.320828341105183767e+01
-3.650010974354385240e+01
-3.260367344085287300e+01
-3.662419286569829779e+01
-3.176750087314425031e+01
-3.034194238617586947e+01
-3.507409083021389762e+01
-3.813138592568390806e+01
-3.664256752401401229e+01
-3.907393665678765871e+01
-8.420751234455025269e+00
-1.166428466063237934e+01
-5.433926155775824718e+00
-5.586229250598512941e+00
-2.197526316306457872e+01
-1.970565446009791088e+01
-2.355409666919121037e+01
-2.079100194445550898e+01
2.205266568900472990e+01
2.245069260566821967e+01
1.715372071992119984e+01
-2.191160753001936001e+01
-3.517723808387213325e+01
-3.750852126441326106e+01
-3.595773447115553267e+01
-2.643502036061331850e+01
-2.865232839926413178e+01
-2.605436429922064079e+01
-3.732125476223289695e+01
-2.613419651201095917e+01
-7.191816720558258602e+00
-1.290986464840150916e+01
-8.627939381560899790e+00
-1.570934708147898995e+01
3.957589598455984259e+01
4.129025932825717859e+01
3.961678291021833331e+01
-2.227309079520139790e+00
-8.008158305111093611e+00
-3.282065183496133187e+00
-4.289892567398280221e+01
-4.143423976501971850e+01
-8.689741754066643509e+00
-2.328528756706471192e+00
2.864986818226337917e+01
2.493995336377131977e+01
2.420341592489441140e+01
2.842529786174820927e+01
-2.201695555935578952e+01
-2.443822214266945991e+01
-1.815878046836136051e+01
-2.374574316543528951e+01
-2.309331396288667904e+01
-2.399889100403927955e+01
-1.925283918263511040e+01
-1.982448484178128822e+01
-2.784993492323161846e+01
1.064952676535262022e+01
1.091350101442139930e+01
1.271660447150757989e+01
-4.143463017547099980e+01
2.774499618028317016e+01
2.383849329504731074e+01
2.277114725712261034e+01
2.736601803762727059e+01
-3.508433856482358237e+01
-3.655719678960203822e+01
-3.372776417395851922e+01
-4.180591487402276130e+01
-4.163838814287844059e+01
-4.029029141252389934e+01
-4.049234000481156670e+01
-8.556842310974806409e+00
-2.355330993391938854e+00
-3.810634371464017178e+00
1.313515707704586966e+01
1.295002464318763913e+01
-1.344945134179332058e+01
-8.923003172601827515e+00
-1.313802917171988049e+01
-8.618751155786048557e+00
-1.543322862398430928e+01
-1.320887218834834087e+01
-1.272480939619581974e+01
9.314952759091857937e-01
5.790530157627390651e+00
6.782043267820905719e+00
-1.381116676878414928e+01
-1.503820541397340982e+01
-8.454818142631213840e-02
-3.169404454487531098e+01
-2.994467520804380101e+01
-3.358263240563780272e+01
-2.679368526189706046e+01
6.704380710652663389e+00
2.976461077373599107e+00
9.664419517095568679e+00
-3.357443077185145341e+01
5.800915958408160655e+00
3.764351389707020701e+01
4.218509989567063911e+01
4.248843494876727078e+01
4.050610359820890238e+01
4.082386175374954007e+01
1.873452072157601123e+01
1.381402527164991945e+01
1.324480894512310059e+01
3.889762194720133692e+01
3.931373250916181661e+01
3.731246120634870778e+01
-3.351574897068211811e+01
-3.533541065786957347e+01
-3.095327877079465040e+01
1.257354852431948977e+01
6.921861870526972993e+00
1.369891365608735967e+01
7.135635440957187825e+00
-3.783978324476137800e+01
1.379741400064657064e+00
2.568078908880111033e+00
3.929103229215237292e+01
3.757753527219583844e+01
2.999689136332581896e+01
3.282209651062505884e+01
2.830882429264876876e+01
-4.057551919418941111e+01
-3.752610814906090297e+01
-3.966523263347328765e+01
-4.156561637967556777e+01
-3.925889907753862218e+01
3.586828459510604006e+01
3.213559500693734350e+01
4.280953341828612935e+01
4.220624609566731777e+01
6.093246802043671195e+00
-1.443507706610652086e+00
6.933018285955802051e-01
4.484927100370710740e+00
-4.821939113362300744e-01
2.830727689478388953e+01
2.267897932523478843e+01
2.613454100592958085e+01
4.343077025100537014e+01
4.373508866908159121e+01
-4.354115375941380250e+01
-4.300667759380235111e+01
3.212633140332462034e+01
3.211554845598023888e+01
2.799698383792636847e+01
2.231970226924373968e+00
-3.167059496039033029e+00
2.441019759282223145e+00
-1.177643634715805909e+00
2.457934143713768904e+01
1.714923122475440920e+01
1.635946017519047047e+01
1.841221318104416937e+01
2.374204097837797889e+01
1.587012128476960937e+00
8.525210223335090376e+00
3.467962741524961867e+00
2.181236632490366034e+00
2.937684879322593900e+01
2.502442433698850976e+01
3.005621019779524872e+01
2.478044633058303958e+01
-9.794582803508420810e+00
-1.300591935991812065e+01
-1.548862563906399004e+01
-1.465458649190616924e+01
3.132599191809572048e+01
2.924889647390883951e+01
3.152800032667096986e+01
2.813404477981475083e+01
2.631205295811495048e+01
-4.005546966573758993e+01
-3.767985625696324092e+01
-3.686167830939800893e+01
-4.183742545496988186e+01
-3.903847536752675751e+01
-3.632618693989944347e+01
-3.328341000788743287e+01
-3.460720135517507146e+01
3.131691350503973936e+01
3.127655181525367922e+01
3.415594026307069697e+01
3.467457065295238294e+01
4.273214598981117973e+01
4.135462476690521072e+01
4.214634775780506004e+01
-2.783436744850189992e+00
-9.202897376155735998e+00
-3.330716618070793000e+00
1.922354677474593032e+01
2.379831379950593018e+01
1.997823202804771014e+01
2.656146278709190867e+01
-3.396261793717346933e+01
-3.651485249872550298e+01
-2.994883331030317120e+00
3.440913132809995112e+00
2.803217091219420087e+00
-1.818572898223389078e+00
-3.755779185853224789e+00
-2.783458724411421059e+01
4.020942502458527912e+01
3.893487954739241985e+01
4.018885011195570911e+01
-2.925837746328157962e+01
-2.801118439089771073e+01
-2.337737350920737001e+01
-3.007665431958054114e+01
-2.446646097203629111e+01
-2.533728068870657069e+01
-2.067708442587220929e+01
-2.116198465655330097e+01
-1.521284422306326967e+01
-1.708410627541163862e+01
-1.254196533398956959e+01
-2.274710062161565105e+01
-1.833032406749732957e+01
1.875253368617948979e+01
2.314195676447787875e+01
2.012246632412626113e+01
2.319652583878061947e+01
-2.570540785472872969e+01
-1.473371807070492956e+01
-9.743181848470705120e+00
-1.600219244303010058e+01
-1.076938241415084008e+01
-6.083975981243722408e+00
-3.032442649999973128e+01
-2.081056014415356969e+01
-2.275077966222508863e+01
3.197940296502365953e+01
3.362884184177477920e+01
-4.005456006286561177e+01
-3.904417950639457757e+01
3.886779577115484940e+00
5.603962011877136717e+00
1.018359707651693924e+01
1.008576731157572048e+01
5.456217647083909661e+00
2.010722135243695874e+01
2.647218998276350987e+01
2.261770387165888962e+01
3.963163846916420141e+01
2.831542091931554950e+01
2.537988999858150052e+01
3.419219751773528770e+01
3.814692378322713751e+01
3.514297217321387734e+01
3.705160130083780246e+01
3.559020045033047097e+01
3.355198524560655216e+01
3.454226228911227281e+01
-3.476388389428071690e+01
-3.019059627850066008e+01
-3.558084535071711940e+01
-3.754699442055692771e+01
-1.112550235076228056e+01
-1.876086115057763948e+01
-1.197272430277507027e+01
-1.549936623467367980e+01
4.203615087393267657e+01
4.016025894681101960e+01
-1.735147136200718165e+01
2.325935961744935998e+00
4.673604863676265708e+00
9.864549047164137718e+00
1.124605208582178051e+01
-1.314921167520489043e+01
-1.008075945801932960e+01
-5.616147581340012351e+00
-7.999207687087707797e+00
-3.494377819410046726e+01
-3.474599277522094809e+01
-3.191994873779719910e+01
-2.815255549284164971e+01
2.855449648596323087e+01
3.361419491376611290e+01
3.155213887488191915e+01
8.179255432113139435e+00
1.502651572767375043e+01
1.304693857079744923e+01
2.722693264973664995e+01
3.150624779773696105e+01
1.918612540327519156e+01
1.391765718291721043e+01
1.586137477993561973e+01
-3.914624235032719923e+01
-4.149329382197777250e+01
-3.971770513934669822e+01
2.971748281063723018e-01
-1.638370672984674981e+00
4.495593134081912190e+00
3.068000538511252095e+00
4.343073032698357139e+01
-3.629606901231746718e+01
-3.797141976783071726e+01
-3.445993143238791134e+01
-7.071004730016187345e+00
-1.141254099833006075e+00
-1.791839401349619942e+00
-3.466070441415489256e+01
-2.332907450809372918e+01
-1.926294609132170166e+01
-1.537202063342330050e+01
-2.952082596581394114e+01
-2.335189565323370076e+01
-2.445343473385041122e+01
-2.880925736838089080e+01
3.396749410001042691e+01
3.086370674439724837e+01
4.076137197832098025e+01
3.895461903131207748e+01
3.983811055538088652e+01
3.940418782864651348e+01
3.943339710250795349e+01
-5.592304341050271077e+00
-9.138141454846667955e+00
4.142953591078960329e+01
1.763123530419357010e+01
1.070847890792524915e+01
1.738675328842078116e+01
-2.482221227627240978e+01
-2.739837041275387008e+01
-2.270102501752154112e+01
-3.020663916077950972e+01
-3.048017416985431893e+01
2.674965385375690019e+01
3.012109826611579066e+01
2.594238663613064944e+01
2.718912443610592078e+01
-1.296472620558379951e+01
-1.911575415011396828e+01
-1.659441628405360092e+01
2.134043500271084071e+01
1.632778099099135005e+01
2.162672701533389130e+01
1.637375575114090864e+01
1.001410803904578017e+01
-2.339988876008786889e+01
-2.753865292615870075e+01
-2.678732150808709989e+01
2.672585848891472082e+01
2.156799902946832148e+01
2.291063293050989103e+01
1.926052020951669874e+01
1.814775927175437076e+01
2.327049737846035882e+01
3.531968102078742788e+01
3.126936876260329967e+01
3.360918088294385342e+01
-1.024103328995554918e+01
-5.827829606525602557e+00
1.947617064557988087e+01
1.750998526618640128e+01
1.395955773269935918e+01
9.989924073953787342e+00
3.808986597713647893e+00
1.072957694201974022e+01
7.491128425229701904e+00
7.838426034087553340e+00
3.077945349541181042e+00
7.976160730755320394e+00
4.262922723731337271e+01
1.941497989773012023e+00
2.875188174471415081e+01
3.355294820123493338e+01
3.139242853983818904e+01
3.255740733495581196e+01
2.955951264368286857e+01
2.690564539871676075e+01
3.035417048706309018e+01
1.571820895998878953e+01
1.532821618731287039e+01
9.631472597883446340e+00
-1.789811032087127884e+01
9.840089435865214895e+00
4.369508483095849272e+00
6.757486209911406583e+00
3.659174247840635275e+01
-2.995000926799920027e+00
5.110028337032042067e+00
4.027809403724578741e-01
-4.214671168845202764e+00
-3.870156711378581349e+01
3.519180997351330831e+01
3.339145558601511254e+01
3.553788938676211728e+01
1.242477735103308056e+01
2.111877457594628993e+01
2.089329477615093111e+01
-4.217856858094030770e+01
2.409618683829926056e+01
3.104639865318154079e+01
-1.978288989574297929e+01
-2.534138118436515086e+01
-4.146814447328817721e+01
-4.224827192454606717e+01
-4.094532876256418774e+01
1.522169440024615916e+01
1.733719027858430906e+01
1.084322199581188073e+01
-4.067999299898494314e+01
-1.368969038146875050e+01
-1.966964031772242905e+01
-2.064902219097612956e+01
-1.238419421580572966e+01
1.865843099093916990e+01
1.385049387538827048e+01
2.331010950927475989e+01
1.932667801793346030e+01
-3.615589322605893052e+00
-9.789518318962686649e+00
2.741155017911160030e+01
2.267653010007106928e+01
3.304972825423435978e+01
3.206000773523108904e+01
-2.200746115731299923e+01
-1.583420156745656016e+01
-1.960402878008142835e+01
-2.561406830497357845e+01
-2.030609730576640004e+01
3.173904709660980927e+01
9.589457399367399049e+00
-3.393405739404345667e+01
-3.684885011394423771e+01
7.504788173981361332e+00
1.401554954656005059e+01
6.394719398898422114e+00
1.334148073578367066e+00
9.082185130584241151e+00
-3.788636061700503177e+01
-3.491403281859516738e+01
1.590711345192327997e+01
2.143564923299759073e+01
1.741352107851962927e+01
2.106705963532138881e+01
1.836513873083319981e-01
-6.887682646789294871e+00
-1.291501476881098931e+01
-1.727841873542692142e+01
-1.909021535373873135e+01
-2.105581013848211924e+01
-1.427966064190479045e+01
-2.287370304884919037e+01
-1.768978435500615021e+01
-1.395476927005801038e+01
1.679794710124545176e+01
2.387499808666348144e+01
2.029809735678555072e+01
6.234451165305245013e+00
1.034771996701458008e+01
3.621635198984632353e+01
3.405852366434221778e+01
3.569997618321922772e+01
3.469347275663724872e+01
-1.560211082970955943e+01
1.032081591216758021e+01
-3.375905812383626081e+00
-1.290362609605647037e+01
-6.567508834910635862e+00
-3.743026175287396740e+01
-3.424566738928498921e+01
-3.732090076182294780e+01
2.012779367081779114e+01
2.536372092529045119e+01
1.439348166619202019e+01
-4.535361106776949924e+00
-3.428641887797771659e+01
3.283017607966095142e+01
-2.989850465719590034e+01
3.173253084037702010e+01
2.792494242014772965e+01
-3.411841118669099160e+01
-3.600823691298356266e+01
-3.574591653743436837e+01
-7.555789112234542193e-01
-1.546432503608695086e+01
-2.080293237282431917e+01
-1.461735584460121018e+01
1.203553383776970964e+00
6.794788988908096350e+00
2.709937670297151158e+00
-3.954880491628526329e+01
-3.609725030197463269e+01
-3.741653989930730262e+01
-3.708015381373677855e+01
-3.930580621938401009e+01
4.233061751589865196e+01
3.811878483364463222e+01
4.091991732867727904e+01
3.886616184113466943e+01
2.565438119493326141e+01
2.653953288145600098e+01
4.109013362788404322e+01
4.116401272137680678e+01
2.342169601414780900e+01
2.717295587344095154e+01
2.596032981652084004e+01
2.894768045589550098e+01
2.375721332573338884e+01
2.877588364024662937e+01
2.444597733245092996e+01
2.588701465089863873e+01
-2.756687113266769984e+01
-2.570217965528665971e+01
-3.223629269766421146e+01
1.647376951435918890e+00
-5.171471369803303020e+00
-4.445425784039552575e+00
-4.582987196680560205e-01
1.186465288150770014e+00
-1.642364925878127835e+01
2.037978065613415879e+01
2.228565854562440052e+01
2.308925295639048869e+01
-1.711799015312656991e+01
-1.568747871005088079e+01
-1.220496856697520016e+01
2.893336906731545000e+01
3.164227793851150139e+01
3.009929722609231106e+01
2.957486407339780854e+01
-3.848476332025290247e+01
-3.792510223949273040e+01
3.273983642675481320e+01
2.923552529142526879e+01
4.151397699845517764e+01
4.000004710335839064e+01
3.774964199652691144e-01
-5.040640576795669681e+00
-3.855615747581692121e-01
-4.834137860397565767e+00
-3.763440405114931053e+01
-3.606932741701113088e+01
-4.123933423697143752e+01
-1.873420585832156959e+01
-3.416277515880325666e+01
-1.808139163336580069e+01
3.491221555730623294e+01
3.752859749312425208e+01
1.471620886451722932e+01
1.875174691931593074e+01
2.738416011193842081e+01
1.418107794154041024e+01
-2.736316777573399861e+01
1.885118395727516116e+01
1.729449288091040060e+01
-3.803106311504684811e+01
2.144482743959875037e+01
-1.806214254685133014e+01
-2.091000332241430115e+01
-1.806228275354238022e+01
-3.320799192645554854e+01
-3.073288313419741158e+01
-2.846987882616967980e+01
-2.896007523163347130e+01
-3.175503813489646987e+01
3.727115053332669703e+01
3.769574931380842742e+01
3.381849264068611660e+01
3.514276444519691012e+01
3.276053123071253026e+01
-2.986211717202127858e+01
-3.448102804204840766e+01
-1.592395412686142997e+01
-1.137126362109668953e+01
8.648137623795996376e+00
1.195415383713767987e+01
4.528029154049733940e+00
1.288599795329360020e+01
-9.467480031424562625e+00
-3.856678143397808789e+00
1.741496096638012858e+01
1.960220153805157040e+01
1.356148167471996935e+01
-4.372810020255092667e+01
-4.383764091058438339e+01
-6.139724138542478116e+00
-8.439577094022802928e-02
-2.397808880953098853e+00
-2.420311264758275982e+01
-2.248972499456553109e+01
4.383951325869219318e+00
1.066373367271071082e+01
-1.672060898263963935e+01
3.112047930810969021e+01
3.379638224292894222e+01
3.708303427915600281e+01
3.606211994888028727e+01
2.194799657106262902e+00
-3.686860995048972800e+00
1.547641676216620077e+01
1.695291708961167032e+01
-3.540117098946421237e+01
3.169771009709018017e+01
3.402033688585839855e+01
3.140997469626907090e+01
-3.300433644395722865e+01
-2.631829449812860133e+01
-3.097124969392903893e+01
2.615133251777954015e+01
2.950028643916424897e+01
1.493853130729288914e+01
1.651895367032915019e+01
-3.460941279255055747e+01
3.187124777740876169e+01
3.445827724324953323e+01
3.575547690626844854e+01
3.757499277328800957e+01
-9.272043631863711610e+00
1.938809713987835082e+01
2.368302917571131161e+01
-1.428209242401110934e+01
-8.563549181292851031e+00
1.293744592517724001e+00
-5.612002687233882625e+00
-5.701949313346754700e+00
-4.237358879450233151e-01
-5.100924806443618564e+00
-3.130045556672467910e+01
-3.010385680042638867e+01
-2.277073405036738052e+01
4.394987884289000846e+01
4.361714516068293079e+01
-2.373598504551587141e+01
-2.029624476808648126e+01
-2.308533293747138870e+01
1.780323518374595082e+01
2.153355867852997108e+01
1.570230629412139045e+01
1.282401166428195083e+01
3.620866224078565665e+01
3.926852879080477976e+00
-4.354358545622451970e+01
-4.377140178385042901e+01
-4.296683529749797259e+01
1.868268245963342977e+01
-2.425650636640326852e+01
-1.943169265929774880e+01
1.784509539955763913e+01
2.207328738034656013e+01
-2.400880564278727203e+00
-8.292345144733136664e+00
-3.100046206495573831e+00
-5.898101134227030862e+00
1.282158792673459935e+01
9.431521568940313571e+00
-3.323086647116537051e+01
2.580512721100276963e+01
2.344259936746585993e+01
2.031522109130326115e+01
2.149540008249845968e+01
-1.446475123460660051e+01
-2.307325998555251889e+00
-8.991556430477460893e+00
-4.734914200209511037e+00
-2.221293811968240917e+01
-2.866945408567108089e+01
-2.524853317343747960e+01
2.336005971776533841e+01
2.421371364255326952e+01
1.948251850977056066e+01
1.209238687922271005e+01
1.590554169759954917e+01
3.739762271553411210e+01
3.806500278371198220e+01
3.132934645198755064e+01
3.217287024239634974e+01
-1.975351593007574991e+01
-3.601200579402407698e+01
-3.779684971490303269e+01
1.769207836407770884e+01
-2.992922969834685176e+01
-2.854880121261582104e+01
-3.102101905041326901e+01
-1.368884007542073000e+01
-1.904621146729197889e+01
-1.644020125054796111e+01
-4.203455753922379756e+01
7.312315887570388639e+00
-4.295102584631104037e+01
4.012350209868211692e+01
4.158130907554284761e+01
4.156856178750347652e+01
4.023315739021855109e+01
4.304554118085850689e+01
-1.628654211657515916e+01
-1.221980963048902069e+01
2.694526636169812051e+01
-1.657176092169325088e+01
-2.529479638715078949e+01
-2.885908580922594169e+01
3.071839431965587153e+01
2.610739904599196137e+01
3.743980209502978340e+01
-3.147026122116670166e+01
-2.665907776428372955e+01
-2.005748464247437113e+01
-3.516268663244454729e+01
-2.362037198716733144e+01
-2.719181020594608000e+01
3.614196005845852255e+01
3.801984345278391686e+01
3.610403917088027725e+01
3.303418932228666005e+00
-2.740640854543440952e+01
3.644808769002707294e+01
-2.626918354403072087e+01
-2.916977657765318099e+01
-3.189045960211296915e+01
-1.704175155826197141e+01
-1.953208231843175113e+01
-2.445102121636274006e+01
9.964289723464606396e+00
1.424656833950620083e+01
7.847755068799690648e+00
-1.009618534974185078e+00
-2.473533162431797905e+01
-2.360084876446670066e+01
-4.358606454656099771e+01
3.684246202311736340e+01
3.765961904189627774e+01
3.521715406532354820e+01
-2.739595775407937950e+01
3.532861232771001170e+01
3.656154994880049713e+01
-2.906290231052739870e+01
2.245285528343156045e+01
-3.064341534450066007e+01
2.942973215835111844e+01
3.000214024142924885e+01
1.649459816377799015e+01
9.872536714020467841e+00
1.286427727488644024e+01
1.221907897318640046e+01
2.004759499208001827e+01
2.968328892937975994e+01
3.338371180677079764e+01
1.969877322080917992e+01
1.952426930711150987e+01
2.417012471321652001e+01
2.722279652733541866e+01
3.230417152172393713e+01
2.897614082786578038e+01
3.129371943415732105e+01
2.775177190289646134e+01
5.971752208165996834e+00
6.501852116458486819e+00
1.520809879837742074e+00
2.171314944264928926e+01
2.512352797194182941e+01
2.465628099235167170e+01
4.116972134382398707e+01
4.307348438291884207e+01
-1.122685008598148038e+01
-1.568858172218403979e+01
-1.596700594346918933e+01
2.832211731797046106e+00
-1.898134343353078890e+01
-1.453124289981506934e+01
-1.538401553772613006e+01
-3.175034932619556116e+01
-2.062507036435980012e+01
-1.987907991671379904e+01
-1.808183466878197976e+01
-3.721802100714536721e+01
-3.604310835700859883e+01
-3.479099446119329997e+01
2.013486457415039155e+01
6.409408681960305110e+00
-1.249061484902368058e+01
-1.183507356932718046e+01
-4.016159049381356283e+01
-4.044010345266688233e+01
-3.086044367582339021e+01
-4.186676336702942081e+01
2.703913535104754828e+01
2.610392111201637988e+01
2.391240670447183092e+01
2.843114273398854053e+01
1.230089915567701020e+01
2.221335450534127176e+01
-3.359839136426389672e+01
-1.859406523927601995e+01
-4.296013278197447960e+01
-4.224198048659548732e+01
4.346553248090312849e+00
2.697865145940444798e+00
8.570043073886351337e+00
1.061765467695004972e+01
1.282064871566372055e+01
1.107781759073220940e+01
-1.473982624708800948e+01
-1.271569535084617009e+01
1.285256103216694967e+01
1.090316369134601970e+01
-3.748471532418739116e+01
3.394424541507277837e+01
-3.262211274757645896e+01
3.092672117393946962e+01
2.870911881619642969e+01
-1.164098002355756023e+01
-7.141269506839363679e+00
-7.073971807404853429e+00
1.591387082586562052e+01
1.465787393237255998e+01
1.394333137806160039e+01
1.947233151054624045e+01
1.641236260248915002e+01
2.256039123081162145e+01
1.716027941332666984e+01
2.948948908400544866e+01
3.091196106749291062e+01
2.954053599144850040e+01
3.248925418039340229e+01
-2.217452433136739032e+01
2.536632350233885091e+01
2.774285442880530894e+01
-3.792069578746706782e+01
-3.678952231825486763e+01
-3.991433664494992684e+01
-3.821950770934156338e+01
-3.724209384902574271e+01
-2.815412572080323983e+01
3.142330946756532128e+01
2.357680015746685953e+01
2.087592046506998145e+01
2.007133208282510850e+01
-4.343681317045917090e-01
-3.443569365034211671e+01
4.137909203879746656e+01
4.293862885689534892e+01
4.110609908174949112e+01
-1.535340913383259043e+01
-1.096255107150964037e+01
-3.327521252282524244e+01
-4.267300463355719842e+01
-4.143086447999755251e+01
-2.750399034684387090e+01
-3.066212401093999063e+01
9.183492578304333520e+00
3.278514885760338871e+01
3.542494733292871700e+01
1.070755149990747057e+01
4.318700553655381214e+01
-1.760130249891215115e+01
9.482831131218249610e+00
1.173360350683634934e+01
6.612010747329875038e+00
4.632596574235805065e+00
1.102995212626369970e+01
4.056441940333032647e+01
2.640908435142840105e+01
-3.430283592282781058e+01
1.718764943496967135e+01
3.875671582469504273e+01
-4.437461942846304908e+00
-6.719330904447691211e+00
-1.035223386751252050e+01
2.617730142982053110e+01
1.333331306382027925e+01
-7.661235696033397602e+00
-1.325426776072196944e+01
-1.132368725712234969e+01
-2.082919481919041971e+01
4.262556903432562905e+01
4.359663937214933327e+01
-1.230400066929228942e+01
7.356795852758820864e+00
-5.483344754964665668e+00
-3.107228533792524061e+01
3.487084577781941874e+01
-2.877561503038938895e+01
5.436448904814980665e+00
9.630493587892718921e+00
3.556465658923630979e+00
4.294393617119593998e+00
1.855336993983603122e+01
2.035400342335752910e+01
-3.907283389281206887e+00
-4.162367735056561102e+00
1.379155588924690923e+00
-2.858265623502407138e+01
-2.614769902187573081e+01
-1.207700744889620026e+01
-1.682270112843331944e+01
-1.508203244885227079e+01
1.468252056153798080e+01
-2.558404453953367863e+01
4.975915278123536289e+00
-3.843220600161191824e-01
5.155740902812985915e+00
-6.169320045034605293e+00
-3.746317150869447943e+00
-1.096981873229792015e+01
-2.750437231269167171e+01
-3.213306676036327758e+01
-2.888592502887922109e+01
-2.560016830587801095e+01
2.213422896382522964e+01
3.954475121982910935e+01
3.833812022535195752e+01
1.379293381502436056e+01
8.198948790394604558e+00
7.949064205177427844e+00
2.221656257401475898e+01
2.549751850691912836e+01
2.010802650839108097e+01
2.572622443248361890e+01
-2.152217271434725188e+00
-9.461939138810000927e+00
2.813680382602581176e+01
-7.547111391122394153e+00
-1.081466003522757013e+01
1.127993014962549978e+01
-3.074769457578295828e+01
-3.321971171068388884e+01
-2.947834620451394017e+01
-3.258259797476097219e+01
-3.538717376355572242e+01
-3.406767783274607808e+01
1.434780963540009058e+00
-1.575217445417258055e+00
3.082700440628737049e+00
-1.184727729612893965e+00
-1.973921323571307951e-01
-3.810261514033837926e+01
-4.084940596585661865e+01
-4.007169785058896849e+01
-3.307747796674713925e+01
-5.371151109490705622e+00
-5.754935534062768809e+00
-1.366282589406221937e-01
-6.069487427938196067e-01
-3.444789026256722053e+01
-3.911543160224800175e+01
-3.708497956557390296e+01
3.910251032220657663e+01
3.853456762838452221e+01
3.167061333928997158e+01
2.958766591418634917e+01
3.345827520361537211e+01
3.597362352703837729e+01
-3.975287034852671297e+01
-4.007904481796156659e+01
-9.813728773948650286e+00
-1.014931136286788949e+01
-4.269953878495567068e+00
-6.024656266530436177e+00
-4.043758837297770725e+01
-4.203656081560090740e+01
3.892888916076984884e+01
-3.893268403445888026e+01
-1.385757571805802968e+01
-5.196125916429920055e-01
-8.200843224530062869e+00
3.938162595249765729e+01
-3.228279590599755888e+00
-6.557507137108740558e+00
-8.961148280957356604e+00
-1.282531996741962033e+01
-1.710001077887027066e+01
-1.693767859638631990e+01
-2.295776064235737834e+01
-2.035053743331015141e+01
-3.994146913466423854e+01
-3.923086625492373969e+00
-8.375007068240235553e-01
5.508318939507859113e+00
-2.129004140397832856e+01
-2.259662192578424111e+01
-1.926841931850024991e+01
1.487339170381128062e+00
7.063540478275379897e+00
8.136864689261766870e+00
-8.131598124721218568e+00
3.428007236094645194e+00
-3.526740107645208155e+01
1.320736986271809954e+01
1.745980073495791984e+01
-2.660210974883803203e+00
-1.040666222496158078e+01
-6.743199833160021583e+00
2.444394573133105819e+00
-3.443861268799131015e+00
-2.669808908073148146e+01
3.714989092365932777e+01
3.884838259437557895e+01
1.629212482756256009e+01
1.304030160762592061e+01
1.664281030470987943e+01
-9.365092482784035610e+00
4.360619786592439340e+01
4.173003099042642106e+01
4.109483657526885736e+01
4.218732599846173770e+01
4.258610954212866773e+01
4.060012082330543137e+01
4.027979915684542789e+01
3.936022721566377669e+01
-3.694120656070980857e+01
3.918672648659150326e+01
3.611719776657548664e+01
-7.302863798832392561e+00
-1.223788289600281054e+01
1.281275644587337936e+01
8.791482322793049420e+00
-1.222409447017152040e+01
-8.200144704670378815e+00
-4.178137915554545145e+01
-4.069188999511859350e+01
-4.101168521266954770e+01
-1.199781415462049949e+01
4.067794285510388796e+00
-4.748308957088558935e-01
4.274806763016015054e+01
3.522501950722753961e+00
4.361895914180374234e+01
-2.522105200286463145e+01
-2.515649423657781014e+01
-2.979782811325364023e+01
1.727803478532618087e+01
1.028074115999521077e+01
3.319223510237816299e+01
9.150183787336541030e-02
6.165508612938420008e+00
-2.652987313781816958e+00
3.402843754352453942e+01
3.274785961070426765e+01
-6.224953012813982056e+00
-1.890044867688372987e+00
-1.667290668555981015e-01
-9.346921013633140873e+00
-6.898136661056872398e+00
-1.105034010164924085e+00
-2.773563515832912074e+01
2.528706929629118960e+01
2.279289084864306858e+01
2.627774328402255932e+01
-9.629438193124199685e+00
-3.185787499057110850e+01
-3.189005833117940014e+01
-3.017785601821779906e+01
1.960226549144233132e+01
2.369949065465571891e+01
-4.274364406585100085e+01
-4.214027240119268214e+01
-4.172957203212462218e+01
-4.256200541223775247e+01
-4.130767874614031143e+01
-6.919878209757404974e+00
-1.409050738124848934e+01
-9.623726313789136455e+00
-1.561223313685714942e+01
-1.250276576929791084e+01
1.362459936755844936e+01
1.797893746599196874e+01
4.032439945851250229e+01
4.090492702988653662e+01
3.838889662151038351e+01
4.279892202750094299e+01
2.922408283805328111e+01
3.289041392244016748e+01
3.261600435755410921e+00
1.957494585386553965e+00
1.287796850332624921e+01
-2.768128492201930868e+01
-2.775766229180538858e+01
-3.092091027635256140e+01
-2.425775571836074107e+01
6.267449126038319385e+00
9.785332672953416022e+00
3.570158791344057647e+01
3.776173447429597019e+01
3.951293303750716035e+01
2.161902461188271118e+01
1.723894903157852099e+01
-1.336875630150093031e+01
-3.376889731603701250e+01
-1.664489739434452176e+01
-3.855182253496529654e+01
-3.822693409178911139e+01
-3.918168417416981697e+01
3.603848150767053227e+01
-1.965377372109697163e+01
4.373735840731247748e+01
5.004202156777867394e+00
-2.827835114606832079e+01
-2.406330661231725898e+01
-2.508238923588626079e+01
-2.772126284587966083e+01
3.566450262764151091e+01
3.675100733371767348e+01
3.377206666278109282e+01
-3.924187288705287102e+01
-3.924464257706301140e+01
-3.330038192344604653e+01
6.166328850611350276e+00
1.739204006254434054e+00
7.915559808342080395e+00
5.010480856788052328e+00
-2.234241958658142124e+01
-2.379343972606276125e+01
5.105698000026592354e+00
-3.988781785161661730e+01
-1.652285114510704034e+01
-3.259366916077632936e+01
-3.175710427492035848e+01
4.039911001960371095e+01
-2.294022116275995060e+01
-1.714233939166588883e+01
-3.901458249114394761e+01
-3.648133860849957699e+01
-1.543584235196640009e+01
8.635737867962188119e+00
3.605681004871417183e+00
-2.912843043252193898e+00
-2.072186069483052862e+01
6.985588017273316019e+00
2.736768200000916806e+00
-7.431237477452568019e-01
4.307462703802570303e+01
-3.772561655646253342e+01
3.325440902766997997e+00
1.337748232470450027e+01
1.962863597375352143e+01
1.205829538189986039e+01
2.442517291576848848e+01
2.230283534746954999e+01
3.597495266154668769e+01
3.783938101837672718e+01
1.120692240389158911e+01
-1.211439216089901016e+01
-1.683216720801490141e+01
-5.144367338788917721e+00
-8.668459575363455016e+00
-1.378917188902972057e+01
-4.278709350497916120e+01
-4.306459308362614991e+01
3.509604547890553761e+01
2.820848104849642013e+01
4.360674463556439662e+01
-2.673747335070628850e+01
8.193327223788976710e+00
-1.036981437216035928e+01
-3.910050586527329841e+01
3.213948556596088224e+01
3.226194066350348066e+01
-2.927658829785627148e+01
-2.608768478826020853e+01
2.184852646788173924e+00
-7.519858325169896940e-01
-3.011113905149485959e+00
-2.586284185267227897e+01
8.705448010141878967e+00
-1.726358647389184142e+01
-1.139023802271506014e+01
-2.084547213396120036e+00
-1.665839113460814858e+01
-9.479603244572651022e+00
2.868614257055675054e+01
-4.371000679932822663e+01
4.219332624389154063e+01
-3.976056840813414794e+01
3.469512025731260962e+01
4.042621509251269174e+01
3.957329034163649339e+01
-4.302538772925340993e+01
-3.354289356373639208e+01
-5.785228339450156909e+00
4.381694430861882239e+01
-2.559078985496671788e+00
3.061627625880502990e+01
2.763732353029699951e+01
-2.895875149869598886e+01
4.210938827998375267e+00
7.665307728704343404e+00
4.993478462906136173e+00
-6.300976537054851612e+00
-1.258732933080982974e+01
2.233944710585301152e+01
6.851872760709033727e+00
1.051028191757825958e+01
1.671845173042123989e+01
-2.478800576197297900e+01
-1.179885412092759012e+01
-3.202945511253906119e+01
-3.046098391741731959e+01
-1.539319677926843966e+01
-1.915491784525191932e+01
-2.679064670170825835e+01
-2.004522589094355922e+01
-1.887968591872003898e+01
-1.795505549307370075e+01
3.708834851313466885e+01
3.882910571904764652e+01
-4.347348493712244277e+01
-3.854976878663988771e+01
-3.976048214055216334e+01
-4.032777037984911317e+01
-4.033238089308746765e+01
-4.109828802972487694e+01
-3.952810413303051718e+01
1.244135813412528080e+01
-6.320049241009866314e+00
-3.057262733355532092e+01
1.057175720298642041e+01
-7.529823371090330397e+00
1.393111948673631950e+01
3.110699810203087168e+01
-4.043333217894839038e+01
-2.044476886060520116e+01
4.047933592167721173e+01
4.134547859332474928e+01
-2.178013376412492974e+01
4.139129241907890133e+01
-2.165489037268788053e+01
-4.124064164955157707e+01
5.763363332527789318e+00
3.742696015713575264e+01
-1.898149485467503084e+01
-2.021396115605238109e+01
3.804284228857986250e+01
3.976335557821077771e+01
2.063533773180720132e+01
-2.112767323833114830e+00
-4.210103251159050330e+01
2.498635916926739853e+01
4.394457162097057079e+01
-4.393218649424130717e+01
4.393411648363562705e+01
