57
61
63
89
90
967
2
60
108
355
1946
3
355
1946
1947
2192
3070
4
688
1726
2192
3070
3084
5
688
1726
1727
1732
6
1727
1732
2977
7
1727
1805
1806
2977
2978
8
1786
1806
2978
3016
3074
9
1786
2550
3073
3074
10
2550
2554
3073
3079
11
2554
2854
2918
3079
12
867
1573
2854
2918
13
387
531
867
1573
14
387
530
531
2877
15
530
2813
2815
2877
2878
16
1599
2815
2878
2930
17
218
224
1599
2815
18
218
219
224
225
19
219
225
2415
2626
20
1399
2415
2626
2693
21
1001
1399
2693
2694
22
1001
1003
2605
2694
23
418
1003
2303
2605
24
418
419
2077
2303
25
419
1382
1781
2077
2620
26
1781
2229
2620
3064
27
544
2229
3002
3064
28
543
544
3000
3002
29
543
1288
2778
3000
30
1288
1694
2778
2779
31
1694
2702
2779
3057
32
1788
2150
2412
2702
3057
33
1788
1789
2412
2413
2414
34
1103
1789
2414
2979
35
1103
1105
2599
2979
36
1105
1859
2258
2599
2655
37
1859
1860
2258
38
273
1860
2257
2258
3049
39
272
273
2940
3049
40
96
272
2797
2940
41
95
96
1199
2797
42
95
198
317
1198
1199
1337
43
316
317
997
1337
44
316
996
997
2445
45
996
2445
2690
2959
3041
46
898
2690
2959
47
897
898
899
1133
1135
2501
2690
48
899
906
2501
49
451
906
1034
2501
2535
50
445
451
1034
3010
51
445
648
1740
3010
52
574
646
648
1740
2633
53
574
575
646
2911
54
575
1800
2816
2911
55
1748
1800
1802
2816
56
92
93
1748
1802
2112
2614
57
92
1752
1937
2112
90
967
1752
1937
59
60
1704
1816
1817
2972
60
107
108
1704
2719
108
1817
1946
62
63
89
98
63
98
532
1743
1780
532
967
968
65
66
67
386
2368
66
67
499
500
550
2171
386
550
2487
2526
2171
2368
2369
2872
69
70
256
302
1766
1767
70
201
202
271
302
194
195
271
1766
72
73
778
1365
1366
2232
73
97
778
2237
2812
97
1102
1365
75
76
77
782
2703
76
77
423
431
781
1839
2304
780
781
782
431
1116
1117
2703
79
80
1224
2505
2713
80
1222
1224
2864
3063
2505
2754
2862
2864
82
83
817
821
927
1004
83
84
1004
1375
1461
2629
84
473
817
823
473
1401
1461
86
87
88
1018
1470
1471
87
88
909
1349
1595
1017
1018
1593
1595
104
1349
1449
1471
90
91
98
1758
91
165
1752
165
1758
2830
3040
93
226
1752
226
227
228
1748
95
96
199
1798
2939
2940
96
198
199
2940
416
1102
2808
2812
114
1743
1758
100
101
440
441
612
670
101
102
440
444
102
668
670
1589
444
472
474
1502
1589
1630
104
105
106
863
907
1374
105
106
1349
1448
1449
722
863
869
1448
907
908
909
910
1349
108
258
259
2718
2719
259
355
356
110
111
510
577
578
1055
111
112
578
2625
2753
2964
112
1054
1055
1054
1902
1903
2964
114
115
1743
1821
1822
2011
2951
115
1743
1758
2876
3040
2876
2951
2988
3046
117
118
1591
1592
2115
118
1240
1591
2652
2656
1238
1239
1240
2115
120
121
149
150
1363
1411
1463
1468
121
122
876
1468
122
149
934
1326
876
933
934
935
124
125
589
987
1144
1145
1581
1582
125
126
685
1145
126
589
590
689
685
689
690
924
128
129
269
1275
1334
1504
1657
129
551
1275
1390
551
552
1333
1334
131
132
133
134
1245
1505
1729
132
411
1065
1245
1632
133
485
486
1632
134
486
1181
1804
1384
1729
1804
3017
136
137
138
357
494
1038
137
138
156
1651
1747
1038
1635
1651
1653
156
157
357
885
140
141
172
257
314
315
141
146
257
1147
1161
1479
146
314
1837
143
144
489
2182
2183
2921
144
145
487
489
145
505
506
511
2921
487
511
2202
2203
173
174
1147
1837
148
149
1320
1326
1332
1409
149
150
1331
1332
150
1326
1331
1410
1411
152
153
262
632
633
710
153
154
237
239
633
1252
154
710
1088
1370
185
191
239
1088
156
157
526
1317
1577
1737
157
1737
1746
1747
885
1317
159
160
669
714
716
160
161
692
716
1318
161
283
345
669
1267
281
283
1318
1319
163
164
840
974
1463
1468
164
654
840
841
875
882
875
876
1468
462
1752
1753
2830
167
168
270
613
1533
1682
168
183
549
613
948
183
192
193
282
1682
170
171
172
1507
1508
1509
171
172
315
705
705
706
707
1509
1864
257
315
1508
174
175
1523
1524
1525
1837
175
1146
1147
1638
1523
1638
1673
1674
177
178
1251
1255
1761
1844
178
179
1255
1389
179
1430
1519
1522
1844
1389
1519
1564
1608
1640
181
182
541
549
948
1148
1672
182
243
245
541
245
261
1008
1148
192
948
949
1667
185
186
987
1087
1088
1581
1736
186
191
1088
191
1477
1545
1615
1736
188
189
1814
1898
1899
2411
189
190
1814
1815
190
1898
2431
2432
2641
1815
2114
2641
238
239
1477
193
1429
1667
1718
282
346
1429
1528
1529
195
196
1437
1439
1764
1766
196
271
1762
1762
1763
1764
198
199
521
1208
1796
2653
199
1337
2653
1796
1798
201
202
264
266
1520
1765
202
271
1765
1810
302
303
1520
204
205
206
989
1611
205
206
801
842
1510
988
989
990
1510
397
399
842
1611
208
209
213
313
2129
209
213
1012
1985
2020
2963
313
1821
1822
1985
211
212
1816
1817
1863
2546
212
279
408
1863
3070
3084
278
279
2545
2546
1979
1981
2020
2129
215
216
217
221
222
216
217
236
288
289
312
1316
221
236
1609
1610
222
288
1280
1588
219
220
1599
2291
2901
220
2179
2626
2009
2010
2179
2291
222
223
1165
1175
1609
223
1280
1165
1166
1167
1168
1280
225
349
2814
2815
277
349
2415
227
1752
1753
2755
228
642
2755
3085
641
642
1748
1800
230
231
1707
1708
2822
2823
231
232
1707
2863
232
1538
2019
2430
2822
994
995
2019
2863
234
235
828
915
916
947
235
611
916
1728
1794
608
611
828
829
305
312
1610
1656
238
239
377
1252
1416
239
377
380
1477
1478
241
242
323
325
1530
1531
2184
242
246
325
1263
1991
246
1882
2184
2803
244
245
541
1179
1180
245
260
1180
1455
1600
260
261
1881
1882
1991
2027
248
249
542
708
709
249
263
542
969
970
262
263
632
709
827
251
252
256
302
303
304
252
256
306
307
374
304
306
1316
1692
254
255
1403
1889
1970
1971
2178
255
392
1688
1889
392
394
2010
2178
302
374
1767
1479
1508
259
2683
2718
2772
2961
356
1476
2772
261
266
1600
1765
264
265
266
1008
263
632
633
1254
970
1254
1388
265
266
1520
1521
1008
1146
1521
1638
1765
268
269
270
1532
1533
1657
269
270
281
1319
1504
1504
1657
281
1533
1682
1762
1810
273
2275
2473
2797
341
1860
2275
275
276
277
280
1963
2601
276
277
349
1827
1828
2191
953
1963
2191
280
349
2415
279
2545
2787
2796
408
409
2787
1398
1400
2415
2601
282
283
1319
1682
283
346
1682
345
346
285
286
287
621
1197
1200
286
287
365
1782
2042
2177
3062
1197
2280
3062
621
1782
1783
2230
289
1525
1588
1316
1524
1525
291
292
301
347
348
975
292
301
801
842
843
396
843
975
976
294
295
831
834
1056
1110
1153
295
296
373
834
1160
296
1056
1057
1062
363
373
1026
1062
298
299
300
940
2360
2537
299
300
466
467
813
466
1134
2360
813
814
940
347
801
802
803
303
304
1520
1741
1674
1692
1741
306
307
312
375
1656
307
312
1316
374
375
309
310
2119
2120
2588
2820
310
311
2588
2968
3023
311
2065
2119
2660
1530
1531
2065
3023
1316
1822
2129
2309
2310
2954
315
1835
1836
1837
705
1835
317
2201
2445
3005
1198
1957
2201
319
320
321
1232
2613
320
321
2267
2268
2269
2874
2269
2566
2613
2829
1231
1232
1742
2874
2914
323
324
325
855
1264
2384
2881
324
325
1530
1530
2881
3013
3023
1263
1264
327
328
1869
2266
2401
2403
328
329
1869
1870
1889
1969
329
938
2266
936
937
938
1969
331
332
333
1808
1809
332
333
1770
1771
1990
2454
1778
1808
2012
2454
1233
1234
1770
1809
335
336
337
2403
2404
2448
336
337
2335
2337
2527
3039
1876
2335
2336
2448
2404
3039
3086
339
340
341
1862
2314
2315
340
341
1072
2275
2473
2474
1072
1073
2315
1860
1862
2275
343
344
1091
1095
1683
2285
344
1095
1558
2524
2880
426
2283
2284
2285
2524
346
1265
1267
1265
1529
348
778
779
803
2232
779
975
1663
2302
1828
2814
351
352
2233
2846
2847
2947
352
353
1499
2233
353
2174
2318
2947
887
1499
2318
2927
355
356
1475
1476
1947
356
1947
1476
494
885
1066
1096
359
360
2323
2324
2343
2519
360
361
680
1207
2343
361
458
2347
2519
458
1206
1207
363
364
698
1024
2687
2759
364
373
1024
1026
373
696
698
1306
366
367
2042
2447
3062
367
368
2042
2043
368
1831
1910
2064
2446
2447
2043
2064
2355
370
371
372
455
2533
2640
371
372
2172
2357
2873
2172
2384
2385
2640
455
2357
2522
1160
1306
375
376
1369
1767
376
1368
1655
1656
1367
1368
1369
378
379
380
1416
379
706
707
1416
1422
380
381
706
1843
381
1282
1478
1167
1281
1282
1843
383
384
390
762
763
2509
2729
384
385
390
2515
2879
385
558
559
762
559
2777
2879
1300
1301
2368
2487
388
389
1573
2877
389
2725
2727
2877
2932
1573
1574
2307
2727
2509
2515
2674
392
393
394
1733
2008
393
394
1040
1688
917
919
1040
1733
2008
2009
2010
396
397
398
608
610
829
1427
397
843
976
977
1427
398
399
842
843
399
828
829
1191
1190
1191
1611
401
402
2480
2557
2993
402
403
404
2094
2095
2993
404
1232
2557
404
737
1408
2095
2536
634
1230
1232
1408
406
407
479
2370
2642
2643
407
1303
2075
2076
2370
479
480
2076
409
1725
1726
2938
3084
2785
2786
2787
2938
411
412
413
420
1065
1338
412
1065
1245
413
1245
1500
1506
1680
420
1680
1681
1696
1942
415
416
735
736
1343
416
1100
1101
1102
1343
736
1102
2808
418
419
1380
1382
2242
2243
419
2242
2605
1382
1338
1942
2679
422
423
431
1117
1313
1314
1315
423
1315
2569
2912
431
2304
2912
425
426
427
922
923
2283
426
427
1706
1708
2284
2283
2284
923
1019
1020
1706
429
430
2768
2891
2905
2910
430
2093
2768
2948
3016
2891
2948
2977
2980
2981
1117
433
434
622
3030
3047
3048
434
435
2016
3030
435
622
623
2691
2795
1089
2016
2017
2683
2691
437
438
439
453
1934
2967
438
439
594
2357
2522
2617
452
453
455
2522
594
2116
2118
2967
441
442
443
444
442
612
1293
1560
443
1311
1312
1560
444
1312
1630
1631
1633
1630
446
447
451
648
2632
447
451
2805
2806
3050
1297
2632
3050
449
450
461
465
2379
2380
2966
450
461
2416
2826
2826
2966
2973
3026
3027
906
2805
453
454
455
456
2839
454
1934
1935
1935
2564
2565
2828
2839
456
2522
2533
1248
2478
2532
2533
2839
458
459
2036
2038
2346
2495
459
460
1206
2346
2347
460
2038
2426
2521
1206
2521
2678
465
2212
2416
2894
463
464
983
1753
2830
2986
464
1250
1753
2755
983
985
1249
1250
596
2378
2380
2893
2894
467
1134
1135
2690
3005
3041
813
2201
3005
469
470
504
1025
1569
1571
470
471
1569
1570
3072
471
504
562
564
562
2327
2438
3072
473
474
823
1630
1665
474
823
1401
1401
1502
1503
476
477
848
930
931
2984
477
478
848
1450
1451
478
1216
2984
2985
1216
1217
1450
480
1558
1559
2406
2643
2895
1558
2072
2076
2902
482
483
484
1542
1563
2490
3037
483
484
2743
2882
2490
2743
3038
2882
3001
3003
3037
486
903
905
1084
1182
1632
1181
1182
488
489
2202
2716
489
1049
1929
2556
2716
2841
2183
2556
491
492
1058
1061
2304
2425
2912
492
493
850
859
2425
493
1839
1840
2304
859
1211
1292
1840
1036
1037
1038
1096
496
497
498
1647
1648
2344
2628
497
498
883
884
3054
1474
1647
3054
883
1192
2628
500
501
502
503
550
501
1234
1235
1809
2171
503
1808
1809
2695
503
550
2427
2811
2695
2775
2811
564
1025
1026
1062
1846
506
2374
2471
2921
511
512
2133
2374
508
509
2700
2809
2849
3075
509
510
577
888
3075
510
1055
1425
2311
2700
577
1055
512
2203
2259
1977
1978
2133
2259
514
515
1912
2667
2745
2943
515
516
517
1912
1913
516
857
1263
2667
517
1263
1991
755
1913
1991
2689
519
520
521
1796
1797
2051
520
522
921
1023
2051
521
522
822
1208
1209
1208
1796
822
920
921
524
525
636
713
1742
2821
525
636
712
1641
1642
711
712
713
527
528
1317
1534
1577
528
600
653
1317
1486
1486
1534
1535
1540
530
531
3024
3032
3066
3067
531
2813
3024
867
3067
968
1780
2865
2963
534
535
539
540
760
761
535
566
760
2831
2832
539
566
567
2255
2256
537
538
628
629
1192
1376
538
628
1060
1345
2804
1119
1120
1376
2804
540
1104
2255
2655
761
1104
2225
549
613
1179
1532
708
969
1261
2207
544
545
1287
1288
545
619
2229
2230
618
619
1287
547
548
1577
1737
1738
1746
548
1609
1738
1842
1845
981
1652
1746
1842
613
948
2427
2455
2526
552
553
1390
553
1333
1613
1614
1684
1785
1390
1393
1759
1785
555
556
2252
2502
2504
2757
556
557
865
2757
557
2419
2502
2692
865
2364
2365
2419
2714
559
560
762
764
2189
2843
2869
560
561
2777
561
1646
2869
2999
2591
2592
2776
2777
2999
563
564
570
2327
564
565
568
569
570
565
1846
569
1846
2764
567
2766
2832
2256
2766
3033
3034
569
570
2431
2432
2432
2764
2833
2327
2328
2431
3047
3048
572
573
2718
2720
3087
573
576
849
2718
2719
576
787
790
3087
575
1154
2633
1154
1857
1858
2816
790
849
2864
3063
578
579
888
579
2625
887
888
1497
1499
2625
581
582
583
584
952
1377
2433
582
839
2170
2433
2922
584
2297
2781
2922
584
1377
1378
2029
2029
2296
2297
586
587
588
1274
1371
2916
2971
587
588
910
2982
910
1419
2618
2971
914
1371
1372
1595
2982
590
591
987
591
592
689
759
592
987
1087
1370
1373
1465
758
759
847
1465
594
595
1604
2340
2617
595
1238
2118
2617
1238
1239
1604
1605
597
598
599
2378
2893
598
599
2069
2070
2070
2072
2075
2076
2893
2069
2210
2378
2441
2444
601
602
603
653
1486
602
603
1143
1144
1162
1572
1486
1541
1546
1572
653
656
1162
1163
1628
605
606
607
677
679
606
607
630
765
846
1142
679
758
759
765
1472
1488
628
630
677
1348
609
610
611
829
610
611
1650
1719
1720
1791
1427
1485
1650
1791
1794
670
1293
1295
1418
1532
1533
615
616
617
1122
2915
616
617
1547
1686
1687
1447
1687
2110
2111
2497
2915
1122
1547
1548
2761
619
620
1287
1832
2886
620
621
2230
621
1200
2886
1200
2230
623
1898
3048
1898
1899
2410
2795
625
626
2576
2578
2584
2585
626
627
2252
2504
2578
627
2158
2159
2584
2158
2449
2476
2503
2504
629
630
1344
1345
1348
630
631
1192
2628
631
1142
1142
1561
2628
710
827
1251
1252
1254
635
636
1230
1408
2821
636
637
1408
1865
1982
2536
637
1642
2821
870
871
1642
1645
1865
639
640
655
1594
1685
1744
640
652
654
655
643
644
652
1594
1690
642
1800
2853
2911
2853
2924
3078
3085
644
1438
1440
1690
1803
652
911
1722
1803
646
647
1671
2853
2911
647
648
2911
648
1670
1671
2632
2632
650
651
1537
1538
1811
2500
651
1811
1812
2161
2162
2162
2299
2500
2933
654
841
911
656
657
1317
655
841
882
882
1614
1684
1685
657
1066
1106
1628
885
1066
1317
659
660
661
925
926
929
1402
660
929
1068
1170
1215
1826
661
988
991
1068
991
1402
1500
1501
663
664
665
2103
2104
2340
664
665
666
1871
2172
2873
2340
2357
2873
666
2104
2538
856
1713
1871
2538
668
669
670
1266
1267
1418
669
670
725
1589
714
725
1267
1418
672
673
674
1228
1362
2499
673
674
2417
2419
2714
1228
2364
2714
2760
2417
2498
2499
676
677
678
679
1487
1488
1493
677
678
850
851
679
850
1344
1348
686
687
851
1493
1488
681
682
1207
1716
2343
682
686
687
944
946
2343
687
1495
1716
1717
684
685
860
862
1143
1145
685
862
924
1356
1359
924
1145
687
851
946
1493
1495
960
962
1732
2192
690
691
759
1472
691
924
1494
1472
1487
1494
693
694
695
716
1318
694
695
1099
1391
1739
1318
1391
1394
715
716
854
1739
697
698
1306
1445
1751
698
699
1749
1750
1751
699
2759
1750
2375
2376
2759
701
702
703
704
874
1723
1724
702
703
1329
1330
1360
704
1136
1278
1360
1329
1410
1568
1723
872
874
1136
706
1835
1843
707
1843
1422
1864
709
844
2207
2345
827
844
845
827
1370
1373
712
713
1396
1397
2160
1641
2160
1396
1742
2606
2914
715
716
720
725
726
716
720
852
854
718
719
1612
2036
2037
2058
2059
719
1612
2493
2645
2036
2493
2495
726
852
1114
722
723
724
852
853
1114
723
724
863
869
853
869
1415
863
1114
1462
1503
726
1589
1114
1502
1589
728
729
932
2366
2426
2521
729
730
964
2366
730
931
932
931
963
964
1164
1629
1699
732
733
734
904
1101
2639
2659
733
734
1338
1365
2679
1101
1102
1365
903
904
1065
1338
736
737
1341
1343
2095
737
738
2808
3060
738
2095
2536
1982
1983
2536
3060
740
741
1201
1223
2607
2983
741
742
1223
1224
2713
742
743
2268
2607
743
2506
2713
2715
2267
2268
2715
745
746
751
1327
1888
2153
746
751
752
1002
1081
1002
1887
1888
2245
2800
748
749
1383
1386
2052
2541
749
750
1383
1517
1993
2627
750
2130
2541
1979
1980
1993
2130
752
1327
1467
1081
1082
1466
1467
754
755
756
757
1913
2250
755
756
2611
2689
2851
1913
2689
757
2611
2919
2249
2250
2577
2919
759
765
847
1472
761
950
951
955
2831
951
2225
2226
763
764
764
2729
2842
2946
799
2842
2843
846
847
767
768
769
777
1289
1290
2929
768
1289
1603
2224
769
1603
1768
2888
777
791
1768
2920
771
772
1936
2234
2236
2547
772
2545
2547
2706
2707
2796
2798
1936
2301
2706
774
775
776
1989
2109
2950
775
776
1777
1778
2407
2454
1989
1990
2454
1426
2109
2405
2407
791
795
2929
779
2232
2237
2237
2238
2302
781
782
2061
2398
2598
1839
1840
2598
2060
2061
2703
784
785
786
1565
1566
1567
785
786
1646
2591
2999
1567
1776
1777
2591
1566
1646
2190
2852
788
789
790
1258
3087
789
790
1203
1222
2176
1256
1257
1258
2176
1222
3063
795
1089
1090
2017
2920
793
794
897
2960
3019
3056
794
2481
3055
3056
897
899
906
2481
2017
2018
2846
2929
2947
797
798
1115
1116
1118
2703
2704
798
800
2704
3020
799
800
1118
2440
800
2186
2188
2440
2842
2843
2842
2946
3020
802
842
1510
803
1510
1696
1941
1941
2232
805
806
1954
2080
2631
2650
806
811
812
2226
2650
812
2079
2080
2701
808
809
2081
2082
2148
2558
809
810
1444
1686
1687
2558
810
892
2081
891
892
1550
1686
2824
812
2225
2226
2231
2231
2413
2701
814
815
816
2201
815
940
942
2349
816
1080
1956
2349
1956
1957
2201
818
819
820
821
823
819
823
1512
1665
820
1113
1459
1460
1512
821
1460
2553
927
928
2553
920
1209
1807
2209
1665
825
826
974
1067
1484
1649
826
881
974
1336
1363
1463
972
973
1336
1484
845
1373
1464
829
947
1191
831
832
833
894
895
1221
832
833
834
1110
1110
1141
1221
834
894
896
896
1160
836
837
838
839
2169
2170
2530
837
838
1260
2274
2273
2274
2469
2530
839
978
1260
2433
2170
2433
841
974
1067
1636
911
1636
843
845
846
1561
2345
846
847
1464
847
1142
1561
1464
1465
931
1451
1698
1699
1703
1704
2719
2864
851
859
1344
2425
859
946
1212
853
854
1114
854
1415
1877
1739
1877
856
857
1264
1871
2384
857
858
1713
1871
858
1263
1264
2667
1713
1714
2667
2745
1211
1212
861
862
1143
1162
862
963
965
1162
1163
1164
965
1359
1374
1462
865
866
2286
2362
2363
2365
866
868
2365
2757
868
2286
2287
2854
2855
3067
2251
2287
2757
1412
1415
1448
871
872
1361
1642
872
873
1645
873
874
1136
1361
874
1309
1511
1645
1511
1724
876
882
933
1787
933
1468
878
879
880
1434
1568
1723
879
880
881
973
1336
881
1364
1568
973
1432
1434
1662
1336
1363
1364
1684
1787
884
1192
1376
1749
1813
1749
1751
3042
3054
1066
1317
887
888
2121
2123
2927
3075
888
1499
2927
3075
890
891
1873
1875
2824
2926
891
893
1875
2137
2330
3083
892
893
2824
893
2081
2084
2084
2136
2137
895
896
1177
1350
1351
1176
1177
1220
1221
1160
1305
1351
1446
898
899
2960
2958
2959
2960
906
901
902
1625
2294
2672
3071
3076
902
2091
2092
3071
2092
2093
2769
2770
3076
904
905
1065
1632
905
1923
2639
1084
1086
1923
2481
2805
908
1374
1375
910
1375
1419
2629
910
1349
1595
2982
1419
2982
1636
1721
1722
913
914
1372
1677
1679
2936
2941
914
1593
2935
2936
1372
1593
1595
916
947
1039
1339
1635
1712
1635
1728
1795
918
919
1040
1041
2276
919
1046
1137
2276
2459
1733
1734
2459
921
922
1799
1807
922
923
1023
923
1799
2283
1020
1023
1356
1358
1494
926
1213
1214
1402
1584
929
1213
1215
1216
3043
928
1004
1576
2619
1575
1576
2381
2553
1215
931
932
2181
2984
932
1699
2181
2426
935
1759
1785
1787
935
1321
1326
1760
2180
1393
1759
1760
937
1969
1976
2423
938
2265
2423
2424
2215
2265
2266
940
941
942
943
2246
2528
941
942
2537
943
1596
2537
2348
2349
2528
1596
2246
2733
945
946
2323
2343
2593
946
1212
2593
2597
2602
1212
1191
1339
949
1672
1479
1586
1667
1672
951
955
1955
2124
2650
2226
2650
953
954
978
1377
2433
954
1377
1962
1963
2191
978
1253
1827
2191
2124
2125
2472
2831
957
958
1217
1450
1826
958
959
1450
1585
1669
959
1169
1170
1639
1826
1036
1557
1585
1639
961
962
1475
1947
2192
962
1475
1768
2887
2888
1732
2887
2981
964
965
1164
965
966
2366
966
1359
1357
1359
2366
968
1063
1937
1063
1064
2865
970
1261
1262
1607
1387
1388
1607
972
973
976
977
1662
1663
973
977
1484
1485
1336
1662
1067
1463
976
1663
977
1663
1427
1485
1253
1260
2433
980
981
1452
1453
1458
1841
981
1458
1637
1651
1652
1654
1652
1655
1841
1842
983
984
986
1868
2986
2987
3081
984
985
2986
985
986
2422
2664
1249
2422
1868
2157
2664
1087
1581
989
990
991
1068
1068
1169
1611
991
1510
1681
1696
1500
1680
1681
993
994
995
2333
2338
2339
994
1909
1911
2334
2339
2840
995
2019
2334
2333
2863
997
998
2959
998
1337
2654
2654
2958
2959
3011
3080
1000
1001
1398
1399
1400
1417
1001
1003
1417
2043
2047
1003
1399
1081
2245
2348
2528
2047
2303
2619
2629
1006
1007
2073
2074
2315
2316
1007
1073
1094
1328
2315
1328
2074
2737
1146
1148
1010
1011
1518
1634
1731
2913
1011
1016
1731
2465
2610
2788
2790
1016
1945
2913
1013
1014
1353
2020
2865
2963
1014
1015
1352
1353
1015
1064
2865
2928
1352
1489
1491
2928
1943
1945
2464
2465
1018
1276
1279
1593
2935
1276
1470
1020
1021
1706
1709
1021
1022
1023
1022
1709
1924
2899
1023
2765
2898
2899
2051
2765
1025
1026
1571
2687
1026
1571
1062
1028
1029
1030
1031
1071
3058
1029
1071
1313
2409
1030
1115
1118
1313
1031
1118
2188
2440
2953
1325
2953
3058
1033
1034
1035
1866
1867
3010
3025
1034
1035
1855
2387
2535
2535
3010
1867
2387
2647
1037
1038
1039
1557
1585
1712
1096
1585
1668
1669
1039
1635
1635
1712
1041
1688
1689
1689
2276
2277
1043
1044
1286
2367
2773
1044
1049
2367
2571
2716
1049
1050
2482
2773
1046
1047
1048
1620
2615
1047
1048
1137
1138
2276
2013
2276
2278
2615
1138
1620
2353
2354
1050
2716
2841
1933
2351
2482
2709
2841
1052
1053
1193
1194
1195
2896
1053
1612
2645
2896
1195
1214
1218
1584
1612
1055
1902
1904
1926
1925
1926
2311
1057
1153
1158
1062
1158
1618
1846
1059
1060
1061
2425
1060
1061
2569
2570
2749
2804
1345
2425
2804
2569
2912
1846
1064
1879
1937
2041
1879
2865
2928
1338
1632
1096
1106
1880
1636
1649
1169
1170
1070
1071
2371
2372
2945
1071
2001
2228
2371
2409
2409
2945
3058
1073
1074
1514
2474
1074
1094
2315
1094
1466
1467
1514
1076
1077
1078
1079
1123
1127
2496
1077
2165
2166
2496
1079
2166
2711
2712
1079
1111
1127
2353
2572
1111
2712
2802
1081
1082
1513
1956
2348
2349
1082
2348
1466
1513
1514
1084
1085
1182
1634
1731
2857
1085
1086
1182
1086
1921
2857
1920
1921
1923
1088
1370
1370
1090
2017
2683
2683
2772
2920
1092
1093
1095
1683
2500
2933
1093
2142
2299
2933
1095
1559
2140
2142
2406
1327
1328
1467
1558
1559
1668
1880
1098
1099
1739
1877
1878
1099
1321
1878
2180
2661
1391
1392
1739
1760
2180
1101
1342
1343
2119
2659
2660
1102
2659
1365
1104
1105
2231
2414
1105
2225
2231
2655
2655
1304
1628
1697
1880
1108
1109
1346
1347
1519
1564
1109
1139
1140
1564
1664
1710
1140
1346
1528
1112
1113
1141
1153
1268
1269
2572
2802
1113
1153
1159
1460
1141
1459
1460
1502
1503
1116
1117
1118
1313
1117
2703
1313
2440
1120
2635
2636
2749
2804
1376
1813
2635
1122
1123
1128
1959
1960
2761
1123
2496
2761
2915
1127
1128
2496
1125
1126
2551
2906
3044
1126
2305
2551
2554
3065
2305
2306
3044
1128
2353
1959
2353
2354
1130
1131
1149
1249
1250
1131
1132
1250
2756
3015
1132
1149
1150
2523
1824
1825
2523
3015
1134
1135
1854
1855
2501
1135
1854
2360
2690
1278
1361
1138
1269
1895
2459
1269
2353
2572
1140
1295
1418
1602
1664
1265
1528
1529
1602
1221
1459
1633
1561
1144
1145
1162
1145
1572
1582
1147
1148
1638
1148
1161
1161
1672
1150
1151
1152
1249
2422
1151
2509
2523
2675
1152
2509
2512
2729
2422
2511
2512
1158
1159
1155
1156
1157
1858
2633
1156
1157
1964
1965
2848
1866
2633
2848
3025
1858
1965
2837
2845
1159
1617
1618
1460
1617
2383
2553
1305
1306
1479
1672
1163
1164
1304
1628
1304
1629
1166
1174
1175
1168
1174
1536
1168
1280
1281
1282
1282
1536
1616
1170
1190
1611
1639
1826
1172
1173
1658
1695
1705
1838
1173
1293
1311
1560
1658
1293
1294
1701
1705
1175
1534
1535
1536
1738
1609
1738
1177
1178
1220
1658
1178
1350
1473
1474
1473
1658
1695
1180
1334
1532
1657
1334
1335
1455
1182
1385
1634
1804
1634
1184
1185
1186
1958
1959
1960
2453
1185
2320
2452
2453
2670
2671
1186
2319
2320
1548
1549
1960
2319
1188
1189
2451
2834
2845
1189
1492
2476
2834
2836
2917
2449
2450
2451
2476
1191
1556
1611
1639
1339
1556
1376
2628
1194
1195
1196
1730
3017
3018
1196
2052
2222
2896
1584
1676
1730
1386
2052
3018
1200
2280
2282
2475
1199
1957
2799
2797
2799
2475
2630
2886
1202
1203
1204
1223
1678
2983
1203
1204
1205
2031
2176
1222
1223
2176
1205
1677
1678
1679
1679
2031
2032
1207
1340
2678
1340
1716
1209
1210
2653
1210
2025
2209
2211
2024
2025
2653
2654
3011
1212
1292
2597
2597
1214
1218
1219
3043
1218
1584
1216
1217
1826
1217
2985
3043
1450
1826
1219
1612
2058
2058
2059
2984
2985
3043
1221
1311
1312
1658
1312
1633
1223
1224
3063
1224
2713
1226
1227
2099
2196
2197
1227
1228
1362
2196
2525
1228
1229
2099
2604
1229
1362
2760
2362
2363
2586
2587
2603
2604
2760
1231
1232
2821
1232
1742
2821
2557
2613
1234
1235
1236
1237
1770
1235
1809
1236
1515
2171
2872
1237
1515
1516
2126
1770
2126
2762
2763
1239
2115
2118
1240
1441
1605
2937
1441
2485
2656
1242
1243
2082
2148
2540
1243
1244
2103
2104
2540
1244
2148
2595
2937
1604
1605
2103
2937
1505
1506
1247
1248
2480
2557
2613
2829
1248
2564
2829
2839
2478
2480
2839
1250
2422
2755
2756
1252
1254
1255
1761
1416
1761
1260
1578
1580
1827
1255
1388
1388
1389
1257
1259
1818
2031
2176
1258
1259
1814
2411
2411
3087
1814
1815
1818
1984
1580
1896
1897
2274
1262
2207
2208
2560
3007
1607
1838
3007
1264
1991
1266
1267
1529
1602
1267
1418
1602
1269
1270
2726
2771
2802
1270
1895
2572
1895
2105
2726
1272
1273
1575
1576
1984
2113
1273
1274
1818
1819
1984
1274
1576
2618
2619
2971
1819
2916
2971
1390
1394
1504
1277
1278
1279
1469
1470
1278
1279
1361
1641
2160
1360
1361
1469
2160
2746
2935
1281
1587
1588
1587
1843
1478
1615
1616
1284
1285
1286
2774
2809
2849
3069
1285
1286
2122
2773
2121
2122
2849
3075
2033
2367
2773
2774
1288
1693
1832
1693
1694
1290
1291
2224
1291
2173
2174
2929
2947
2173
2175
2223
2224
1840
2597
2598
1294
1295
1560
1295
1664
1701
1702
1418
1664
1297
1298
1670
1671
2723
2724
1298
1299
1670
2632
3050
1299
2724
2974
2973
2974
3027
3050
1301
1302
1303
2368
2370
1302
2212
2486
2487
1303
2075
2212
2893
2894
2075
2370
1628
1629
1697
1698
1306
1445
1446
1445
1308
1309
1645
1982
1983
1309
1310
1983
2239
2240
3061
1310
1511
1645
1431
1433
1511
2240
1312
1560
1658
1633
1314
2409
1315
2003
2228
2408
2409
2408
2569
1524
1692
1319
1394
1394
1504
1321
1322
1326
1409
1322
1326
2180
2661
1409
1414
1420
2661
1324
1325
1927
2040
2187
2190
2852
1325
1927
1928
2944
3031
2187
2953
3031
3058
1328
1467
2152
2153
2206
2206
2737
1330
1331
1410
1331
1332
1360
1526
1332
1410
1409
1421
1526
1334
1335
1613
1643
1335
1657
1454
1455
1643
2653
2654
2679
1556
1557
1712
1357
1716
2366
2678
1342
1343
2094
2095
2120
1343
2119
2120
1345
1348
2425
2425
1347
1428
1429
1528
1428
1430
1519
1351
1474
3054
1446
3054
1353
1354
1489
2159
1354
1355
2020
1355
1992
2159
2708
1980
1981
1992
2020
1357
1358
1359
1358
1359
1716
2366
1494
1716
1717
1469
1526
1527
1641
1642
2156
2499
2525
1364
1411
1463
1410
1411
1568
1366
2679
1942
2232
2679
1368
1369
1436
1452
1452
1655
1841
1436
1766
1767
1373
1372
1679
2032
2916
1679
1464
1465
1375
1461
1462
1461
2629
1813
1378
1962
1961
1962
2028
2029
2030
1380
1381
1562
1601
2668
1381
1382
2243
2668
1382
1601
2548
2620
2620
1384
1385
1386
1517
1385
1386
1804
3017
3018
1517
1518
1634
1804
2052
3018
1388
1389
1606
1607
1608
1389
1608
1391
1392
1393
1394
1392
1394
1393
1760
1759
1760
1504
1396
1397
2607
2936
2941
2983
1397
2606
2607
2160
2746
2936
1399
1400
2415
2415
1417
2355
2356
2601
1461
1462
1503
1501
1584
1676
1404
1405
1406
1971
2178
2608
1405
2608
2693
2694
1406
1407
2605
2694
1407
1971
1976
2850
2242
2605
2850
2536
1420
1421
1411
1568
1413
1414
1415
1448
1414
1420
1421
1448
1449
1757
1415
1420
1878
2661
1877
1878
1422
1761
2043
2355
1602
2618
2629
1421
1526
1757
1761
1844
1864
1424
1425
1426
1565
2405
2573
1425
1426
2107
2700
2809
2311
2573
2700
2107
2109
2405
1485
1429
1430
1507
1666
1718
1528
1718
1507
1509
1519
1522
1432
1433
1662
2240
2241
1433
1434
1662
1434
1511
1724
1723
1724
1436
1437
1438
1439
1440
1456
1769
1437
1452
1453
1456
1766
1439
1766
1439
1440
1690
1764
1764
1769
1803
1442
1443
2485
2595
2937
1443
1444
1447
2111
2485
1444
2558
2595
1447
1687
2558
1446
1751
3042
3042
3054
1687
2111
1449
1471
1757
1451
1669
1669
1698
1700
1453
1841
1456
1457
1458
1455
1643
1772
1801
1823
1600
1823
1457
1769
1458
1769
1792
1820
1637
1820
1512
1631
1633
2553
1462
1503
1468
1465
1467
1514
1470
1527
1471
1527
1757
1757
1487
1488
1474
1695
2560
3007
1647
2560
3054
1476
1768
1947
2920
2772
2920
1478
1615
1615
1508
1586
1672
1481
1482
1483
2089
2247
2264
2590
1482
1483
2071
2262
2801
2262
2263
2264
2071
2089
2090
2807
1485
1649
1650
1650
1540
1541
1488
1493
1494
1495
1490
1491
2158
2159
1491
1492
2158
2476
1492
2917
2928
2476
2917
1495
1495
1717
1717
1497
1498
2438
2439
2752
2866
1498
1499
2625
2752
2753
1499
2233
2866
2867
2233
1501
1506
1680
1506
1675
1676
1503
1589
1506
1675
1729
1675
1508
1509
1666
1586
1666
1522
1864
1696
1724
1631
1665
1514
1956
2474
2666
2474
1516
2128
2872
2004
2005
2126
2127
2128
1518
1945
2627
2913
1634
2913
1564
1521
1673
1741
1638
1673
1844
1864
1524
1674
1692
1525
1692
1588
1836
1837
1527
1757
1757
1529
1531
3023
2065
2066
2184
1533
1657
1535
1577
1738
1536
1540
1539
1540
1616
1538
1683
2285
2500
2822
1811
2430
2822
1540
1541
1545
1615
1616
1541
1545
1546
1543
1544
1562
1563
2490
1544
2488
2490
1562
2217
2265
2424
2488
1546
1583
1615
1736
1572
1583
1548
1549
1550
1686
1549
1960
2761
1550
1555
2319
1555
1686
2824
1552
1553
2492
2494
2741
2780
1553
1554
2219
2220
2491
2492
2965
1554
1948
2741
1948
2696
2698
2965
2319
2824
2926
1557
1639
1639
1712
1559
2880
2902
2406
2344
2345
2628
1563
1601
2424
2668
1601
3037
3052
1640
1710
1566
1567
2039
2405
2573
2039
2040
2852
1777
2405
2407
1723
1570
1571
2623
2676
2439
2623
2976
3072
2676
2687
1582
1583
1574
2918
2305
2307
2918
3065
1576
2113
2381
2619
1737
1738
1579
1580
1711
1827
1828
1580
1711
2048
2049
3032
3068
1896
2048
1582
1583
1736
1583
1736
1676
1669
1666
1667
1588
1835
1836
1843
1836
1591
1592
2669
2707
2798
1592
2652
2657
2669
2115
2117
2707
1595
2935
1690
1744
1745
1764
2982
1597
1598
2537
2733
2810
1598
1953
2055
2056
2810
1952
1953
2088
2733
2901
2930
1765
1823
2548
3052
2224
2270
2887
2888
2892
1605
2103
2340
2937
1607
1608
1640
1701
1705
1705
1838
1640
1610
1738
1845
1656
1845
2058
2645
1614
1643
1644
1685
1684
1685
1616
1618
1619
2382
2383
1619
1846
2764
2382
2641
2764
2833
1958
2354
2552
2615
1622
1623
1624
1940
2293
2555
2559
1623
1624
1627
2049
2050
2890
1626
1627
2293
1939
1940
2050
1626
1627
2294
2672
2673
1627
2293
2294
2673
2890
1698
1699
1631
1665
1633
1665
1731
1653
1795
1649
1719
1721
1654
1728
1795
1820
1673
1701
1702
1710
1642
2160
1644
1772
1685
1744
1772
1865
1982
2190
2869
2999
1648
2208
2560
2207
2208
2344
1650
1719
1719
1652
1653
1654
1747
1746
1747
1654
1795
1795
1656
1841
1842
1845
1845
1695
1660
1661
1905
1906
1907
2489
3004
1661
2143
2144
2742
3004
1905
2143
2147
1663
2241
2302
2302
1702
1710
1667
1718
1718
1669
1700
1880
1700
1671
2632
2723
2853
3078
1674
1741
1692
1741
1676
1729
1730
1730
1678
1679
2941
2941
2983
2032
1681
1696
2285
2500
1785
1787
1744
1687
1689
1691
1870
1889
1691
2277
2336
1764
1870
1876
2336
1694
1832
1833
2079
3008
2702
3008
1838
3007
1941
1942
1698
1700
1880
1699
1700
1880
1702
1705
1710
1704
2862
2864
2972
2991
2719
2972
1838
1707
1708
1709
1708
1709
2434
2863
2284
2823
1924
2434
1828
2814
3024
3032
1714
1715
2538
1715
2677
2744
2745
2538
2539
2596
2677
1717
1720
1721
1721
1722
1791
1722
1791
1793
1803
1724
1726
1727
1853
2938
1727
3084
1805
1853
1792
1794
1795
1820
1730
3017
3017
2788
2857
2977
2981
1734
1735
2008
1735
1895
2105
2106
2459
2008
2106
2542
2543
1746
1877
2633
3010
3025
2821
2914
1780
1821
1745
1772
1763
1764
1772
1747
1800
1750
1751
1813
1813
2375
3042
1753
2755
1755
1756
2135
2141
2322
2767
1756
1847
1849
2132
2135
1849
1998
2139
2141
3040
1785
2180
1844
1763
1801
1810
1764
1772
1801
1810
1823
1767
2888
2920
1792
1793
1803
1771
2763
1990
2292
2763
1801
1774
1775
1779
1784
2154
2156
1775
1779
2085
2087
2420
1952
1953
2087
2154
1777
1778
2012
2591
2592
1778
2407
2012
2454
1784
2196
2198
2420
1821
1985
2963
1782
1783
2077
2078
2229
1783
2078
2177
2229
2230
2156
2196
2525
1787
1806
2549
2550
2884
1789
1790
2149
2150
1790
2288
2979
2149
2288
2289
1792
1793
1794
1793
1794
1820
1803
1797
1798
1798
2051
2766
2939
3034
2939
1807
2067
2283
2466
2911
1810
1823
1857
2614
2816
2817
1806
1853
2860
2861
2860
2884
2067
2209
2468
1809
2012
2695
1823
1812
2428
2430
2161
2428
2781
2375
2635
1815
2411
1984
2096
2114
1817
2546
2875
2972
2991
1863
1946
1819
1984
2031
2031
2032
2916
1822
1985
2011
2954
1825
2460
2523
2662
2460
2461
2462
3015
3051
1828
2191
2814
1830
1831
1908
2028
2029
2296
1831
1908
1909
1910
1911
2446
2028
2063
2064
2446
1833
1834
2886
1834
2079
2080
2080
2630
2886
1836
1843
1837
3007
1840
2304
2598
1845
1864
2764
1848
1849
1977
1978
2132
1849
1978
1997
2253
2762
1997
1998
1851
1852
2054
2155
2498
1852
2053
2054
2962
2498
2889
2962
2969
2975
2861
2938
1855
1856
2360
2361
1856
2387
2501
2535
2361
2387
2388
1858
2816
2817
2835
2837
2837
1860
1861
2599
2600
1861
1862
1862
2317
2600
2680
2314
2317
1946
3070
1982
1867
2848
3025
2647
2649
2848
1972
1975
2157
3081
1870
1876
2403
2448
1876
1889
2172
2384
1873
1874
1875
2561
3053
1874
1875
2321
2926
2321
2386
2561
2562
3053
3083
2336
2448
1878
2661
2041
2909
2917
2928
1882
1883
2027
2851
1883
2789
2803
2857
2611
2789
2790
2851
1885
1886
1887
1888
2151
2153
1886
1887
2747
2748
2791
2792
2151
2507
2747
1888
2791
2800
2153
1969
1970
1891
1892
2060
2703
2704
2705
1892
1893
1894
2060
2061
2062
2819
1894
2663
2705
1894
1975
2157
2819
2157
2663
2664
2665
2105
2459
1897
1939
2048
2050
1938
1939
2274
1899
2431
3048
2410
2411
1901
1902
1903
2372
2594
2624
2634
1902
1904
1928
2372
2944
1903
1904
2624
2964
1926
1928
1906
2147
2612
2751
2758
1907
2216
2750
2751
2216
2488
2489
1909
2296
2297
2298
1911
2298
2334
1911
2281
2446
2447
2840
2840
1913
1914
1915
2943
1914
2250
2287
1915
2193
2286
2287
2193
2194
2943
1917
1918
2358
2485
2656
1918
1919
2358
2658
2793
1919
2110
2111
2485
2110
2164
2165
2793
2794
1921
1922
1923
2066
2185
2827
2185
2803
2857
1923
2639
2659
2660
2827
2639
2125
2434
2472
2899
1926
1927
2039
2311
1927
1928
1928
2039
2040
2944
1930
1931
1932
1933
2556
2841
1931
2295
2443
2556
1932
2295
2721
2722
1933
2350
2722
2350
2351
2841
1935
1936
2301
2967
1936
2234
2784
2828
2234
2301
2041
2112
1939
1940
2272
2273
2274
1940
2050
2272
2559
1942
2232
2232
2679
1944
1945
2464
2534
1945
1980
1992
1993
2534
2627
2627
2913
3070
2192
2696
2697
2741
3035
1950
1951
1955
2124
2331
1951
1954
1955
2021
2022
2023
2022
2331
2332
2333
1953
2087
2088
2055
2154
1955
2021
2631
2650
2124
2650
1957
2666
2201
2666
2799
1959
2354
2453
2552
1960
2354
2761
1962
1963
2030
2356
2601
1963
2601
1965
1966
2477
2848
1966
1967
2845
1967
1968
2477
2508
2889
2975
1968
2451
2844
2845
2508
2844
1970
1971
1976
1971
1976
1973
1974
1975
3021
3046
3081
1974
1975
2062
2819
2062
2517
2518
2520
3021
2157
2819
2423
2850
1978
2132
2133
2253
2254
2259
1980
1981
2129
2130
1981
1992
1993
2020
1983
2536
3060
3061
2096
2113
2963
1987
1988
2034
2035
2261
1988
1989
2034
2950
1989
1990
2254
2260
2261
2292
1990
2950
2292
2454
2027
2689
2534
2708
3014
2627
1995
1996
1999
2793
2794
3044
1996
2658
2736
2793
1999
2000
2736
2952
2970
1998
2005
2126
2762
2005
2045
2139
2000
2906
3044
2860
2884
2906
2970
2002
2003
2006
2228
2371
2003
2006
2007
2227
2458
2227
2228
2408
2005
2045
2046
2127
2895
2045
2126
2007
2371
2594
2684
2685
2376
2458
2684
2688
2009
2543
2010
2291
2543
2178
2179
2699
2951
2954
2592
2695
2014
2015
2278
2615
2616
2931
2015
2277
2278
2335
2336
2337
2337
2646
2931
2017
2018
2847
3030
2018
2846
2847
2334
2429
2430
2023
2282
2475
2630
2631
2023
2333
2338
2279
2282
2338
2025
2026
2442
2644
3011
3080
2026
2211
2211
2441
2442
2689
2851
2029
2030
2063
2296
2063
2356
2032
2176
2916
2034
2035
2367
2774
2035
2108
2774
2950
2261
2367
2571
2037
2038
2495
2038
2059
2181
2181
2426
2040
2311
2573
2852
2112
2614
2909
2043
2044
2177
2044
2047
2355
2047
2078
2177
2303
2046
2139
2139
2140
2406
2895
2303
2049
2050
2050
2890
3068
2765
2766
2222
2541
2054
2055
2056
2057
2648
2962
2055
2154
2155
2056
2154
2057
2651
2810
2389
2648
2651
2059
2181
2984
2061
2703
2062
2397
2398
2397
2520
2819
2064
2355
2356
2355
2066
2660
2827
2184
2185
2827
2068
2069
2466
2467
2468
2069
2070
2072
2467
2902
2070
2210
2468
2072
2563
2739
2801
2807
2076
2902
2074
2146
2313
2316
2317
2728
2728
2737
2738
2076
2893
2078
2303
2177
2303
2080
2701
3008
2630
2631
2082
2083
2084
2083
2148
2540
2084
2138
2540
2596
2136
2138
2086
2087
2089
2420
2590
2087
2088
2244
2247
2248
2590
2088
2248
2733
2090
2420
2590
2098
2102
2420
2807
2092
3071
3073
3074
3079
2093
3016
3074
2768
2769
3016
2095
2120
2820
2993
2113
2114
2098
2099
2100
2101
2102
2561
2099
2102
2197
2198
2420
2100
2197
2604
2818
2561
2818
3053
2102
2561
2562
2807
2807
2104
2340
2538
2539
2540
2106
2725
2726
2542
2725
2932
2108
2109
2809
3069
2109
2774
2950
3069
2950
2111
2165
2497
2485
2614
2114
2381
2382
2382
2641
2116
2117
2118
2117
2118
2967
3006
2706
2707
3006
2120
2660
2820
2122
2123
3075
2123
2482
2483
2773
2173
2318
2483
2927
2125
2331
2331
2434
2472
2762
2128
2642
2643
2895
2369
2642
2872
2130
2131
2309
2131
2541
2309
2541
2544
2133
2134
2135
2134
2374
2135
2373
2374
2529
2529
2767
2137
2138
2195
2329
2638
2329
2330
2596
2638
2677
2140
2141
2141
2142
2406
2142
2322
2299
2322
2144
2145
2146
2147
2145
2289
2394
2742
2146
2289
2290
2312
2147
2312
2313
2728
2612
2728
2558
2595
2150
2289
2391
2394
2391
3057
2152
2153
2204
2507
2153
2204
2205
2206
2155
2156
2156
2498
2499
2499
2525
2664
2159
2476
2584
2708
2746
2162
2163
2781
2922
2163
2168
2299
2300
2942
2168
2169
2170
2922
2165
2166
2711
2794
2166
2496
2497
2711
2168
2169
2373
2529
2530
2767
2942
2169
2942
2170
2530
2922
2872
2384
2873
2174
2175
2318
2483
2318
2947
2223
2483
2484
2709
2710
2179
2608
2608
2626
2426
2984
2183
2272
2555
2559
2921
2443
2555
2556
2185
2803
2803
2187
2188
2189
2843
2188
2189
2190
2953
2440
2953
2190
2843
2869
2852
2869
2194
2195
2199
2200
2286
2195
2638
2744
2943
2199
2329
2638
2197
2198
2525
2198
2420
2200
2329
2586
2587
2286
2363
2586
3005
2203
2261
2571
2716
2259
2260
2261
2205
2507
2903
2992
2206
2737
2838
2903
2737
2208
2344
2345
2560
2210
2211
2468
2211
2441
2468
2441
2416
2486
2894
2214
2215
2216
2217
2488
2215
2216
2421
2717
2750
2217
2265
2266
2421
2488
2750
2265
2488
2219
2220
2221
2222
2541
2544
2220
2309
2544
2965
2221
2491
2645
2222
2645
2896
2541
2896
2224
2270
2271
2710
2270
2226
2231
2650
2408
2458
2570
2636
2637
2409
2230
2413
2414
2847
2867
2235
2236
2784
2236
2435
2436
2463
2784
2463
2547
2859
2238
2239
2812
2239
2240
2241
2302
2240
2812
3061
2241
2302
2243
2605
2850
2423
2668
2850
2245
2246
2247
2248
2510
2800
2246
2528
2800
2248
2528
2733
2264
2510
2590
2733
2250
2251
2252
2577
2251
2287
2252
2287
2757
2504
2577
2578
2757
2254
2292
2762
2763
2259
2260
2292
2256
2257
2258
2655
2257
3033
2258
3033
3049
2655
2260
2261
2571
2263
2730
2734
2801
3059
2264
2748
2792
3059
2510
2791
2792
2424
2401
2421
2268
2269
2715
2783
2606
2607
2874
2566
2783
2271
2891
2892
2905
2352
2710
2905
2273
2471
2559
2921
2274
2469
2470
2471
2473
2277
2278
2278
2336
2280
2281
2282
2338
2339
2281
2282
2447
3062
2339
2447
2840
2475
2466
2524
2285
2823
2822
2823
2287
2363
2289
2290
2955
2979
2290
2394
2312
2955
2543
2901
2763
2294
2295
2443
2555
2295
2721
3076
2443
2721
2297
2298
2428
2781
2334
2428
2429
2300
2322
2933
2322
2767
2942
2706
2967
3006
2912
2306
2307
2308
3065
2308
2711
2712
3044
2308
2727
2771
2712
2771
2802
2310
2544
2965
2698
2954
2965
2573
2313
2955
2317
2680
2955
2315
2316
2317
2316
2317
2680
2927
2320
2321
2926
2321
2386
2670
2386
2926
2767
2324
2325
2343
2583
2593
2325
2326
2519
2326
2341
2582
2583
2341
2342
2519
2949
3035
2328
2438
2866
2866
2868
3030
3047
2330
2587
2587
2603
2818
3083
2332
2434
2333
2434
2863
2338
2863
2429
2336
2337
2527
2646
2339
2840
2357
2617
2342
2582
2908
2907
2908
3035
3036
2345
2628
2347
2494
2495
2780
2519
2780
2349
2528
2351
2352
2722
2769
2910
2352
2709
2710
2710
2905
2910
2354
2572
2356
2601
2522
2617
2873
2652
2656
2658
2360
2361
2537
2651
2810
2361
2537
2388
2651
2363
2364
2365
2760
2586
2365
2714
2760
2521
2678
2571
2369
2370
2370
2642
2872
2642
2372
2594
2594
2944
2945
2374
2469
2470
2529
2530
2470
2471
2376
2635
2637
2458
2637
2688
2759
2378
2379
2444
2885
3056
2379
2380
2444
2380
2966
3055
3056
2382
2383
2553
2383
2641
2553
2385
2881
2640
2881
3013
2562
2563
2670
2740
2388
2389
2647
2389
2651
2647
2648
2651
2391
2392
2779
2883
3057
2392
2393
2394
3057
2393
2743
2882
2883
2394
2742
2743
2742
2396
2397
2398
2399
2400
2598
2397
2399
2520
2582
2398
2520
2598
2400
2582
2583
2583
2597
2598
2602
2402
2403
2421
2403
2404
2421
2681
2682
2404
2448
2682
3086
2407
2895
2569
2570
2411
2720
2795
3087
3087
2413
2701
2702
2414
2701
2486
2826
2418
2419
2498
2508
2969
2419
2508
2692
2844
2856
2692
2714
2681
2717
2511
2664
2424
2668
2850
2668
2521
2455
2456
2516
2811
2429
2430
2781
2430
2432
3048
2641
2833
2863
2436
2437
2463
2505
2506
2754
2437
2782
2784
2506
2715
2782
2439
2866
3072
2752
2976
3072
2442
2444
2444
2644
2885
2555
2556
2885
3005
3041
3062
2450
2476
2503
2451
2502
2503
2844
2856
2844
2845
2453
2616
2671
2900
2931
2552
2616
2456
2457
2526
2567
2568
2457
2514
2515
2516
2514
2568
3082
2637
2461
2514
2580
2662
3082
2462
2579
2580
2581
2904
2904
2925
2997
3051
2754
2859
2465
2534
2574
2574
2609
2610
2467
2524
2524
2880
2902
2470
2530
2471
2921
2831
2898
2899
2474
2666
2797
2799
2666
2630
2649
2848
2889
2479
2480
2532
2480
2531
2532
2588
2820
2993
2557
2993
2805
2806
3055
2483
2484
2709
2773
2484
2709
2656
2487
2567
2825
2826
2897
2526
2567
2489
2490
2490
3004
3038
3038
2492
2493
2645
2493
2494
2495
2495
2645
2495
2780
2497
2915
2915
2499
2969
2933
2535
2503
2504
2692
2856
2504
2506
2713
2754
2713
2715
2747
2992
2994
3029
2844
2969
2975
2674
2675
2729
2791
2800
2512
2513
2664
2665
2513
2729
3045
2663
2665
3020
3045
2515
2662
3082
2516
2662
2674
2879
2775
2777
2811
2879
2518
2907
2908
2989
3021
3022
2520
2582
2908
2780
2949
2582
2678
2662
2675
2880
2567
2646
3012
3039
2767
2532
2533
2588
2589
2640
2533
2640
2574
2585
3014
2810
2539
2540
2596
2596
2544
2543
2901
2930
2932
2901
2546
2547
2796
2547
2875
2859
2875
2620
3002
3052
3064
2550
2551
2884
2906
2551
2554
2554
2906
2615
2616
2918
3065
2559
2613
2595
3007
2562
3053
2563
2807
2739
2740
2807
2565
2566
2829
2839
2566
2782
2783
2828
2783
2829
2568
2897
2579
2580
2897
3082
2570
2912
2636
2749
2716
2575
2576
2585
2609
2576
2577
2609
2919
2577
2578
2585
2578
2919
2580
2581
2825
2897
3082
2825
2904
2974
2583
2908
2593
2602
2585
2708
3014
3014
2587
2603
2589
2820
2968
2640
2968
3013
2592
2999
2695
2776
2602
2621
2634
2685
2937
2677
2598
2602
2600
2955
2979
2680
2955
2604
2818
2818
2694
2607
2874
2914
2983
2626
2693
2610
2611
2919
2611
2790
2790
2851
2919
2728
2738
2758
2829
2817
2909
2616
2931
2619
2629
2971
2629
3064
2622
2623
2624
2634
2676
2685
2686
2623
2624
2976
2996
2676
2976
2634
2964
2996
2753
2693
2631
2886
3025
2636
2637
2637
2749
2677
2744
2659
3013
2833
2643
2895
2885
2958
2960
3019
3080
2896
2870
2871
2931
3012
2648
2649
2649
2962
2848
2889
2962
2810
2656
2657
2658
2654
3011
2658
2669
2735
2736
2736
2793
2660
2827
2674
2675
2665
2705
3020
2665
2799
2745
2735
2785
2798
2671
2740
2740
2900
2934
2673
2854
2855
3071
2855
2890
3066
3067
3068
2675
2686
2687
2744
2955
2682
2717
2995
3009
3028
2995
3086
2691
2772
2961
2685
2686
2688
2686
2687
2688
2688
2759
2759
2851
3041
2795
2961
2856
2694
2775
2776
2697
2698
2699
3077
3035
3036
3077
2699
2954
2965
2951
2954
2990
3077
2809
2702
3008
3008
2704
2705
3020
3020
2707
3006
2798
3014
2710
2712
2794
3044
2802
2782
2783
2750
3028
2719
2720
2961
2795
2961
3087
2722
2770
3076
2769
2770
2724
2924
2925
2997
3078
2904
2974
2997
2726
2727
2932
2727
2771
2771
2738
2946
3045
2731
2732
2734
2956
3059
2732
2734
2871
2900
2934
2871
2956
2957
2801
2934
2736
2785
2786
2786
2952
2738
2758
2838
2758
2740
2801
2934
2934
2780
2949
3035
2743
3004
3038
2882
3038
2745
2943
2943
2935
2936
2748
2956
3029
2792
2956
3059
2804
2751
3028
2758
3028
2753
2976
2964
2976
2996
2858
2859
2862
2756
3085
2923
3015
3085
2838
3028
2763
2833
2766
2832
2898
2832
3034
2942
2769
2910
2770
2910
3076
2802
2920
3069
2776
2777
2811
2777
2879
2779
2883
3000
3003
2883
3057
2949
2922
2783
2784
2828
2828
2786
2787
2796
2798
2938
2952
2796
2789
2790
2857
2790
2857
2792
2800
2794
3044
2961
2798
2799
2934
2857
2806
2966
3026
3050
3055
2812
3060
2849
3069
3060
3061
2814
2815
3024
2815
3024
2835
2909
3053
3083
2993
2823
2926
2826
2897
2974
2973
2974
2986
2987
3040
2832
2898
2898
2835
2836
2837
2845
2836
2837
2909
2909
2917
2845
2903
3028
2946
2856
2847
2947
2867
2868
3030
3075
2911
3078
2855
3071
3079
3067
2859
2862
2875
2991
2875
2861
2884
2970
2938
2952
2970
2864
2991
3063
2963
2867
2868
2868
3030
2871
2900
2931
2900
2957
3012
2914
2991
3040
3046
3081
2878
2932
2930
2932
2902
3013
2883
3003
3003
2906
3019
3056
2888
2892
2980
2981
2962
2975
3068
2892
2905
2980
2980
2894
2899
2931
2934
2930
2992
3009
3028
2974
2997
2910
3044
2908
3022
3036
3077
2917
2928
3065
2924
2925
3015
3051
3085
2925
3078
3085
2997
3051
2947
2932
2936
2941
2952
2940
3033
3034
3033
3049
2983
2945
3031
3031
3058
3020
3045
2977
2978
3016
3035
2988
2990
2970
2979
2957
2998
3029
3059
2998
3012
2959
2960
3080
3019
2996
3026
3055
3006
3013
3023
2975
2991
2974
3027
2996
2978
2981
3016
2981
2985
3043
2987
3040
3081
2989
2990
3046
2990
3021
3022
3046
3022
3077
2994
2995
3009
2995
3029
3086
3009
3086
3012
3029
3039
3086
3001
3002
3003
3002
3003
3037
3052
3052
3064
3038
3041
3028
3025
3080
3039
3023
3051
3074
3018
3056
3045
3046
3077
3032
3027
3050
3050
3086
3047
3058
3066
3068
3034
3049
3036
3077
3052
3086
3081
3054
3081
3048
3083
3056
3061
3067
3068
3084
3079
3074
3079
