1.539993349927797012e-14
1.539993349927797012e-14
9.906411109466668918e+00
1.981093377940315037e+01
2.971164654578435105e+01
3.960656575448199135e+01
4.949361205195295810e+01
5.937056774400530657e+01
6.923503626314276005e+01
7.908438710349783207e+01
8.891569277913400526e+01
9.872564964961048872e+01
1.085104783551559962e+02
1.182657944451145937e+02
1.279864402209429954e+02
1.376662636045940928e+02
1.472978045152609923e+02
1.568718814561129875e+02
1.663769904319003956e+02
1.757984229167772980e+02
1.851169788255037076e+02
1.943069457604995875e+02
2.033329158280500053e+02
2.121444910683798923e+02
2.206671686687780891e+02
2.287858913854259129e+02
2.363146741989301916e+02
2.429404013226950951e+02
2.481342609846172991e+02
2.511046471152864115e+02
2.511046471152864115e+02
2.481342609846172138e+02
2.429404013226950099e+02
2.363146741989299926e+02
2.287858913854254865e+02
2.206671686687776912e+02
2.121444910683798923e+02
2.033329158280498916e+02
1.943069457604991896e+02
1.851169788255037076e+02
1.757984229167767012e+02
1.663769904319005093e+02
1.568718814561127886e+02
1.472978045152607933e+02
1.376662636045936097e+02
1.279864402209424981e+02
1.182657944451140963e+02
1.085104783551556977e+02
9.872564964961017608e+01
8.891569277913370684e+01
7.908438710349754786e+01
6.923503626314244741e+01
5.937056774400502235e+01
4.949361205195243940e+01
3.960656575448125949e+01
2.971164654578362985e+01
1.981093377940243982e+01
9.906411109466192855e+00
-1.116508749041489068e+01
-1.473863533420830052e+01
-5.710832544889944629e+00
-6.481100754115488805e+00
-1.128117592631564037e+01
-4.630425180502835580e+00
8.070179800534806702e+01
7.292908346247718043e+01
7.554291689919230635e+01
8.292316190355764149e+01
-2.381686608534002119e+02
-2.420451645148314981e+02
-2.352870786725302992e+02
-1.004403904100926042e+02
-1.021174706622281008e+02
-9.370781433820594941e+01
-4.561926668664877838e+01
-5.433948318476714689e+01
-5.240262210117391106e+01
-4.309284838143639718e+01
-4.349409360263837243e+01
-4.366499723662474253e+01
-3.497883688297404348e+01
-1.209730873295693954e+02
-1.248721079380676997e+02
-1.280237612590933907e+02
-1.324054923858126926e+02
-1.262868786732704933e+02
-1.222880454593060051e+02
-1.171781822381778966e+02
-1.323583779794448105e+02
-4.912759292330965089e+00
3.990070171666912024e+00
-3.270671920128975785e+00
2.303227574292278135e+01
2.975422186814756031e+01
1.809485006354406949e+02
1.737707550595287103e+02
1.805572591113433134e+02
-9.412458835128593648e+01
-1.249151479027946010e+01
-1.584879219251712925e+02
-1.529311990116065090e+02
-1.595171694213393039e+02
-1.509446190357679995e+02
-1.361160370935228059e+02
-1.370287110195756100e+02
-1.430877388271044026e+02
-1.283314918358069860e+02
-1.774433663831591090e+01
-7.199094871768451753e+00
-5.237330647826295760e+00
-1.390076339526632943e+01
-9.996681867548524281e+00
-1.710260687408672098e+01
-2.747547481415185899e+01
-2.060079751471970866e+01
-2.878896704654811955e+01
2.577125123652060878e+01
3.336165653021024724e+01
2.769719062372530871e+01
-1.678657370150924919e+02
-1.767549494668710111e+02
-1.720277543317428126e+02
-1.809932274194974013e+02
-1.570250043049989017e+02
-1.476418990977917929e+02
-1.466392219922985873e+02
-1.403818368071331122e+02
-2.139310347839648045e+02
-2.082371882302772974e+02
-2.141020792432981921e+02
-7.606646659833351976e+01
-7.665042165271489694e+01
-6.933263083328129994e+01
-6.650042321972100012e+01
-7.023325280410939797e+01
-1.785229567265232902e+02
-1.869697097840814877e+02
-1.837362105759603992e+02
-1.829148086448456922e+02
-2.311198205457368999e+02
-2.362590858426065950e+02
-2.354956628030078036e+02
8.811849145816522366e+01
8.262398754000389545e+01
8.975114026345706009e+01
7.939585475530303427e+01
-2.406407070961184900e+02
-1.595182187376387901e+02
-1.567590952492018914e+02
-1.638927075275564107e+02
-1.584727557435988956e+02
-1.683953245776006042e+02
-1.778183539340134018e+02
-1.703212614838377021e+02
-1.773323827434662121e+02
-1.907781340476010996e+02
-1.918261987040125973e+02
-1.853612672922533022e+02
-1.838928051237137140e+02
-1.889066958429284000e+02
-1.896978039747621096e+02
-1.978049261028650960e+02
-1.785585371727204063e+02
-1.888953800584139060e+02
-1.837690647372814112e+02
5.951720368690111229e+00
-2.197707349735885032e+02
-2.240009942043419073e+02
-2.161766482995597869e+02
-2.162805778358408020e+02
-2.202327497912959871e+02
-2.134720162194533088e+02
-2.247518403243363991e+02
-2.426194574698114934e+02
-2.460878229082987900e+02
-2.487107839239272096e+02
-1.878286487221787979e+02
-1.834985174144279938e+02
-1.920507169110194070e+02
-1.828276290641074979e+02
-2.367487613672946907e+02
-2.382282822957434121e+02
-2.430098220383335956e+02
-2.224837372549714871e+02
-1.709106633672587918e+02
-1.769281756344153962e+02
-1.810268434341211048e+02
-5.922946821168847720e+01
-6.667885719998670879e+01
-6.218346888765899649e+01
-7.108858571275744964e+01
-1.831439379915366885e+02
-2.139685990425232092e+02
-2.065552534331982031e+02
-2.277166950431162036e+02
-2.333980395668887127e+02
-2.287369378420249859e+02
1.671661728817583139e+02
1.668330908242164980e+02
1.745551042243388054e+02
-2.483643557060071885e+02
-2.443945893515115984e+02
-2.466840545664877027e+02
-1.327686984625397884e+02
-1.304194565385705005e+02
-1.261862471523973994e+02
-1.385881501468554120e+02
-3.347378273872256216e+01
-2.373102192324651938e+01
-2.950286042048202972e+01
1.564679418620968043e+00
1.200969344430994035e+01
6.669171053835849072e+00
-3.084492273858059974e+01
-2.252166364161516867e+02
-2.326832737637047899e+02
-2.258531476064231924e+02
-2.271248580888278923e+02
1.519840765917431895e+02
1.628507888824817087e+02
1.592017786408227948e+02
-2.180003878133994135e+02
-2.192700161353660064e+02
-2.131864799748333894e+02
1.492808000205583880e+02
1.602927149795928017e+02
2.337860532906081090e+01
3.119487560775230861e+01
3.805149081755565277e+01
1.717468227246282879e+02
1.783648108755313046e+02
1.720888706024798864e+02
1.816089562053869884e+02
-1.730155976113371139e+02
-1.792617876681730138e+02
-1.706396914809851069e+02
-2.303197391612409035e+02
-1.882759179276278019e+02
-1.915168315387711004e+02
-1.838880547081994052e+02
-2.445248812760248924e+01
-1.531536475084707938e+01
-2.594536261265846022e+01
-2.359319848800037107e+02
-2.378221048315600967e+02
-2.416905066553520953e+02
-1.630904781643155133e+01
-1.477967904181128063e+02
-1.544115080344926980e+02
-1.562075643723327971e+02
-2.433435203334155972e+02
-2.389581644675087091e+02
-2.430686347832844945e+02
1.749151796057321917e+02
1.663635613144116974e+02
1.649130039871413089e+02
-2.393575920154237053e+02
-2.293823640961680042e+02
-1.925211481728410945e+01
-1.059653268147278027e+01
-2.438419551907782079e+02
-2.467351152627518900e+02
-1.653922586765089875e+02
-1.635940304992236065e+02
-2.501651276973948086e+02
-2.497306935460823922e+02
-2.474594392632550068e+02
-2.180543859010660128e+02
-2.114312942498526127e+02
-2.144804649647699932e+02
-2.155762655849503915e+02
-2.388359870799048963e+02
1.874554841727097880e+02
1.966947021907108990e+02
1.641990728310647114e+02
1.536731797390177974e+02
1.585922701881023897e+02
1.630530348751630925e+02
1.121633004271144962e+01
1.596450842558862959e+01
1.725389800769644921e+02
-2.065570275790279879e+02
-2.062931821342799878e+02
-1.992790649927297864e+02
2.241406693883008927e+02
2.157403728077507026e+02
2.172332463079185914e+02
2.255245999473507936e+02
-2.335644025298940107e+02
-2.382009378005674876e+02
-1.294018646840974043e+02
-1.327429695956681996e+02
-1.388723323625690114e+02
-9.949440499182408360e+01
-9.285502450464709057e+01
-8.913768324282901290e+01
-8.431816030599472356e+01
1.300002637471556000e+02
1.354952521060978938e+02
1.283401778831428999e+02
1.377041097735877884e+02
-1.240448093978125002e+02
-2.435580576897251888e+02
-2.479322963053191131e+02
-2.475279187878927871e+02
-2.327504625797168956e+02
-2.380658524636920959e+02
-2.344310314305220118e+02
-4.732952525811545996e+01
-3.976723561475657220e+01
-4.819101849376845337e+01
-3.952800975516196758e+01
-2.357821756758827121e+02
-3.990117395369040310e+01
-2.311462374554407972e+02
-2.260055385015274112e+02
1.508177301725312134e+02
1.583427313913593082e+02
-6.010987529870215695e+01
-5.938968887584030654e+01
-5.240571874993796797e+01
-6.784068410089025747e+01
-1.320541210562923951e+01
-2.132639393488149082e+01
-2.216367280910645121e+01
-1.357230680098085962e+01
1.828888520259129962e+02
1.821275967629480874e+02
1.888120290342174883e+02
1.913569132070761043e+02
5.933796773619314280e+01
6.258141109129147139e+01
5.360734717508901070e+01
6.676011014671344412e+01
1.673541035867067137e+02
1.582874382195766998e+02
1.616049558504691106e+02
1.644629880715284003e+02
1.976210307127992110e+02
1.895755173641815077e+02
1.914200001971317988e+02
1.978678907104346933e+02
1.448549297758974888e+02
1.404515973410364040e+02
1.516543858530525881e+02
-1.931128956313754088e+02
-1.988323615138735079e+02
-1.190760397721413995e+02
-1.265720877651817062e+02
1.510135994816025971e+02
-8.730494625154129551e+00
-6.655822488132934645e+00
5.654814399580342967e-03
-7.523813353289119168e-03
9.555581674457188646e-01
1.779153588069783964e+00
-4.366436660252608348e+00
-1.743827368994344056e+02
-8.817407581193572241e+01
-9.652272123168670248e+01
-9.028922005615204682e+01
-9.868977978466035950e+01
-7.604913131541258053e+01
-7.897324998480829095e+01
-8.566397045891160644e+01
2.069960660041840868e+02
2.015683444877747945e+02
1.969645211698679930e+02
1.955865790644213860e+02
-1.623808820820206833e+01
-6.815205886422320170e+00
-1.245543326729053035e+01
-1.027732288721266940e+01
-8.927825368908042947e+01
-2.336255454899070116e+02
-2.280972604326275928e+02
-2.277273803057360055e+02
-1.976730627545368861e+02
-2.021438661149003906e+02
-2.066673076970677130e+02
-2.008326379704193130e+02
-2.093147848563856996e+02
1.641305042631683975e+01
2.701083392944822137e+01
2.040765052968738047e+01
2.820353917647575059e+01
8.497756941801470987e+01
1.123098645510852975e+02
1.180024001395687065e+02
1.080130444595833978e+02
2.609892321202026011e+01
1.511406364273337886e+02
1.585068000341063055e+02
1.490217731170195918e+02
1.569535736930573933e+02
-1.573461589529873947e+02
-1.474332954319083910e+02
-1.458503869025431072e+02
-1.543789455103633941e+02
-1.472913534971337128e+02
-5.636582517916507129e+01
-6.372331249669748132e+01
-6.378988918088659688e+01
-7.363157928610429792e+01
-7.219280712769449337e+01
1.079746124766936930e+02
1.080963739758707050e+02
1.139715902822931071e+02
2.387360581611628163e+01
2.666614038357204919e+01
-8.985047974342369059e+01
-8.483306573107188342e+01
-9.361188534875435607e+01
-1.003651654672148936e+02
-8.075903881101538673e+01
-7.783031548351098650e+01
-8.616798526346951803e+01
2.124268063236154092e+02
2.074879529601790864e+02
2.144821268015197973e+02
-9.430680391237575577e+01
-5.006954213912227658e+01
-5.822447318458152665e+01
-5.672172223335053332e+01
1.642716420026262085e+02
1.671101554783639926e+02
1.594999598220207986e+02
1.715223126442425894e+02
4.846513461527653277e+01
5.449316009365846725e+01
4.476506229973389850e+01
-4.882684365361529188e+01
-3.843533557626126651e+01
-3.042531729204786117e+01
-3.593491482037177320e+01
-2.471052166193934951e+01
-7.415404823374204035e+00
-7.897582864608712061e-01
-1.244370435145929044e+01
4.001086881231800341e+00
-1.499691298164370892e+02
-1.550040572718164071e+02
-1.459380526452814877e+02
-1.397497929349896992e+02
-1.470145065446882882e+02
8.253445221288112066e+01
8.840526271044757323e+01
8.053532108853045202e+01
1.010166800009017010e+02
9.211088712148054469e+01
9.086514856497939263e+01
9.256691720564958814e+01
-2.245758201734384940e+01
-1.698149477108382044e+01
-2.713826724180389860e+01
-1.710775182168593034e+01
-2.762019250391425018e+01
-9.685941254594153804e+01
-9.777919532398702529e+01
-1.046547658817968056e+02
-1.060137899584943995e+02
9.750136353433894953e+01
6.879748453938577590e+00
1.587230625255170047e+01
9.927025489259323265e+00
1.080635220823874931e+02
1.322006996156488015e+02
1.412427624014846970e+02
-5.881128839397953811e+01
-4.949745155773897665e+01
-5.759318309726401708e+01
-4.737947948449500046e+01
-1.393642282952451126e+02
-1.366064279620030959e+02
-1.459716750950641142e+02
-1.292874179810588942e+02
-1.365131611110471965e+02
-1.266929768210560070e+02
-1.313676306611037887e+02
1.171887642745869016e+02
1.217054990404465968e+02
2.324220380167267876e+02
2.370200028196051107e+02
2.322198367686677898e+02
2.393693390963593970e+02
-6.261344629818803043e+01
-6.041348070725499042e+01
7.407908031874097787e+01
6.853218001298199624e+01
7.925539842902259124e+01
-7.463805080796328184e+01
-8.197352129548765731e+01
-7.144649065397709364e+01
-7.632540847263115324e+01
-1.705139552160609924e+02
-1.199430748486079068e+02
-1.115414943483211943e+02
-1.192589335860772053e+02
-1.115115761074873006e+02
6.261762796858693747e+01
6.804571971504553574e+01
5.783068830901339652e+01
5.710669300891002820e+01
5.292804560013485826e+01
-6.803701899936007180e+01
9.850118507495146503e+01
9.596622298435755738e+01
1.650650511705104861e+01
8.156518852762397742e+00
9.994907550617028846e+00
1.895614711484173043e+00
8.576670412896574192e+01
9.248267475624501799e+01
1.628334116668115072e+01
1.163506069488681938e+01
6.806542788102157182e+00
2.607251988904355056e+00
4.512933344689953330e+00
1.744502774268860037e+02
1.718452208589299062e+02
1.647823684959971047e+02
1.683126064093011109e+02
1.650014371858719926e+02
-8.533621669862579040e+01
-9.460063349892473639e+01
-8.840989173751377450e+01
-1.906459169609360913e+02
-1.811984050929308125e+02
-1.901143504940858975e+02
1.183503059031782954e+02
1.229264448912883978e+02
1.130252123157397932e+02
-8.501460241240991422e+00
2.145557313845656893e+02
2.071091604900572065e+02
2.087234544666158058e+02
-1.015033315243020979e+02
-9.366397813191973398e+01
-9.225758004467840578e+01
2.171050246226043043e+02
2.216323267842909104e+02
-2.327127438824120134e+02
-1.456719248548909889e+02
2.455631927643534880e+02
2.393589415456729057e+02
2.424608233887132087e+02
-2.057896785900096006e+02
-2.132396509147691006e+02
-2.091946783468283115e+02
-2.304140372926486009e+02
6.578281869334408327e+01
-2.067363706689218930e+02
-2.086107852787162074e+02
-2.001318530284198118e+02
3.070489787811638038e+01
3.698701686321758331e+01
4.082415886365325264e+01
4.523414515115432266e+01
1.292500469786033079e+01
2.424146529579773102e+01
2.013643512004557934e+01
3.002052020130410881e+01
-5.333886605085246657e+01
-5.922888197827536771e+01
-6.312170952516854783e+01
-6.596998413976811548e+01
2.009724976737203974e+02
1.995708556298762062e+02
-5.888606879057832089e+01
-6.475567586354307537e+01
-4.845000030108491273e+01
-3.755245658134104758e+01
-3.341230055832553347e+01
-4.273191308736777927e+01
6.128644234426747062e+01
5.251456825864526223e+01
-3.881349412777729668e+01
-7.464926144642615169e-01
-7.380823075676720357e+00
-6.381229929079816898e+00
1.571883755635884086e+02
1.494075658972047052e+02
1.576468459480018112e+02
1.649189645108776006e+02
1.654758761080811098e+02
-1.025907747584196983e+02
-1.104379956013711990e+02
-1.108246953430165007e+02
-1.041518762973098973e+02
-1.531757400987914082e+02
-1.444983609972076124e+02
-1.539170040680504883e+02
-1.410256422713354993e+02
1.565256046340842921e+01
1.124452684131638946e+01
2.170444868194347166e+01
1.179453948693962957e+02
1.251368854815643061e+02
1.186018634271978982e+02
1.277617891078307935e+02
-1.732108631416411129e+02
-1.638251739802232976e+02
-1.754964907965963903e+02
-1.631973372447745874e+02
-1.159757396511831047e+02
-1.212101375166711961e+02
-1.245382979180324980e+02
-1.111699108161487004e+02
-1.685951451145498083e+02
-1.761882272635139088e+02
-1.659847746366343131e+02
-1.782749187719462896e+02
-1.644402056817893083e+02
-2.259857719869357027e+02
7.892591264639672488e+01
7.551889513920266950e+01
7.020725143299144122e+01
8.378818341357177246e+01
2.405357092911478105e+02
2.375179915025460957e+02
2.354020030531760881e+02
2.304164317556517005e+02
-4.363389437204322263e+01
-4.467133581272169351e+01
5.907899175849365747e+00
1.458226981074543005e+01
8.422147849856697732e+00
1.897433553895104907e+01
-1.035344483553332964e+02
-1.100605566989707995e+02
-1.141464945085565006e+02
-1.169285811719565942e+02
-1.602863225054504142e+02
-1.749773526308503051e+02
-8.151038864827035013e+01
-9.049392638636058450e+01
-9.096933093919388114e+01
-1.011621438149914951e+02
-2.098042906505849885e+02
-2.040186285264867081e+02
-2.062653969958452933e+02
4.511679125568439730e+01
4.225273074394011275e+01
-2.074648384061601121e+02
-1.997874063360843877e+02
5.795388686059556704e+01
6.297965916649364715e+01
6.508452353262387646e+01
7.165204311816982852e+01
1.513587440508966040e+02
1.498731764131300963e+02
1.426491396730228871e+02
-1.980606877019567094e+02
-1.731614414672509099e+02
-1.980043802742129913e+02
-2.054768783837581054e+02
-1.664306035896480864e+02
-1.743456248816150094e+02
-1.131209333309946032e+02
-1.235270404358958984e+02
-1.171131767857491042e+02
-1.073550636709543937e+02
1.558160452163584964e+01
7.097035669616237996e+00
7.329756225339924214e+00
1.620432376795076124e+01
1.088446407873649058e+01
-1.757545738909547879e+02
-1.691455121343842052e+02
-1.793168221021379907e+02
-1.671056074789075865e+02
6.792372771522552455e+01
6.069022783165181778e+01
6.080947986074006906e+01
6.795997206379792033e+01
-1.123650053424044017e+02
-1.027100437113439000e+02
-1.074608664767801969e+02
-1.045224088021733024e+02
-1.163003350196575951e+02
-1.033939635112640048e+02
-9.853527814560861486e+01
-1.088053883800772041e+02
-1.456874825205298976e+02
-1.382176784275000898e+02
-1.432184429828425039e+02
-9.910292952532508082e+01
-1.052740384315767983e+02
2.429247264926553029e+01
-1.349457334175876042e+02
-1.320871797693123142e+02
-1.265984245437949056e+02
-1.869217118606206043e+02
-1.841611450118298876e+02
-1.918107520405359878e+02
-1.783894260620508874e+02
-9.100811245429653695e+01
-8.914369558165353169e+01
-8.300258027999232979e+01
-8.036632286002469527e+01
-1.312967867469336909e+02
-1.361553338820820898e+02
-1.272653010044012944e+02
-1.408747268614849872e+02
-1.234637777426427050e+02
-2.197643092585215072e+02
-2.113304003384907901e+02
-2.071516826006084955e+02
-1.410330003398063923e+02
-1.457870334002444110e+02
-1.606263343282147957e+02
-8.979141170571568864e+01
-9.581730546111808167e+01
-8.072526741609250678e+01
-1.738066462905678975e+02
-1.731784500809039002e+02
-1.810160647441801132e+02
-9.719173420392044704e+01
-8.903281986203224108e+01
-9.115124347104652713e+01
-1.659908972053461866e+02
-1.555279289678975942e+02
-1.489487960194983032e+02
-1.550967847383971900e+02
-1.498471164664323965e+02
-1.693878630482128074e+02
-1.631748260834932864e+02
-1.198236083863799024e+02
-1.264280153492245944e+02
-1.265261575033355967e+02
-1.345360991731139109e+02
-7.216195656085643861e+01
-8.141894677560745208e+01
-8.049156437600309744e+01
-7.511022034392358648e+01
-7.555521371898559835e+01
-8.559636615836227236e+01
-7.985572012900107097e+01
-9.050168782092070785e+01
-6.669079358832796345e+01
-5.632059389584915010e+01
-6.179868907863409078e+01
-5.159496693116639676e+01
-5.595291751359504673e+01
1.655960717715402097e+02
1.613590169065047917e+02
1.540004995452694061e+02
-5.477621566811514242e+01
-4.366974936554382225e+01
-4.784346035620159654e+01
-3.977041268730697965e+01
1.689195714317268937e+02
1.673850880947674966e+02
7.075490387441533358e+00
-1.510511601476733023e+00
4.969649050577062077e+00
-3.888443235256570929e-02
7.052045984895603858e+00
-1.333702122528308109e+02
-1.338830739616340111e+02
2.109841147061463005e+02
2.204257059129319885e+02
1.249674018750686955e+01
7.948001521716368423e+00
4.897912057554116849e+00
-1.290612864422944028e+02
9.586476122219533380e+00
1.803845896924395120e+01
1.325869945638788039e+01
3.421541668017579862e+00
-8.541361871196984978e+00
3.410206122623287150e+00
-2.560988862361457841e+00
4.594322417586342766e+01
4.404285766048150919e+01
5.202480420759160040e+01
3.775469973475428276e+01
3.699902819085181815e-01
-1.101620469122164963e+02
-1.169998653764394021e+02
-5.363365062813485196e+01
-5.979855031505604046e+01
-4.443568847159755819e+01
2.112005511745372033e+01
2.227709565122967916e+01
2.978159959460523964e+01
1.329420476029098985e+01
-5.300053895954815175e+01
-5.834550834349536785e+01
-6.179060499383586347e+01
-4.911064610822207754e+01
-7.300468833790045409e+00
1.182053319793404000e+02
1.109275846781515042e+02
1.112990666411153029e+02
-6.699812050431018129e+00
-2.583814743361277166e+01
-1.646100951007273139e+01
-1.637212441763950110e+01
-6.903483257731853229e+00
-8.587296448553487949e+00
-1.278045191102371945e+02
-1.189946861021354039e+02
-1.160078297841987052e+02
2.302889812274102042e+02
2.318802601868181057e+02
2.376957525745166038e+02
5.197720461072484710e+01
6.174889499784018909e+01
6.012703481448478726e+01
6.805735634033256076e+01
2.316963917113374123e+02
2.375267681142454137e+02
1.460605450701204120e+02
1.436574157658166087e+02
1.524964721205379874e+02
1.540967120622609059e+02
-1.219034190517098040e+02
-1.253222973544889953e+02
-1.195238636894061983e+02
-1.130370529786255958e+02
-1.134096775703684017e+02
1.574086729023852058e+02
-1.314949237208394948e+02
-1.694529458617323030e+02
-1.642110805404248879e+02
-1.598779074566770078e+02
-1.508937947386997962e+02
-1.639505256907376065e+02
-1.626992863628244947e+02
-1.177396339021390048e+02
-1.097459486585295991e+02
-1.155619902892981941e+02
-1.111517052970462061e+02
-1.031998155450674943e+02
1.345006105471098863e+02
1.305956863398874930e+02
1.250313140524976063e+02
1.379138991055305894e+02
1.423850696321997020e+02
-1.825222659996867947e+02
-1.910346985915469986e+02
-1.362247052876512896e+02
-1.397436367592214879e+02
-1.363144092570576902e+02
-1.406780533700379863e+02
-1.307206292488743031e+02
-1.369734097982951084e+02
-1.378240690262788917e+02
-2.963862459040618091e+01
-9.522714580908699133e+01
-9.555602043778047516e+01
-1.641915427378206971e+02
-1.622518992295387079e+02
-1.696042391302885903e+02
-3.807942512919530120e+00
4.533113203999032947e+00
3.630128561412904187e+00
1.303050484886522042e+01
-8.590166509226466474e+01
-1.493221162164039129e+02
-1.449163527627025871e+02
-1.412407851331130075e+02
-1.427825302824323899e+02
4.353135331293439236e+01
3.795816805619877954e+01
3.547177894897438222e+01
1.035417529091476041e+02
2.953034978753582962e+01
-1.508987311195448910e+02
-1.078377284804263070e+02
-1.093527610788082001e+02
-1.160120990919268991e+02
-1.150080529590970997e+02
-1.228370930736607960e+02
-1.900266804413124078e+02
-1.835080685084222978e+02
-1.431113608203534113e+02
-1.485344742773403084e+02
-1.493402238422517883e+02
-1.413158543938019136e+02
-1.564204220892916908e+02
-1.973105674721392973e+02
-1.016229313369356930e+02
-1.037423484868465948e+02
-1.787919126460814141e+02
1.010366920375732036e+01
5.547678403664983993e-01
4.916078910879401853e+00
7.601901568847254964e+01
6.887835014493884955e+01
6.832821638692126953e+01
6.018775558449070218e+01
5.973105133992017102e+01
-1.177844764502842025e+02
-1.262783981301789993e+02
-1.075543144065245968e+02
1.187216505359703973e+02
1.256248333732361999e+02
1.118045052273076010e+02
8.289620076459875975e+01
7.779308010558271747e+01
7.186984233140414347e+01
-6.936708362814836448e+01
-6.689101316261756836e+01
-5.979344345434969199e+01
1.037371246023840001e+02
-1.306507520428939984e+02
-1.240964357269561020e+02
-1.215048124045217008e+02
-1.179003114447478993e+02
-1.919861600402246040e+02
-9.324949788636781989e+01
-1.005147884209053046e+02
-1.029852496838635005e+02
-1.710981499739986873e+02
-1.800147479140156008e+02
1.442384405825573879e+02
1.355362257317769945e+02
1.395701836279473014e+02
1.598670771861328888e+02
1.674817103387422890e+02
1.618909396100767992e+02
1.705999838807589128e+02
-1.337464341015557068e+02
-1.051283078859719069e+02
-1.154718187121664954e+02
-1.117422053413359038e+02
-1.042235516886285041e+02
-1.187717725138926994e+02
-1.207206951771679968e+02
-1.303519592332100103e+02
-1.204252070701537036e+02
-1.903297444084734877e+02
-1.770473093618361133e+02
-1.851075872405357075e+02
1.948355047552036012e+02
2.003161627208762070e+02
1.967439956970117123e+02
1.347709910755303042e+02
1.340811496658824069e+02
1.278004792178077054e+02
1.408918037215495929e+02
1.280469847282940918e+02
-8.798049345227995843e+01
-8.362923168581590971e+01
-9.166297248486904437e+01
-1.652076343733828026e+02
-2.297601788225130122e+02
-2.267511871988695020e+02
2.135827962788509922e+02
2.190504408617800891e+02
1.521211841351581029e+02
1.562407051590016067e+02
1.477178395613138946e+02
2.056244065288260003e+02
-1.377457295438456981e+02
-1.472220097161836918e+02
-1.408384710230293138e+02
-1.515905692314013891e+02
1.590290158716540958e+01
1.642635543636487938e+01
2.511568620661262941e+01
-1.388141447144718086e+02
-1.305315958198096098e+02
-1.361111284420587992e+02
-1.283575595072942122e+02
3.622751558529333060e+00
-5.361499838803183149e-01
-1.519250354010978015e+02
-1.599046921366148126e+02
-1.457240646519805978e+02
-1.547222456049321977e+02
-1.489476011745765902e+02
-1.743038358933538916e+02
-1.344328423009201003e+02
-1.428770337285145899e+02
-1.520649851488537081e+02
1.433738689082969984e+02
-2.111782785191161054e+02
-2.022492387372045926e+02
-2.118305144959589086e+02
-1.013169952280487962e+01
4.732613288457879763e-01
-4.398911047513826666e+00
3.363045226441311986e+00
-1.235691674562153963e+01
-1.602669412190176104e+02
-1.225803291095474066e+02
-1.320302638039981957e+02
-1.166349613138273043e+02
-1.106823285620343995e+02
1.944366976878532967e+02
1.881913506172608095e+02
1.853726234868186964e+02
1.896591411961088909e+02
1.434087387152293900e+02
1.505407905129436870e+02
1.420646307958942032e+02
1.873720686691891899e+02
1.953022682303015927e+02
1.912149042521868978e+02
1.510526702920485889e+02
1.997406227653947894e+02
-1.180336424139290017e+02
2.005356267912077897e+02
1.920726433589138082e+02
1.954262253345760882e+02
-2.465989202712576116e+02
-3.849858704399692044e+01
-2.819107203106500137e+01
-3.274885340120670207e+01
-1.191330068507489948e+01
-4.693180578316018092e+00
-6.590103212549659473e-01
3.992293845216623893e+00
-2.555671198633638141e+01
-1.140008036442837067e+02
-1.219949593359694973e+02
1.792201399538546127e+02
1.788925978470533096e+02
1.860458521896019022e+02
1.866907430937905872e+02
1.773900322968133025e+02
-7.057576004894733046e+01
-6.674087357533956322e+01
-7.503972096964024274e+01
-2.650437283218413853e+01
-3.325124197111679081e+01
-2.977968874255251919e+01
-2.003264069671661929e+01
-1.966469962795554949e+01
8.493874804757390962e+01
9.527681925223163262e+01
9.199510643035415569e+01
9.024902092257724462e+01
-1.637987969434257138e+02
-1.613912981799024919e+02
-1.745189260576246966e+02
-1.703032074054000873e+02
1.531418820622243970e+02
1.477581879652209977e+02
4.656317227485401133e+01
5.419713314543574256e+01
4.911664717911875755e+01
1.240968329865220028e+02
1.276050916661986037e+02
1.317946475482700066e+02
1.181638412055789047e+02
5.808167730515059901e+01
5.038448966939070317e+01
-8.163909028762886066e+01
-8.433345121388271082e+01
-9.108160708697761265e+01
-1.147898963719324961e+01
-1.042763994076377987e+00
-9.277155441966279170e+01
-8.474634197602311758e+01
-7.872833884917783109e+01
-7.630195584261973352e+01
-8.577606600561215089e+01
-7.189839197602063336e+01
-7.929469976595653691e+01
8.936942737037439244e+00
4.774542990993364100e+00
-7.962149657992577545e+01
-1.698808183624088031e+02
-1.770195807511308885e+02
-1.262252471180230060e+02
-3.461635836638740216e+01
-4.085444272610975247e+01
-3.180173865590883864e+01
1.839320208162770882e+02
1.881205425692837139e+02
1.810396948031342959e+02
9.299097402780918742e+01
8.337169936615239862e+01
8.785513087780580577e+01
1.026210792594896049e+02
9.705599708396691483e+01
1.588357289960246135e+02
1.584007194331639141e+02
1.678664013713259919e+02
-4.574965937692463314e+01
-5.370836061708592268e+01
-4.549691146644593687e+01
-5.156510914719540750e+01
-1.633192491452824981e+02
-1.699016163496980028e+02
-1.636464962987774996e+01
-1.184704144957225047e+01
1.382541956457590970e+02
1.311540415763826104e+02
1.268244152496948942e+02
1.836529073644103960e+02
1.337774521995507939e+02
-1.657593835882412066e+02
-1.736657566999824098e+02
-1.721269202521812076e+02
-1.816308361336973007e+02
-6.813184229737726127e+01
-7.545480820103571773e+01
-8.505825422288124571e+01
2.326280921855100985e+02
2.261403638188639889e+02
2.263315392951217007e+02
-1.597919357613087925e+02
-1.925256523868825127e+02
-1.841432782654829055e+02
-1.921590039629014086e+02
-1.104983597591480020e+02
1.063596402092310029e+02
-1.070658947620513999e+02
-1.158666916072751008e+02
-1.576731371604674905e+02
-3.256212787755165294e+01
-3.550865552924678070e+01
-4.157522277832409685e+01
-2.358518820930030913e+01
-8.355391108991236138e+01
-8.942555187606076572e+01
9.552088006870891945e+01
8.749727587572441223e+01
9.394558154642182046e+01
7.612611872944722791e+01
8.345046340925892991e+01
8.181105168827019725e+01
9.967312215909220185e+01
1.027583466998422068e+02
1.997157954251494871e+01
2.723619015708361957e+01
2.412062324313307116e+01
3.314371474412566698e+01
1.144895005658907934e+02
1.220573459412522936e+02
1.229464604850264067e+02
-1.194951180922179930e+02
1.261269092114800969e+02
1.193326974476582052e+02
-1.792715213430209928e+02
-1.885599479589702128e+02
-1.213297864389433016e+02
-1.219329078460011004e+02
-1.554519148984389858e+02
-1.604111400229130879e+02
-1.519563023887170061e+02
-2.472146585710679858e+02
-2.424313697004807864e+02
-2.411008558131221093e+02
1.379935541444410063e+01
1.971374048568794990e+01
1.148581070524591929e+01
6.366922054510721019e+00
-1.004238176027174063e+02
5.865351576517309695e+01
6.120864076577979773e+01
6.811844008202864131e+01
5.315752854033250685e+01
-9.150771361453971053e+01
-9.843530396355417622e+01
-9.817839225093692335e+01
-2.375091277303434936e+02
-1.551557940226014125e+02
-1.536843842326609888e+02
-1.438992948180103895e+02
-2.121046361344999980e+02
-2.062431282015973864e+02
-2.096538024273284009e+02
-2.046155745793271024e+02
-1.374046370106345876e+02
-1.319330680800030962e+02
-1.496772859250174861e+02
-1.505202860017801072e+02
-1.587501308919279097e+02
-2.060929968016008047e+02
-2.130049444633970097e+02
-1.326618845545571048e+02
-1.275905963675128021e+02
-1.354495151278470075e+02
-2.288665220729465943e+02
-2.321159574486842985e+02
-5.692697409510056161e+01
-5.466677326963436911e+01
1.060329762566585003e+02
1.112387615027252963e+02
1.028764283065645060e+02
9.607242351163445448e+01
3.664643542564017764e+01
2.716016756066671078e+01
3.066004860479245053e+01
-1.457890527928059043e+02
-1.562320040902127118e+02
-1.065634162709843054e+02
-7.699821416813091446e+01
-7.397215254491392500e+01
-8.552275833667042093e+01
-6.980207221919640403e+01
2.211965713401552023e+02
1.657797660059611928e+02
1.713265986314694942e+02
2.296527884641627963e+02
-6.983203692193782786e+01
-7.288076473340534278e+01
-6.426886492636948844e+01
-7.856891023336780222e+01
-8.136963543739283011e+01
-1.057200942328465061e+02
-1.062426192227244002e+02
1.599771607221398142e+02
1.535901230955844028e+02
1.520543496498368086e+02
-7.939346961150579318e+01
-8.601750850889906985e+01
-1.063621083894413033e+02
-9.985098690100025465e+01
-1.243279532100514047e+02
-1.237095798022934048e+02
-1.313797838467922077e+02
-9.933224236256698703e+01
-1.085557677933083056e+02
-1.340859301773269010e+02
-1.243961027065841023e+02
-5.437702763931869754e+01
-6.004899981027175215e+01
-5.190597771348875256e+01
8.177482637447428715e+01
7.836062872962901338e+01
7.464884913468853256e+01
6.922946937661706102e+01
6.291034320780949685e+01
-7.401561889063562205e+01
-7.197640436204616776e+01
-6.504600664564833323e+01
7.508187106345816630e+01
7.107002212522058926e+01
7.854090805730793079e+01
8.414139216203118110e+01
7.938203497392652253e+01
2.025751800382209922e+01
3.096185864668606058e+01
3.694969777572973868e+01
3.819398096890351013e+01
3.093660104931165833e+01
3.666824171529373899e+01
2.905114564680501843e+01
-8.465653182977204949e+01
-4.682729737485359323e+01
-3.950708395297704101e+01
-3.801701252062056824e+01
1.163522204333824028e+01
2.025686936761992030e+01
-1.825036617562797119e+02
-1.845046942784159114e+02
1.381370080425992057e+02
-1.732749752742720091e+02
-1.787756742317930048e+02
-7.157240140392022454e+01
-6.373355282220209261e+01
-5.694326310206397324e+01
-7.389815854364016445e+01
1.320554964788084078e+02
-1.426058889067226119e+02
-1.501196360827844103e+02
-4.342457519990781556e+00
-5.207095007299432865e+00
-1.907025477340239945e+02
-1.813087012178185944e+02
-1.856595714438157074e+02
1.098650351967246053e+02
1.168190045472654930e+02
1.181690517961647942e+02
-9.383825053312675379e+01
-9.036489318191493680e+01
-1.011775010305790943e+02
-9.623707308021604945e+01
-2.060585842534738958e+02
-1.197242127337712958e+02
-1.108743628260644982e+02
-1.216135217370820953e+02
-1.087509292145987985e+02
-2.205878438070762115e+02
-2.164490724745647867e+02
-2.014069344402302022e+02
3.233241814189700136e+01
3.493864506254264057e+01
2.593522953504891149e+01
4.165075627351576770e+01
2.454537915765164087e+02
2.492224245775283862e+02
1.735430752254723075e+01
1.130531075638440974e+01
2.256264458165043862e+01
-7.304325089126773207e+01
-1.595392840831813999e+02
-1.655539026255827082e+02
-1.692407566602892928e+02
6.458349939788553229e+01
7.378888826304886095e+01
6.994865438313462391e+01
7.783052557699539875e+01
9.379826463651053814e+01
8.863748068295373628e+01
9.972791584106180096e+01
1.018569073472205986e+02
-1.513528549035100923e+02
-1.011411151087300055e+02
-9.390539237052205124e+01
-1.056335477298856063e+02
-1.102536312046315032e+02
-1.128900570084670960e+02
-1.197320010464118951e+02
-1.423257992557425098e+02
-1.355039355374649119e+02
-3.947354264832824100e+01
-4.994260001920537206e+01
-5.661054120602130268e+01
-2.402856863293870049e+02
-1.820115378225048914e+02
-1.958436235356728901e+02
-2.038183827857654933e+02
-1.625883146046959098e+02
-1.695688116738928954e+02
-1.612646284667694090e+02
-2.757418824852031047e+00
-1.249698008701481022e+01
-1.411061956648721072e+01
-1.675138020429845938e+02
1.767743971170935140e+02
1.874482264817017949e+02
-1.432417252122394871e+02
-1.432946328330297092e+02
-1.503118012275041906e+02
-1.517010267042668943e+02
-2.191015515429864138e+02
-2.240369401032149881e+02
-2.284267191766396934e+02
-1.558396921372116992e+02
1.596852141489931114e+02
-8.563392144970269726e+01
-1.609906346566573063e+02
-1.150841412107777018e+02
-6.513867847870881178e+01
-6.427005635974693121e+01
-7.215610737267348895e+01
-9.808303750886088324e+01
-9.388023927676275093e+01
-1.990930817689423975e+02
-1.988155791977598028e+02
-1.046474520409941960e+02
-1.287895539799467883e+02
-1.194581280076257030e+02
-1.131577294086030037e+02
-2.698001218599292983e+00
-1.178782027478509065e+01
-9.320242704729512440e+00
-1.937568717631716098e+01
-1.297020505503683978e+02
-1.228329261400062933e+02
-1.242389086740816992e+02
-1.325777935208070915e+02
-1.332451845003294864e+02
-1.114490564194773015e+02
7.704552940809172412e+01
-1.625817094655635060e+02
-1.545701766089549096e+02
-8.937750729324685040e+01
-9.877955505910115619e+01
-2.236189173241978096e+02
-2.227791239262278111e+02
-2.287255560659064884e+02
-1.620807439507736092e+02
-9.583818075241680390e+01
-9.582713864062779408e+01
-1.531897390187725989e+02
-1.356813103851470999e+02
-1.282296311776242135e+02
-9.753357439279385233e+01
1.612678897097663082e+02
1.686896021196843094e+02
2.204671776305686137e+02
2.154030563835760859e+02
2.243261046720103877e+02
2.202945139570022093e+02
-5.186657145872531771e+01
-6.350706444346590729e+01
-5.322034457952697295e+01
-6.252955052267896008e+01
-1.676100344082992137e+02
-1.699637817092624914e+02
-1.761217910512756077e+02
-2.003034791813686013e+02
-1.911152489936312122e+02
-1.905421435585558072e+02
-1.925748326189886939e+02
-2.002582950785260039e+02
-8.289750090709478059e+01
-8.247946194791751395e+01
-9.186207025048676655e+01
1.788391940640321138e+02
1.822226332738844121e+02
1.819010866386456939e+02
-1.394555139611028949e+02
-1.026898218367161064e+02
1.812691944079672908e+02
1.835241255727783027e+02
1.900987991592716071e+02
1.906323184474539119e+02
1.958707891271720882e+02
-8.049455897281885086e+01
-1.564657461047193863e+02
-1.502173294772649967e+02
-1.588712670596740963e+02
-1.528638775132222918e+02
-1.493086235606741070e+02
-1.593208932823935982e+02
-1.597675574791601036e+02
-1.943095602789175018e+02
1.905104061953784083e+02
-1.737957523637994939e+02
-1.166555942917394049e+02
-1.550217378509065043e+02
-1.492714182227541073e+02
-1.991093779776647068e+02
2.233245048525830967e+01
2.481614643265972120e+01
1.706202665469065849e+01
3.073709904593338038e+01
-1.568525878557535123e+02
-2.062865198909825040e+02
-2.065106561370442080e+02
-2.018754317069696071e+02
-1.266480567268017978e+02
-1.340025759588351946e+02
-1.286487678704021960e+02
-1.355202865467149138e+02
-2.146479614909181919e+02
-2.198968732807792890e+02
-2.231058591138881866e+02
-2.138596485560011047e+02
-2.207598807929034024e+02
-2.077359677569812959e+02
4.432328643967512960e+01
5.398831176211569982e+01
5.119913071119979264e+01
5.812005131820959747e+01
-9.901643533217219328e+01
-1.063929878064028003e+02
6.186826251649422659e+01
-1.461419202283717880e+02
-1.392810755120264901e+02
-1.399042577422432032e+02
-1.439159081109463898e+02
-2.175811318607584042e+02
-2.114374189341114914e+02
-2.308447558162498012e+02
-2.346526471959506068e+02
-2.107477069864141868e+02
-2.029735540030883953e+02
-2.038589741353401905e+02
-1.244686529211718948e+02
-1.101625409333549044e+02
-1.334212039119904034e+02
-1.418749632912249865e+02
-1.709402580627927932e+02
-1.454645650572157081e+02
-1.457313631959304985e+02
1.743243724262997887e+02
1.759931978978356995e+02
-1.773864764617796084e+02
-1.278592111229437052e+02
-1.289870053669376091e+02
-1.335782969189158109e+02
-1.268579931794951960e+02
-1.341286605199634039e+02
-1.248246311093818974e+02
5.489640224043769834e+00
-3.991623620038557974e+00
-1.889106370620318955e+02
-1.949450737918214998e+02
-2.310441814794440063e+02
1.242578028672654966e+02
1.243143899374813941e+02
1.321577562680739106e+02
1.154465977157239962e+02
-1.650328335909611894e+02
-1.606605757128176037e+02
-1.832908308796965002e+02
-1.196459896530766969e+02
-1.199849308537180974e+02
5.519787081987126420e+00
1.330313804836796976e+01
1.200202417216383033e+01
1.897671919636054838e+01
-1.121283210521909979e+02
-1.246070753042019987e+02
-1.145627074143365007e+02
-2.701497824421275951e+01
-1.811334730864648890e+01
-2.100102954864319926e+01
-1.085058563277353016e+01
-1.012600340774512944e+02
-9.819283569190726269e+01
-1.547823954084786919e+02
-1.477852339644319102e+02
-2.079280392768473860e+02
-8.390109047046924218e+01
-9.234993663726078239e+01
-2.119426685367654102e+02
-2.223714676930327983e+02
-2.087041513134356023e+02
-1.216727836739373032e+02
-1.209626386342958995e+02
-1.273888590152446056e+02
1.698582662649301938e+02
1.754075385062828047e+02
8.609891721517087149e+01
9.384082222812568830e+01
-4.299931620241873986e+01
-4.451717639860292053e+01
-1.927296188687774077e+02
-2.508149959787600096e+02
-2.512467794485087040e+02
-2.007955536632233020e+02
-2.465211230853853976e+02
-2.425770102023620041e+02
-2.377426001892632996e+02
-1.421869021184373878e+02
-1.340274018399522049e+02
-1.987143962648324873e+02
-1.964575727062801889e+02
-2.938373916216291093e+01
-3.663174382920350070e+01
-2.252980081904821077e+02
-2.214970568313270007e+02
-1.995552652842837063e+02
-1.981153701165422945e+02
-1.994115141801501920e+02
1.547412151009399111e+02
1.612329077527107017e+02
-1.897494067336637045e+02
-1.908319398781455050e+02
-1.832428672708890076e+02
2.240863377501306957e+02
2.201686719685527862e+02
2.142793995968316096e+02
-1.817120562434157023e+02
-1.772173291575957137e+02
8.133009370476214883e+01
8.890642124048900996e+01
8.686293683408214861e+01
7.744649682258258849e+01
-7.400524654488343401e+01
-6.733963856414916904e+01
-6.655939081039639404e+01
-5.995893960331817141e+01
8.335603706617924047e+01
-1.529398145552652011e+02
-1.567370921169479914e+02
1.294916090718481883e+02
1.258322864732204067e+02
-1.510386537716121040e+02
-1.251185373354026069e+02
2.197149086539658072e+02
2.281697469906287949e+02
-1.841902842570430892e+02
1.974244492090675962e+01
1.244289857501910035e+01
2.741393149036586152e+01
-1.459358610983721007e+02
-5.160254121362407886e+01
-4.226490536984888280e+01
-6.172651662859188804e+01
-1.693955180274718089e+02
1.027081381322655034e+02
9.934519195529539104e+01
-9.787216252850292619e+01
-1.025045175302221026e+02
-2.000247850006439876e+02
1.342510465279167988e+02
1.245330301861466040e+02
1.294262830763250065e+02
-1.660850713536449916e+02
-1.638363425041445112e+02
-1.724900235121953926e+02
-9.613191118536765600e+01
-1.550989414027694124e+02
-2.230053630863089893e+02
-2.241194456839475038e+02
-2.299526619278555017e+02
-1.610259610074633940e+02
1.967001994779975860e+01
2.823266637760083952e+01
1.958356636064327105e+01
-1.086650723654368988e+02
-2.142066874148025022e+02
-1.128169020441338972e+02
1.187961131439859059e+02
1.080369372479846959e+02
1.145069147173054063e+02
1.431727152703269041e+02
-2.398653183257947035e+02
2.266806332613855943e+02
-1.829592311382394882e+02
2.398943085793077046e+01
2.158057580377731099e+01
2.784714375417469867e+01
-1.664536470216640964e+02
-1.579622447303102035e+02
-1.733899256532527886e+02
-2.187079493581557870e+02
-2.248790332252625035e+02
-1.386755980793710137e+02
-9.177732622134806206e+01
-2.158116560311513865e+02
-2.093125893719343082e+02
-1.900971175222524892e+02
-1.964731378647641975e+02
-8.719734588019672117e+01
-8.163117645247147891e+01
-7.802056915260079961e+01
1.165082353293221047e+02
1.008207909279218057e+02
1.062996953745154940e+02
9.919520727467836707e+01
1.086058042715282994e+02
9.283457939136276593e+01
9.237088459691221942e+01
1.010821889648319001e+02
-1.578999463758231059e+02
-1.429485106365866898e+02
-1.406822408277392071e+02
-1.331791399743538875e+02
-7.129267979661234733e+01
-1.304028899106872927e+02
-4.767068867388103826e+01
-1.790977942085341112e+02
-1.839238074016060978e+02
-1.949031527652333864e+02
-2.498396180687925892e+02
-1.463742538546979972e+02
-1.750023659421235038e+02
-1.031132407591866951e+02
-1.017441551408498981e+02
-2.247294826160755861e+02
-2.193324690548693923e+02
-1.058834429802560066e+02
1.522047740653646919e+01
-1.267092869361874961e+02
-1.286480949356665064e+02
-1.743520041206325004e+02
-1.706127958250366987e+02
-1.929611257581437087e+02
-2.026382424781783129e+02
-1.872877929025030141e+02
-1.929459457269578024e+02
-2.209695411929859858e+02
-2.264868164445917103e+02
-2.217361466669345020e+02
-1.410706315118374050e+02
2.165764704522468946e+02
2.239685464311380088e+02
2.173647378595784119e+02
-1.358588690428107952e+02
-1.357043762075711868e+02
-1.747680232130925901e+02
-1.332919554123789112e+02
-2.160904329325564106e+02
-2.188090478882303103e+02
-1.589092980091934066e+02
-1.505659127154607972e+02
6.725747236010568031e+01
5.882500953718852088e+01
-2.345653731279213048e+02
-2.511510510647806029e+02
-2.490501822345937057e+02
-8.757673387980223367e+01
-9.190910270674862659e+01
-8.368166350153855149e+01
-7.652413138486276978e+01
-8.745658788653203430e+01
-1.030140490367546988e+02
-1.088686031179819054e+02
-2.126233112742785067e+02
1.476503451853643014e+02
-2.025151219764015877e+02
-2.127846199114077024e+02
7.154184410933815741e+01
6.694081282255720566e+01
1.634236019840313929e+02
1.554851763411519130e+02
-2.122330206802513999e+02
1.625495225167422859e+02
-2.454592653927423953e+02
2.471335211309340139e+02
2.504232963386571100e+02
-1.425326985954166048e+02
-1.118404572789446974e+02
-1.529098866241689905e+02
-1.449260012103181907e+02
-1.378104318621913933e+02
-1.513020334214178035e+02
-1.656378816356887000e+02
-1.712552909139043891e+02
-2.397129491594678896e+01
-2.068612097765349134e+01
-1.585397683599923937e+02
1.755783337222364935e+02
1.807643935058277123e+02
1.707516627601555115e+02
1.845982171435892099e+02
-1.778713443258525047e+02
1.320017663430799928e+02
-1.634364264553792907e+02
1.582984261945937021e+01
2.258042782260739045e+01
2.567952930392709021e+01
-1.142420837201899957e+02
-1.165149068069814007e+02
-2.116856568418718041e+02
-1.797962638753699025e+02
-1.849578618571837865e+02
-1.867715641689281085e+02
-1.925062538699183960e+02
-1.371953372264493964e+02
-1.296070660679289119e+02
3.155687816296791937e+01
2.651358476114782903e+01
3.829779161941436172e+01
-1.883340515610719876e+02
-7.952077397118704027e+01
-8.154684939432770818e+01
-3.835702044723443294e+01
3.396226904488968756e+01
1.433282473058719972e+02
1.329218385547264916e+02
1.373924603295781992e+02
-1.745073126297490091e+02
-1.984514739978997966e+02
-2.087882047544248110e+02
-1.764157751478448972e+02
7.400562036483999862e+01
-2.502038338286016881e+02
-7.630076799246192820e+01
-1.950221990230701152e+01
-2.177224489121514921e+02
-2.214565018448988098e+02
-2.015694576675936105e+02
-1.953871075292385910e+02
3.564211992539836871e+01
-9.511379650605967129e+01
-8.815285877849692042e+01
-9.695197898936450542e+01
1.372632698403598006e+01
1.497725691584341945e+01
1.158340969558817051e+02
1.068069014379659052e+02
1.080725355069328941e+02
-1.399976511325579906e+02
-1.101257757563890038e+01
-1.928216067671864948e+02
-1.846520382662710063e+02
-1.910997931416717108e+02
-2.338090496566418039e+02
-2.275074095578642073e+02
-2.200308525187720079e+02
-2.437918026319279079e+02
-2.302773280695305118e+02
-2.342151791808092867e+02
9.007983812146481029e+00
-2.045349177722794138e+02
7.133162399648207952e+01
6.792459895195588615e+01
-2.254134783741384069e+02
9.604606114660830940e+01
1.048248029533056069e+02
1.041034849700807996e+02
3.769116535829785875e+01
3.665872177525672271e+01
4.517022166431532781e+01
9.671887773727691240e+01
-1.682510654483111878e+01
2.235378933548091993e+02
2.211398317053316873e+02
2.270954399404243134e+02
9.079375325936500474e+01
-1.993224498591457916e+02
6.416936686500906717e+01
-1.961964758689240114e+02
2.437571772314055067e+02
2.391090087183424089e+02
2.395206775383155957e+02
-1.866892056435902134e+02
-1.948450331976702898e+02
-1.958922279017133121e+02
-1.852727303436527961e+02
-1.862250757286309124e+02
1.739254324035831871e+02
1.826228611146364074e+02
1.797035776902978057e+02
1.516845966208084064e+02
4.298901406552506188e+01
-2.331357222704546928e+02
3.582512502027841350e+01
-2.008168031124650952e+02
-6.179754425833449716e+01
4.609194012900542248e+01
5.508020246208806725e+01
1.514137871968997899e+02
5.399983503519072769e+01
6.232939117858129663e+01
-2.389383182731627926e+02
1.586300800019893131e+02
1.562073095462322954e+02
-9.025359094173752794e+01
-6.514688417916580931e+01
-7.429929746510055111e+01
-9.110756610299080904e+00
-2.132262815477087958e+00
-8.124652873181325674e+01
-8.761064100017215139e+01
-1.961805051208596922e+02
-2.616454522814066053e+01
-3.440131958622462349e+01
-2.367080531349728858e+02
3.739309265058732734e+01
4.226938828801920778e+01
-1.322191248045735961e+02
1.451132711541652895e+02
1.418711510236117874e+02
1.788498713436268872e+02
1.855477919840560048e+02
1.859887755581306976e+02
2.417511290986074073e+02
2.416347756690574045e+02
2.366525194686437885e+02
-2.252011964888077102e+02
-2.316562940417580876e+02
-2.374135195434957097e+02
-1.496482764510284085e+02
-6.320844401556387737e+01
-6.826747641903600083e+01
-2.165226904124918974e+02
-2.156805733757063024e+02
-2.166462611328996104e+02
-1.964551284391586989e+02
-2.200564365072339967e+02
-7.280997472775896995e+01
9.784949192464959822e+01
8.963332592415453348e+01
9.908135724024519675e+01
8.108115328408669598e+01
8.383852246102004813e+01
7.482007757531926018e+01
3.814058879704664662e+01
1.139047898162806973e+02
1.054963870151256060e+02
1.074793389807230000e+02
4.203567806491459891e+01
5.048975574413198331e+01
2.161055213641485011e+02
2.050181284100092114e+02
2.128276048062172094e+02
2.052873191511600055e+02
5.620464888037657758e+00
-2.052057101240139900e+02
-9.888751562153265695e+01
7.630584783690999018e+01
8.206860171930452452e+01
-1.917762100293668937e+01
1.746109038623100957e+02
1.715906915840114095e+02
3.527401228098547836e-01
8.726005306952052365e+01
8.593991819834896262e+01
9.472817861387184735e+01
7.904814206495272799e+01
1.657741234097173049e+02
-1.678268162586774963e+02
-1.665710446528219109e+02
1.460929701065716024e+01
-1.604089625225917928e+02
-1.691698209920152962e+01
-2.509608517389326110e+01
-1.867131334426174050e+01
1.609854986783944071e+02
1.536861233680382099e+02
1.616677255738669885e+02
1.532876453145898097e+02
1.609712351125573946e+02
1.745407861248523886e+02
-2.831291566825618133e+01
-3.169889478580951092e+01
-2.303376597531632086e+01
-2.529388968101304158e+01
-1.949547307572709087e+01
1.254442576687812050e+02
1.224118991131534955e+02
1.220940479902838973e+02
-5.196324963389687213e+01
-5.136392542531312699e+01
-2.986728514288756031e+01
-2.166213390197956912e+01
-2.020065779743532985e+01
-2.503305279745579881e+01
-1.433716044965911074e+01
2.095232000509562056e+02
2.079510956914899111e+02
2.145818518931137078e+02
1.761619605140708131e+02
1.811477234462209083e+02
1.957548589664995120e+02
1.896091485194600068e+02
2.154540923952943032e+01
1.617706983499090967e+01
2.784930358079284929e+01
2.917938558818681116e+01
4.941269939844721648e+01
5.359002716077314687e+01
5.682774325768515666e+01
6.377932978175788747e+01
-4.954569612610786322e+01
-4.315745876321420837e+01
-5.814242386634300885e+01
-5.846382870494719697e+01
1.925428909581534072e+02
1.194453907949936999e+00
-6.850605335404392093e+00
-2.935830739842771209e+00
-1.279602627774326962e+01
6.795737233296290469e+01
7.696788145916501378e+01
7.206835426360635211e+01
6.516020006746239801e+01
5.826211810441846239e+01
-8.623373529791047432e+00
-1.844698258317702866e+01
-9.961936133120063985e+00
1.356377955028749049e+01
1.147459962496865984e+02
1.144435981151921027e+02
1.072404986700777982e+02
-1.111938365621311959e+02
-1.025457139813476033e+02
-2.365714591374716846e+01
-2.683083124589051138e+01
-3.273360369755918953e+01
3.203888435218174902e+00
7.685680005049666086e+00
-6.306478780320284727e+01
2.082530001342065020e+02
2.130502211432676916e+02
2.039735737442684922e+02
1.110831669653745024e+02
1.045389887561912019e+02
2.220332512600454891e+02
2.148871066527786127e+02
1.615572540967422128e+02
1.619372446493379982e+02
1.123619384384489024e+02
1.038542234440925967e+02
9.689641937066762978e+01
1.712769223830748047e+02
1.643145668634614083e+02
1.647145545604647054e+02
6.412257693213133791e+01
5.533333410105920791e+01
6.143980314200045711e+01
5.056668376121783126e+01
5.475953411209867738e+01
1.852114184421207028e+02
1.793731690737236875e+02
1.847187055036201002e+02
-2.945030385875351087e+01
-3.364376326792346106e+01
-4.083085232909721896e+01
-2.452027763754855982e+01
1.935730937735289956e+02
9.769227479818320603e+01
8.846969435133169668e+01
-3.513729272639010759e+01
-2.832406278747507145e+01
-2.691176205757827944e+01
-9.686852500627969675e+01
-1.005550856507778974e+02
-8.372089605886098695e+01
-2.231178294578145938e+01
5.846742282051196327e+01
5.480254720844445160e+01
6.534793319964792602e+01
5.411996386518652713e+01
6.103352357672814321e+01
-5.862205481545693431e+00
-1.663515030215819124e+01
-3.449798199805209009e+01
6.100789982816733215e+01
5.234265194271902288e+01
5.349640704907825750e+01
9.215279930410734721e+01
1.003619547235914951e+02
6.300049244878883314e+01
5.818592201564320021e+01
-4.968869560274710295e+01
-5.786981777188641018e+01
-5.532929515912817919e+01
1.033443425015091037e+02
9.632131235306697192e+01
-5.168430980522020235e+01
-6.086407781147450180e+01
1.483198347991678077e+02
1.544735876353705066e+02
1.630958178541837924e+02
-3.729323854548343320e+01
4.622406546694620744e+01
1.334491416276229927e+02
1.454737765467573922e+02
1.384103235910775993e+02
-2.319752973690633979e+01
-1.582763442383735075e+01
-1.555478301998502033e+01
1.768268676623517877e+02
-2.035425166430648858e+01
2.214801586385146948e+02
2.060134075437916010e+02
2.121622634644108132e+02
1.418753843698301864e+02
1.472916145768481044e+02
1.403777457169148875e+02
-1.023606220575958048e+01
1.778439152710602968e+02
1.716524937209196935e+02
1.762869543110595885e+02
-7.901863658912151323e+01
-8.714282409702008181e+01
4.723158340536551236e+01
4.796888058905616958e+01
5.531925734985812682e+01
-9.640587736575481870e+01
-1.043361607747545037e+02
-1.047687460591690041e+02
8.667763267819214690e+00
3.543628592172027858e+00
1.749672748276762135e+01
2.077810605197610130e+02
1.980998268866221110e+02
2.085359444215314113e+02
1.041287363084169044e+02
1.107318270237179973e+02
2.022559013583691865e+02
1.222504895907823936e+02
1.153126430811395977e+02
1.144094151053998019e+02
1.816778980146033007e+02
-6.357203267559197712e+01
9.206188320463151342e+01
8.888810646738022569e+01
9.701043585378938872e+01
1.028847313654730016e+02
9.733286622079955919e+01
-1.014334943375040012e+02
-1.068364804069406944e+02
-3.673760810828871826e+01
-4.475800826813576094e+01
-4.099471163242513683e+01
1.838415520091282076e+02
1.903877249959882079e+02
-4.671714024179149760e+01
-4.422246141775813300e+01
1.424428351227597886e+02
1.325171764549531019e+02
1.343044671340622926e+02
1.265707845408478960e+02
1.166637192531703988e+02
1.228717328129744999e+02
2.088764134656182989e+02
2.015516708496168974e+02
1.087238399578260015e+02
1.151620846770637030e+02
2.168515476839640996e+02
2.163151264080285898e+02
2.433564967749018138e+02
2.362981881645472129e+02
5.234928446891385079e+01
4.344169166136571647e+01
4.390908206591058160e+01
5.223918790484287200e+01
1.121750645040721963e+02
1.225463592646954964e+02
1.121862619846014013e+02
1.185685616434531937e+02
1.141943538150552939e+02
1.064591381699761996e+02
7.709976414306321146e+01
7.015793971316294630e+01
6.410680777186574630e+01
-5.806324852819938798e+01
-6.839010989939303897e+01
-8.195141014996835338e+01
9.387849394404143766e+01
9.661987795155489778e+01
8.416861667657980206e+01
8.580880784331178290e+01
1.006174059426920024e+02
1.014751768109703960e+02
2.218146740150919172e+01
2.383407909314492912e+01
1.245147110239093990e+02
1.297682105228568901e+02
3.281682700161165656e+01
4.088277169838288927e+01
3.866514438996171776e+01
6.661522767772905240e+01
5.931215719350426241e+01
2.188121663609209122e+01
-8.861859680907230086e+01
-7.859295591478885967e+01
1.808526756818072911e+01
7.838354860344667330e+00
1.104780330355175089e+01
1.243397490184213972e+01
-5.710286965844247220e+01
-5.620087272760584796e+01
1.996971267121508831e+01
2.920553261269915879e+01
1.783870105584199095e+01
2.074236850525495868e+02
1.993545132459996978e+02
8.791346819137517343e+01
1.024051677052900970e+02
9.420897823738243915e+01
-4.173966394451184669e+01
-4.601204847925326646e+01
-4.984623383825786647e+01
1.059705544920084037e+02
1.020159335041103930e+02
1.112981322510414941e+02
1.149293488645378005e+02
4.926381808990373656e+01
5.935887063491666282e+01
4.204173701027959709e+01
1.101340931469105016e+02
1.172485275302051946e+02
1.176552407017526036e+02
1.248985877838013039e+02
2.215812114186570909e+02
2.305237155522044930e+02
2.269874713719104022e+02
2.175742908215908926e+02
2.140719301375131920e+02
4.479560858440130033e+01
2.424087760865153882e+02
2.467427815880020887e+02
1.688207687841760958e+02
1.765913316657762948e+02
1.685880523718398933e+02
9.408266959116069472e+01
8.367788099023424309e+01
8.592443776244171261e+01
-1.864212138821946851e+01
1.119175276537247932e+01
7.626795618171844371e-01
-1.003160324364275056e+02
1.474586546915811027e+02
1.391834119622918138e+02
1.403709738138782086e+02
7.096742000415625284e+01
7.521929825428914285e+01
7.874727575623697362e+01
1.266459026319061962e+02
1.342803977390807120e+02
1.327514373537335075e+02
1.411292014593053068e+02
7.727546110047296679e+01
-3.477857033254601049e+00
1.878387323790155961e+01
8.097682615196049483e+00
3.094145468968335067e+01
-6.797192126933256873e+01
2.139982666858848859e+02
1.708078366025397088e+02
1.672028301419441902e+02
-1.774035674671818015e+02
-1.125046053532058039e+02
9.475989623382626803e+01
8.525807728826316634e+01
-3.463232757636566816e+01
-4.148937119408636676e+01
-3.622170011518540012e+00
-5.008910907845893767e+00
-1.096840633285962063e+01
4.289920579816627999e+00
5.840268684975069569e+00
1.520416838120229954e+02
1.524820527006347071e+01
3.841560003374959820e+01
3.516185592441865992e+01
4.437482065175667145e+01
8.856962127798753670e+01
8.949314998489461459e+01
9.609403736114585115e+01
4.897285042145129808e+01
4.479082047890661755e+01
1.510311365147281037e+02
6.967671268453598543e+01
7.675907868822082492e+01
1.760216106966996961e+02
1.842553890745734009e+02
1.835433280033496999e+02
-1.362244308452252142e+02
-1.341299318148940074e+02
1.489873278380543127e+02
1.387361291355011872e+02
1.438370321729400132e+02
9.311517639601996166e+01
2.061403520569176919e+02
1.978642148205655928e+02
1.991647624000632106e+02
2.072308689696477870e+02
2.079310614240550024e+02
-6.329288662913135965e+01
-6.082711406760005701e+01
-7.039713213688406768e+01
-7.256050756205311814e+01
-6.753887080784130603e+01
3.153724810800111911e+01
2.501722293799605978e+01
2.273838337264162135e+02
2.253682943127371914e+02
-6.528496180143554284e+01
-4.657441907626895983e+01
2.315611384289408079e+02
2.321900222001254974e+02
2.340031585960352913e+02
-1.084262027282118055e+02
-1.517931284663687919e+01
-1.849007885140825991e+01
-2.563908208700786062e+01
-1.703908022206865880e+01
-1.089276077113280934e+02
-1.178692932002686007e+02
-1.101285250534160980e+02
-1.173172768521312008e+02
-1.246790232405298013e+02
2.032527782743293869e+02
2.073610554536224981e+02
1.340916592142934007e+02
1.424165994315297894e+02
1.337681363983060976e+02
1.296639083824314866e+02
1.263095727609641017e+02
1.451359168053532045e+01
1.599867821205234009e+01
2.256755182661207115e+01
1.914460732140175026e+01
8.115485901397249791e+01
7.730232938305380230e+01
2.120076428912518054e+02
2.044446090826770899e+02
2.045344537342951128e+02
2.119889741047070117e+02
8.250585353657641008e+01
7.327679034893706955e+01
6.527242184986818074e+01
1.334600885637003103e+02
1.399376393843971869e+02
1.363032672302375090e+02
2.044172416452898062e+02
1.910488001878836997e+02
-5.360835913115405305e+01
-6.334356987031966923e+01
-5.157478993730458683e+01
3.436416690114889150e+01
3.933868417238240767e+01
1.051580407857902060e+02
1.149553065954762019e+02
1.235522873434489952e+02
1.907979123780067141e+02
1.385471201712726099e+02
1.469308900280009880e+02
1.395080201367510995e+02
2.070561566074779023e+02
2.120791616856490975e+02
2.041362492243241888e+02
2.159053940422614914e+02
1.542506940423816957e+02
1.617967754358145100e+02
1.556636423042257888e+02
3.768898383875797009e+01
2.650659197939166134e+01
2.339219847174935012e+02
2.348776604257992062e+02
2.289851044442472130e+02
1.513361548774261109e+02
7.173547597841640311e+01
9.037758442764662448e+01
8.401642068580831335e+01
7.933000849075432370e+01
1.715656753580207123e+02
1.662807784854234114e+02
1.736272972541663933e+02
1.326559959711730130e+02
1.308408889624745086e+02
-2.536049341242565092e+00
-1.268207993066425985e+02
2.089141771729495076e+02
-6.374083697485271927e+01
9.226661537745943065e+01
8.480788844594491138e+01
1.018439774335002994e+02
9.619492881318785749e+01
-5.021160546158115778e+01
-4.852035237571666926e+01
8.171870250507971889e+00
2.234524564250316132e+02
2.182550400474760011e+02
2.032984031888709922e+02
1.966998336536464080e+02
2.044610497373433873e+02
2.109825034687906964e+02
8.632029184953854184e+00
9.268426117041511247e+01
1.021572005006005952e+02
9.390190733995783035e+01
1.244535588597388056e+02
-8.115200245942438073e+01
-7.797239940913220835e+01
-7.106061766083008990e+01
-7.049508673474974785e+01
-4.204340966088147269e+01
-3.660323956797891753e+01
5.393846133170332990e+01
6.559974829456969303e+01
2.007111258042320969e+02
1.959878628191895871e+02
1.972996045187603897e+02
1.792217508059054865e+02
1.541923354818295877e+02
1.556262983471688983e+02
1.485140646219711869e+02
2.032446700356053100e+02
1.990447937509538860e+02
1.229195197380703064e+01
-6.397986115960308240e+01
-6.009039379832846350e+01
-9.276641352457157552e+01
-1.266651389302219002e+02
-1.335791305795646053e+02
-8.920496457819214697e+01
-8.661523923480764608e+01
1.503264874909247908e+02
1.492248037628644113e+02
5.836528949636142727e+01
4.982755877631250740e+01
4.767934271351261799e+01
1.091249931588387057e+02
1.104641256275113932e+02
1.878571741988075985e+02
1.790603484577214886e+02
5.478826458046168885e-02
4.616551007564459752e+01
1.135218309731559003e+02
1.203489037155889037e+02
1.121467378082721069e+02
5.259215028511697199e+01
4.937877005206374292e+01
5.314271607353347804e+01
4.642837913432234842e+01
-1.216949960517891043e+02
5.027547473589949334e+01
8.953611046154057362e+01
9.184311109198294787e+01
9.910286982461249750e+01
-4.181751880566844903e+01
-3.147093574198747135e+01
1.175199300503304016e+02
1.058132449179829990e+02
-8.099523825752768857e+01
-7.073400431884797968e+01
1.184481497430627002e+02
1.165321154345580936e+02
1.100814355002690945e+02
1.079100860120372971e+02
-9.477118901954601426e+01
-8.413876183618531002e+01
-9.358329527969800665e+01
-8.986354274339328541e+00
-1.752149827314683961e+01
1.039033326645046031e+02
9.891439117836370087e+01
1.032911977306442992e+02
9.700914815495140431e+01
2.479201776964825115e+02
2.451114292356841986e+02
2.439170917033025887e+02
2.399573348956585903e+02
2.386238047886656091e+02
-6.135124644489840762e+01
-5.819062983480787210e+01
-5.175555835245935299e+01
-5.527346095859280695e+01
-6.444800754719399549e+01
-6.926812801084324178e+01
1.834573081177221923e+02
1.808244193411410947e+02
1.764183707569156070e+02
1.722650701946122922e+02
2.930687374687935076e+01
1.185947992551550954e+02
3.575681317896057720e+01
-5.990723163146944330e+01
-4.055671273187491721e+01
-4.514740164730704208e+01
-5.452929832056236137e+01
2.461667049774675888e+02
2.417491094951498098e+02
2.382839386462910909e+02
1.711450091893825913e+02
8.881713388309691481e+01
6.104387233848866856e+01
5.132612356688505173e+01
5.077758068579343842e+01
1.045046505292749970e+02
1.900771735345219895e+02
2.628165294245710992e+00
2.023073628253314951e+02
2.093927857913874959e+02
-8.680918238802911446e+01
-1.129794272782271065e+02
5.447279130025820137e+01
1.646269628514804140e+02
1.711027562343811894e+02
1.675150498368462877e+02
-5.599888618372875726e+01
-6.390138671043857244e+01
1.473847823430367043e+02
1.907467936944227915e+02
-3.340584425577623762e+01
-3.206208589910402651e+01
-3.838282606614502157e+01
-3.707934240437307238e+01
-3.444062024774311226e+01
-1.624606622992135030e+01
1.341630923819666066e+02
1.332046401751246094e+02
8.345680066260986507e+01
1.251350116305409017e+02
1.431796997821701893e+02
1.919046163354319958e+02
2.037688279206174116e+02
1.695804886353654126e+02
2.667864597824607031e+01
3.568225017011084077e+01
4.108240532303597803e+01
1.217313553707682985e+02
1.159580850457174961e+02
5.323693594448676691e+01
5.972742440606310765e+01
4.845407047288068725e+01
5.238457075983492217e+01
-6.569170269617083591e+01
1.319616515057294919e+02
4.597175765575658346e+01
5.425439551447792752e+01
4.976517442331360996e+01
-2.522189306481784143e+01
-1.769087827665277146e+01
-1.813251041451905010e+01
1.459953067290259980e+02
1.379383072536247141e+02
1.428620822429423924e+02
1.194387078478510062e+02
1.122092597620960959e+02
1.055646100978485009e+02
1.982505233113051872e+02
1.813289595457507914e+02
1.792677056690436928e+02
2.242278704373202913e+02
2.123580369175332905e+01
6.925867102065187453e+01
-3.699695841533691265e+01
-4.078381870669782217e+01
-4.606411654548408308e+01
1.040567115553763955e+02
3.913801911007153933e+01
2.872979175674369046e+01
3.442725712445989217e+01
4.890665687805631023e+01
8.097898327232496740e+01
7.796472922777657288e+01
2.151414470589930943e+02
2.208756196006264076e+02
2.255100829573887893e+02
-7.658058309446357725e+01
-7.905144850094571041e+01
-8.392970777862501564e+01
-8.235523475066085552e+01
-8.761404620336446669e+01
8.383362419537911592e+01
7.534464807079315563e+01
7.341476592670700541e+01
7.626587706996210159e+01
1.453588370141985990e+02
1.079419027483679940e+02
3.525958932594384265e+01
2.809199261662281089e+01
2.458626253495097913e+01
-3.804806248500568699e+01
-4.313754404371118767e+01
1.662883979781732933e+02
5.841385541309467300e+01
1.970434530163695896e+01
1.375962895943877982e+02
-2.856503484206676990e+00
2.297407522683924785e+00
-7.191061794897284365e+00
4.377548486576360176e+01
3.615356816418105268e+01
4.353759085906983728e+01
-4.567458541241074244e+01
-5.003064861371944261e+01
-8.182500412950467705e+01
-5.068524379506990130e+01
-1.130275370739337006e+02
-8.112753174487165708e+00
2.964046013238893096e+01
1.444256988123582914e+02
8.312968042713868044e+01
6.889439534167323131e+01
1.507207950189790040e+02
1.420294384790610991e+02
1.188706266890724947e+02
1.260421727354592036e+02
-3.111991856957790148e+01
-3.204152254225120799e+01
-2.442945338552414114e+01
-1.543908105914663054e+01
9.949449175722210725e+01
-8.549416770959123824e+01
1.222741307833825033e+02
1.954205268925344896e+01
2.819008724710620939e+01
3.479200457418245662e+01
-5.673190455781762154e+01
1.358889091582553874e+02
1.457427911889238032e+02
-5.572306689622511300e+01
3.638463758519245861e+00
-3.050820482762414798e+00
-6.065029752730578316e+00
2.316135485750679095e+02
6.986909249928473287e+01
7.375591234220156878e+01
7.626131759360630724e+01
1.190605767299229996e+02
-1.042951436642104994e+02
8.355904019479882550e+01
9.186885898587769361e+01
7.703183587715869862e+01
-5.569411174743783732e+01
5.281179102399143943e+01
9.955626273407415283e+01
-1.339750011131606868e+02
9.355337552765119824e+01
1.017445384839650018e+02
1.100560357439334069e+02
-3.774726732394268680e+01
-3.653505247156724778e+01
-4.432919688069050324e+01
6.970790416859854588e+01
6.006995454567513093e+01
-6.554903638172406488e+01
-6.920602524408369050e+01
5.976532308130992988e+01
1.102972718719267959e+02
1.492192625509360937e+01
-9.112421122063114609e+00
-1.890956092347414019e+00
1.063489398586684009e+00
6.878825674336535023e+00
9.479784087841540696e+00
6.231994172511087982e+01
5.476517549153172837e+01
6.352176592188283877e+01
-5.995575162660040291e+01
-7.200512264364652992e+01
-5.934874283997976230e-01
-4.269153506636114592e+00
5.273408468208082667e+01
5.852102049163138275e+01
-3.800299159767855173e+01
-2.944882842262444100e+01
1.212505506558937043e+02
2.971687577974915939e+01
3.836018518041176861e+01
-8.015696712693589632e+01
-4.094933195077066301e+01
4.427165839684531079e+01
3.437909952134013736e+01
-7.642448789790623209e+01
-6.408705336214261195e+01
2.237682530328013968e+02
2.189211949893031033e+02
1.722452651428417880e+02
-7.602877040503867079e+01
6.710261645918635054e+01
7.384912291017479902e+01
1.972600618473516931e+02
-7.338569378457087566e+01
-7.239979255743905640e+01
1.766133558716171024e+02
-9.861041721702591190e+00
-1.830092482489448003e+01
-1.061838098787153939e+01
2.064706534307512982e+02
-5.462016676390250325e+01
2.702952534606293966e+01
1.250577138055457027e+02
1.246805095140544068e+02
6.206677410168788711e+00
-1.107484773931168007e+02
-1.099873405322040014e+02
2.275425596016534087e+02
-4.513800073365560905e+01
-3.693075057599556743e+01
-4.370690007195671711e+01
-3.281667425035220020e+01
-1.313287321507410077e+01
1.723535342022242958e+02
-3.604137104857046126e+01
-1.168064397217569024e+02
-1.189041909997045963e+02
2.302390074458191975e+02
2.284931793397900037e+02
7.357537626913507722e+01
6.750843653584749404e+01
-3.690576819459703728e+01
-8.183647326423887591e+01
-7.505979598408259790e+01
-7.338759394120752688e+01
3.975270456534376962e+01
-6.371738046674626332e+01
-2.167432572783694056e+01
-7.269098079535986301e+01
1.004222408673739011e+02
1.086573684867205003e+02
1.320109098340292917e+02
-8.091091132873447123e+01
1.419933858439783876e+02
8.982375669038306398e+01
8.865385505310328540e+01
7.906552609651467378e+01
2.233466416018009966e+02
1.062979560512923030e+02
3.867948012369571131e+01
1.593728338525068864e+02
1.523601858971873924e+02
2.190421845480680076e+02
4.226319957667129756e+01
3.562126402672163294e+01
4.595956643759689086e+01
-6.663662456160429315e+01
-5.834545605242178823e+01
-1.658690203008773949e+02
3.555243614762211735e+01
-1.552435834298741923e+01
-9.495787239812891301e+00
-1.108634861803346006e+01
1.702845355865298984e+02
1.226309337944782918e+01
2.113891376991898881e+02
2.624202108456798044e+01
1.096252830926941044e+02
1.177285846911391047e+02
9.313544787522302215e+01
1.031470360037886991e+02
2.823637460601592863e+01
2.722513909069924054e+01
-5.297151966139126955e+01
3.194008489276138008e+01
-1.121385333849219990e+02
-9.204797890850117881e+01
2.167785528832505122e+02
1.839366727763502922e+02
1.758962067313881050e+02
-1.987310715064286981e+01
-5.629119537617665259e+01
-4.925368033997825279e+01
-5.530101037007514009e+01
-6.447151149155318706e+01
-6.343399493974156655e+01
-2.338882276996712140e+00
1.294720790060518993e+02
-2.866109800828062859e+01
4.390563284519004128e+01
1.810926269866322968e+02
1.891439647931296122e+02
4.683272148821468761e+01
-5.443220432307182222e+01
-5.807696684685900834e+01
-5.132325390958971667e+01
-4.465351268798521289e+01
1.851891222581108920e+01
2.440601194602444082e+02
2.489782369440578123e+02
-3.492649732100522186e+01
-2.296967500114645944e+01
-2.044807469995211946e+01
4.093450540342297828e+00
1.241929104505723913e+01
-7.074689525125437584e+00
4.105572529503513834e+01
4.067141497580141163e+01
7.919105815470081211e+01
9.000154007314856131e+01
-4.739307023451124223e+01
5.438646280968364266e+01
-4.578585758200019029e+01
6.361502475421436742e+01
1.913480502523354971e+02
-2.822472698986974038e+01
-2.401997321938213048e+01
-3.672630649062134012e+01
7.555100615495503291e+01
6.751430783428696714e+01
5.502425607948043051e+01
6.205160963547835706e+01
1.214613653854498949e+02
1.147282162631209985e+02
1.119875743045689944e+02
2.083283222403015031e+02
8.137991097106645810e+00
1.381789445011920066e+02
1.313116319107768106e+02
1.401776796580699056e+02
1.236258202065979930e+02
1.304173677912328912e+02
3.211432959528040954e+01
4.227183804156727831e+01
1.932183819598735113e+02
2.006927311721217961e+02
1.168954749064070029e+02
1.135942124755224967e+02
-7.080408349510256016e+01
2.324812472069276907e+02
2.365410055354032863e+02
2.973228531178552103e+01
1.971999151269206862e+01
-1.001843915832193943e+02
1.555559885008478034e+02
1.484371519791745015e+02
-7.700146002696476444e+01
2.001390046731262942e+02
2.017549266791432103e+02
-2.624933484454460952e+01
-2.171578654284936860e+01
-2.825282186037822996e+01
2.455396369913133015e+01
2.933828058501963909e+01
2.964071517589005111e+01
1.988333187832108138e+02
-7.292322757548956247e+01
5.985462699859338187e+01
9.039221725996924306e+01
8.377537218945850839e+01
7.630920218730204851e+01
-7.170548638746419101e+01
1.890428784926317007e+02
1.916382035025411881e+02
1.236404759836357954e+02
5.673363940765838720e+01
6.320427528472392709e+01
7.086154429213819128e+01
1.049894227092635930e+02
-1.119983153940937015e+01
4.007090170191195710e+01
4.047348240321908008e+01
4.465034725786331649e+01
3.868833040320202343e+01
3.559573791611141047e+01
2.493034555614746921e+02
2.504806083822950029e+02
-7.889180442113431013e+01
1.573868779776341000e+02
-3.638253665086436683e+01
-4.429396862185649297e+01
-2.612348030569749113e+01
2.371339970433542987e+01
3.428672484019585909e+01
1.786672800762136148e+01
-2.986017361515794022e+01
-2.637005697469971111e+01
-2.166878135301228880e+01
1.453451433941887103e+02
1.452555659734775020e+02
5.777780369936227345e+01
6.694679133728406839e+01
-3.688955642209298702e+01
1.281277309551047949e+01
1.782923219538205899e+02
1.644480071182272951e+01
1.719271010115907927e+02
1.446470415169243893e+02
1.237376829606775033e+02
1.004163720288884036e+02
-3.437990307735267237e+01
-8.512777616306605921e+01
9.644591295704067591e+01
9.594339843475665930e+01
1.073163706927183938e+02
-9.317596276532900390e+01
2.578370306628935893e+01
1.118350907813418047e+02
5.124947614109854754e+01
-1.011612410659921011e+02
1.308252358809762939e+02
1.383360293387148090e+02
1.383667792565661046e+02
4.404751034957629230e+01
3.270448815033206102e+01
7.684820044988070720e+01
-3.152675566772299121e+01
-4.647040417452524252e+01
-7.982406456347881374e+01
1.630714052772239882e+02
1.643912378672775105e+02
7.678418734172828408e+01
7.138704500546033671e+01
8.232894958100125393e+01
-5.173697234084244201e+01
-2.816224827703716826e+01
-4.628698424232830178e+01
-3.224787540950031062e+00
2.027064668621829071e+02
1.975093753201095979e+02
-6.992946125385476819e+01
3.575926959047774290e+01
3.504411305718630842e+01
2.926663157486972011e+01
4.447190888447332213e+01
1.902228058989419992e+02
-3.200219863130755726e+01
1.955615676674896974e+02
6.056094834948223138e+01
1.683225885358433094e-01
2.495811266623030988e+00
4.775712677633340775e+01
4.548848752446865262e+01
-1.023463303165192073e+01
-1.975253438420784846e+01
7.155732947104485220e+01
2.378543730576280879e+01
1.990649856042273029e+02
-1.009864087109870034e+01
5.156067989086897008e+00
5.096327818196316883e+01
9.387899980412876744e+01
1.009330967452024055e+02
4.262465799096263908e+01
-3.631446179894808779e+01
-2.064844358984112915e+01
-1.803016235456182059e+01
5.174992314669967186e+01
4.401843072993023753e+01
-2.697727780885047011e+01
1.879416010764275029e+02
-3.375752671047948184e+01
-5.153006916586522657e+00
-3.089708624643647994e+01
-2.344161659585970980e+01
-2.853213261902615017e+01
1.198881481035509999e+01
1.353988981839931114e+02
1.392426728983668056e+02
8.516224373508728718e+01
1.027406592233325977e+00
-6.590845837573152721e+01
-1.216988776975554920e+01
-2.306809329688864096e+01
1.231204169401540014e+02
1.312288939422070939e+02
3.548334145093215852e+01
1.354770656013035079e+02
-1.727744405463716859e+01
2.423623147136084981e+02
2.469628037345412110e+02
6.100902564855304888e+01
1.253047502375954991e+02
2.354040863475829894e+02
2.638520140460117958e+01
1.725846672377183921e+01
7.209703203710262187e+01
1.089300714227413067e+02
4.000532558338544220e+01
3.181726429939972078e+01
1.096218224851206031e+02
1.024349221178475062e+02
1.102406651396392050e+02
-7.760371774091410657e+01
6.918308375738190819e+01
1.946735414909967972e+02
1.915396181331375942e+02
1.288512966822817134e+02
1.444205212226447088e+02
1.293445032479957035e+02
1.833589824777126864e+02
5.903688456302514709e+01
4.446598542018425348e+01
6.813770406889744891e+01
-5.222380516777889170e+01
-5.480803933611519341e+01
2.505918559328691941e+01
5.290393731888219264e+01
5.189021818157974764e+01
-6.495514584152864757e+01
-3.851171182424882744e+01
-7.217060306630008881e+01
7.850512361735458455e+01
-9.406417690982213742e+01
1.953953806308017960e+01
9.400947535252474552e+01
-1.879005845817548037e+00
-3.058285431295379997e+00
9.699874947216532917e+01
1.482334241023849870e+02
3.844060024697945721e+01
4.435162347888446277e+01
4.778430971543809136e+01
8.491823904149801194e+01
7.975660484186470889e+00
9.207462930657221989e+00
3.064565161005600835e+00
1.364667842652123113e+02
1.320408535641871026e+02
1.288331838206457007e+02
1.375087426273547919e+02
1.231746174518513044e+02
-1.044612176439712954e+02
-9.373318823703391445e+01
3.580291061235001138e+01
3.440485272193475197e+01
1.870882391323260094e+02
1.895864500293619130e+02
-8.372436138441995013e+01
1.310769878903936103e+02
2.601780404283859838e+01
-2.115995899766696908e+01
-2.717283320115247847e+01
-7.500215506147078770e-01
-4.590526203920881065e-01
5.071596507415272725e+01
-7.350246572993516736e+01
4.682760812155771646e+01
-3.567881551095427994e+01
4.358046818517588150e+01
-1.459425575329803060e+01
-4.313166491603531938e+01
2.252855471226635018e+02
1.480218574890870968e+02
1.469281240211522004e+02
1.331239575313655905e+02
1.349089922458084914e+02
1.259707377012375957e+02
-2.768724428678974903e+01
8.231532406751493625e+01
-1.480647945710865976e+01
-2.330249292843857845e+01
-5.705606110909307205e+01
9.909826616707550784e+01
-7.950507095425052295e-01
-3.262968629717592961e+01
6.634169075078101230e+01
5.011490771505693687e+01
-1.045256129321899010e+02
-1.620426098733221920e+01
8.077558130322752561e+01
7.077251349857958473e+01
6.604432864893429667e+01
-3.332514825684688731e+01
4.326813574102032334e+01
5.278750037666429762e+01
2.320629076029065061e+02
3.529032277174481891e+01
3.534200047960982971e+01
-1.136329026877806001e+02
-7.502524070594952832e+01
-1.175219748550653946e+02
-1.186414108099817071e+02
-3.345049713700487093e+00
-1.013199180075523032e+01
-3.647933493189899679e+01
-3.971464067679838905e+01
-4.278082308156069757e+01
-1.829911605830216104e+01
1.744433384268234022e+02
-5.125443161257854996e+01
1.674578512942003101e+02
1.745635554697902876e+02
-2.941584660031751142e+01
5.471672462477353349e+01
1.549945282503466899e+02
2.285690959435454062e+01
2.447528084573679905e+02
2.410090800969618954e+02
2.396162943437568913e+02
2.449890974947236089e+02
2.248105138705955142e+02
1.426594815166706098e+02
3.734819905627801973e+00
-1.415886091004379921e+02
2.476262825270304972e+02
1.818313614620475107e+02
8.273879251183991812e+01
1.457667585492496869e+02
1.485829638125422036e+02
-2.438632190356187124e+01
-8.666290251763008712e+00
3.471568896860007669e+01
5.925986907951313754e+01
-7.345088530329390153e+01
-6.931105477887928146e+01
1.237211963375744972e+02
-1.116811122261169054e+01
-3.762215703050853222e+01
-4.595698890086112698e+01
-3.134056826102606053e+01
1.274091357816579944e+02
7.523340924415303732e+01
9.100276689490678450e+01
8.498579005925638796e+01
1.917083329986620015e+02
1.591168153492554893e+02
-3.055886426882360141e+01
-1.927605657974276099e+01
1.230291580975757029e+02
1.966785300811156958e+02
1.925420628045393130e+02
-6.519235946781192581e+01
-5.726857595356838715e+01
2.352815954525507891e+02
2.287004397867468128e+02
1.570956837684740037e+02
-1.282659425238447959e+01
1.367251878395049118e+02
-1.034956399268154996e+02
-1.145433454569297993e+02
7.147283314575490465e+01
-1.362975766487970031e+00
-3.031400323791011076e+01
-4.045678707380845651e+01
-4.590964695064919709e+01
1.971403610335545125e+02
8.445708199892543178e+01
4.221317558045757323e+01
2.345371104303831942e+02
8.339195285978426853e+01
-1.131798700349598050e+02
1.064568868849897001e+02
1.171735929889364058e+02
2.493367265840959135e+02
-2.345031948236750097e+01
1.416191685975477128e+02
-9.556701580246358674e+01
-1.034622482146738065e+02
2.117275636704995918e+02
-4.374599990634865065e+01
2.332929240383847969e+02
9.121453586304521366e+01
1.132727641873536015e+02
1.083574210702566063e+02
1.147759047661723031e+02
3.388619453407279991e+01
1.209534260922509930e+01
8.524573973374667446e+01
-4.116828287687980037e+01
7.601654460176793293e+01
6.818481773658706402e+01
1.535858371076210993e+01
7.694475086254124108e+01
-5.159090848719959155e+01
5.042035373231784945e+01
8.585703452318682594e+01
1.381444262472296032e+02
-1.892427085494193051e+01
5.070671662999941276e+01
7.545143586013082881e+01
1.853534852583932846e+01
3.478567789771415875e+01
1.662756846433036060e+02
-4.754148189894055321e+01
