-1.319788608742435045e-30
-1.319788608742435045e-30
-8.489886359838248858e-16
-1.697815430945390907e-15
-2.546315713632543848e-15
-3.394319483043505045e-15
-4.241648536647733290e-15
-5.088112815992551147e-15
-5.933506933016910388e-15
-6.777605450924006319e-15
-7.620157481449191140e-15
-8.460879899537323963e-15
-9.299448810544661410e-15
-1.013548846297646018e-14
-1.096855683727562061e-14
-1.179812669463769007e-14
-1.262355869920646017e-14
-1.344406598817316922e-14
-1.425866265845670878e-14
-1.506608817572660141e-14
-1.586469707483926066e-14
-1.665228577943306995e-14
-1.742581980011970142e-14
-1.818097998492242091e-14
-1.891138137357238875e-14
-1.960716345337633952e-14
-2.025238713537631095e-14
-2.082021810574969955e-14
-2.126533670431593132e-14
-2.151990155545685045e-14
-2.151990155545684098e-14
-2.126533670431593132e-14
-2.082021810574969955e-14
-2.025238713537630149e-14
-1.960716345337631112e-14
-1.891138137357236036e-14
-1.818097998492242091e-14
-1.742581980011970142e-14
-1.665228577943304155e-14
-1.586469707483926066e-14
-1.506608817572654146e-14
-1.425866265845672140e-14
-1.344406598817315029e-14
-1.262355869920645070e-14
-1.179812669463763959e-14
-1.096855683727557959e-14
-1.013548846297642074e-14
-9.299448810544636167e-15
-8.460879899537298720e-15
-7.620157481449164319e-15
-6.777605450923981864e-15
-5.933506933016885934e-15
-5.088112815992526692e-15
-4.241648536647689113e-15
-3.394319483043443119e-15
-2.546315713632481923e-15
-1.697815430945330953e-15
-8.489886359837843580e-16
7.929427126830372430e+00
1.374731555900045032e+00
3.831477264643178948e+00
4.580107219733648982e-01
4.445761300371085412e+00
6.313167530061529753e+00
-7.353197786456507856e+01
-7.687129857892938389e+01
-7.154598565073118266e+01
-7.616723031156028867e+01
2.533447143507170907e+01
2.346276576157966076e+01
3.040578959133641845e+01
8.030794396415051040e+01
8.038038325984129528e+01
8.159387134653579210e+01
-6.778452725611928997e+01
-7.054903567596187486e+01
-6.539170239616014157e+01
-7.201059848546546505e+01
2.511981803986116901e+01
1.805031307517802119e+01
2.218103956849596159e+01
-2.587474044313541910e+01
-1.809836642792156169e+01
-2.691146110814669967e+01
-2.111726710208840885e+01
2.857738130278893962e+01
2.115018892962426023e+01
2.715600886243318968e+01
2.307817359230502063e+01
-4.323110425707064053e+00
-6.025909691585263239e+00
-1.113279530007731033e+01
-6.730967645279988254e+00
-9.941425515416620229e+00
-1.321209155451017025e+01
-8.814428377318289876e+00
-6.862638006162600668e+00
8.147187110224082573e+01
-3.125409194310464045e+00
-4.379389306575556162e+01
-4.123725657068038686e+01
-3.612832013194579872e+01
-3.487476842500807095e+01
4.290963005374116790e+00
1.478421003104866038e+01
8.593704323211344587e+00
7.113227353294398370e+00
-5.743739089038554901e+00
-3.694037324198621963e+00
-8.130362296559297874e+01
-8.038462806694343499e+01
-8.336352227513255286e+01
-8.350876388245234239e+01
-1.728184003771039978e-01
-7.482517998077262256e+00
-1.025994348292761948e+01
5.771364689964789818e+01
5.791790671293116333e+01
6.344854389210814816e+01
5.290386711445422208e+01
4.884108032891069229e+01
4.521294958951658316e+01
4.291124787565839682e+01
-3.963248742599950702e+01
-3.818324123059566233e+01
-4.499513977624594929e+01
-4.080550663305042747e+01
1.006232922432278976e+01
1.642831561562164921e+01
1.989964323622337972e+01
6.734954039130877845e+01
7.181216922917168688e+01
7.193361066101941503e+01
6.816779026095080951e+01
6.333581215369753181e+01
3.039774790646859870e+01
2.697661622040833862e+01
3.431933184452827135e+01
2.066255565138747841e+01
-3.448509807551430129e+01
-3.008372759297801835e+01
-3.009179963097172106e+01
-6.246655259840012775e+01
-6.554156398481470092e+01
-6.836812877790590903e+01
-7.002329540614525172e+01
-2.500738464290186869e+01
4.160294314319573061e+01
4.716123471148347335e+01
4.671036612714947722e+01
5.222605271957681339e+01
-6.081190623188354749e+01
-5.634832635996907158e+01
-5.675780746311954061e+01
-5.253833619769370245e+01
7.589511671865438736e+00
1.790519042215161960e+01
1.259511777976137914e+01
-1.628115268342461874e+01
-9.512427975831931448e+00
-2.059786958989878869e+01
-1.205486599087135069e+01
5.678925177545963265e+01
5.299978970942623135e+01
5.194283680575337314e+01
-1.518704658037028032e+01
-1.847345654809744886e+01
-2.192363818715552171e+01
-2.668959355625919017e+01
-4.468139594409480253e+01
-4.230103767776264334e+01
-4.629121580886832277e+01
-3.948820415321969080e+01
-1.864325320721295043e+01
-1.790614204120613095e+01
-1.053873270182067046e+01
-5.850675444217519328e+01
-5.999541926626154265e+01
-5.645118005508796699e+01
-5.918723743341497112e+01
-1.505005625483738996e+01
-5.103171691119623432e+00
-8.111971692907223641e+00
-2.876682019188596939e+01
-4.638832389217908769e+01
-4.882726074612519085e+01
-4.277636935138932017e+01
-2.834580867693463091e+01
-2.944200022299763120e+01
-3.762620056464516693e+01
-3.362694252220322966e+01
-4.796244473633512229e+01
-3.487310369576830738e+01
-3.463842398298999825e+01
3.700840578953295790e+01
3.278080393614732913e+01
3.647062667697085914e+01
-2.203475110604333054e+01
-1.258927412941999968e+01
-1.722353001690946073e+01
1.222958710042506070e+01
2.026296100871145001e+01
1.686542359056601015e+01
6.565623470241770576e+01
6.903822745202005251e+01
6.689830363064497476e+01
6.657088406917876000e+01
2.065615537353880882e+01
2.189673340861665096e+01
1.433606552051302074e+01
1.550047487453518080e+01
1.406394639593674967e+01
2.239039577929829150e+01
2.787167673082754860e+01
-1.271503875855525934e+01
-8.089050474728860962e+00
-4.959477443817766229e+00
-1.823864211658780121e+01
7.500496204069823314e+00
7.162676068061226253e+00
1.536912603870034033e+01
-1.203898650318762975e+01
-2.030979494342437164e+01
-2.178117044376180900e+01
-7.176204013307750706e+00
-8.542304716890946281e+00
-1.475355490011249948e+01
-1.838482067593063007e+01
-1.273106216749454944e+01
-6.344854440506434656e+01
-6.165977527019145299e+01
-6.417314695117541135e+01
-6.085909528660391032e+01
5.415022604196258271e+01
5.413129363605472832e+01
5.854820397615657868e+01
1.232626429294024106e+00
-5.273737425438481097e+01
-4.695657460282013318e+01
-5.140987343135248722e+01
8.713375935836916142e+01
8.680852553120820403e+01
8.548875636850345927e+01
1.984420843895231990e+00
8.693658701555042612e+00
1.054372121723812006e+00
8.491142673866109192e+01
-7.042215110666901978e+01
-6.932131601827431666e+01
-6.739778341815596718e+01
1.323639758584836912e+01
1.397453175643638978e+01
6.028240158119480441e+00
3.212330477127451900e+01
3.842848137735617087e+01
3.193394268667083935e+01
1.970082079888953075e+01
-3.580081988336446841e+01
-1.354224364629602029e+01
-1.004711893439142045e+01
8.637311916117301536e+00
-2.440740001679863880e-01
-6.465324436127359320e+01
-6.654874678364762985e+01
3.278302257809774023e+00
-5.513010732624827881e+00
7.865364767277078784e+00
-5.416026280158333428e+00
-5.345256624649407762e+00
1.711830024035825959e+00
-1.321107733879162005e+01
2.750791497967249910e+01
7.604536642040526928e+00
7.953774968078679564e+00
-2.617448009259102903e+01
-2.490757453108125929e+01
-3.075633131929645003e+01
-1.765868175383392824e+01
2.808584658371042053e+01
2.273295235818376980e+01
-2.058599952520313892e+01
-1.550015683950615930e+01
-2.594613323472940891e+01
-2.193623778071616925e+01
-2.948943212238663136e+01
-2.908752819721608063e+01
-3.462174951051167682e+01
-2.243697638443504871e+01
-1.596551257687676006e+01
-1.118847042561884919e+01
7.480894696127205634e+01
7.266740494244585591e+01
7.247631154344233551e+01
-6.351046670787747672e+01
-6.994412353220867828e+01
-6.547546868250958596e+01
-7.077070893128207274e+01
3.147037440645620876e+01
2.490804469698911916e+01
2.487851570181852878e+01
3.134785746491753144e+01
7.479332661412200878e+01
1.864912584010144059e+01
1.117094730281177917e+01
4.948889402032381923e+00
9.017263259379390661e+00
7.325124374116212422e+00
1.430919178078569942e+01
8.505803529370915328e+01
8.607458828945188145e+01
8.617589804275027632e+01
8.682893906472291690e+01
7.025151831478715359e-01
1.540484610687516920e+01
-3.233285195824465319e+01
-3.766551712499590110e+01
7.285817619499876940e+00
8.462741577477252974e+00
6.288271747444534299e+01
5.624574169740157004e+01
6.144563620836431994e+01
6.020480693211433731e+01
8.765839882412301165e+01
8.767975892484177791e+01
8.730289727525352816e+01
8.778928311110151128e+01
5.244579659820158923e+01
4.686553208310702701e+01
4.816633747330848081e+01
4.305795556153780268e+01
-8.483831376487833609e+01
-8.522426004755246254e+01
-8.567871347701708373e+01
-8.423457089321347269e+01
6.186262831498341797e+01
6.493617476401695399e+01
6.116760127447464868e+01
6.479170344166158202e+01
2.432304912410194930e+01
2.250529281882943877e+01
2.865143985907080904e+01
1.650699168590294974e+01
-7.016506150050463475e+01
-6.885761739239720214e+01
-6.609705722905985681e+01
-2.784042381836733071e+01
-3.092789582441234941e+01
7.706272539237602359e+01
7.602568639387546057e+01
-1.584729107555716077e+01
-5.477624375637518739e+01
-6.026478021981962740e+01
-5.746504458285078698e+01
-6.357633358147562319e+01
-9.988201213483705487e+00
-4.232373719348447416e+00
-8.923335584517145591e+00
2.224945133615243975e+01
-2.636768777084851934e+01
-2.657835531889843850e+01
-1.842851488253829118e+01
-1.993871420058597010e+01
-7.919504881555006648e+01
-7.525522684400714013e+01
-7.775648342139446356e+01
-3.447452558586250859e+01
-3.153926312854583003e+01
-3.974881075680175968e+01
-3.249190529837912322e+01
8.053534089566566934e+01
8.143149279026081899e+01
8.369743376576059291e+01
7.833194743841325192e+01
-7.429591623599478112e+01
2.056083931323759018e+01
1.850963718980109007e+01
2.473773970003498945e+01
-4.862297266741973090e+01
-4.985623621686019646e+01
-4.458355557201156216e+01
-4.274420336409313848e+01
-3.842904205126014716e+01
-7.221218077046360406e+01
-7.343896134563813405e+01
-7.708732939159335729e+01
-7.693045301513343759e+01
-6.903438315340899578e+01
8.902579391347133608e+00
1.536276033823640041e+01
1.661410240347055023e+01
-6.944304177377325971e+01
3.506506189571418730e+01
3.926851301584739673e+01
4.083251327531525732e+01
3.088157829311012037e+01
6.583804547192715972e+01
6.991966184966982212e+01
6.751585003924218142e+01
6.348315811885849058e+01
6.306359559072942744e+01
7.571522406556802309e+01
7.722677392103678073e+01
7.268875466619094539e+01
7.644364738811106008e+01
7.219738389495357467e+01
-7.272051985364352333e+01
-6.839555633772104670e+01
-7.010826839840346736e+01
1.580518644115517013e+01
2.488300925017050957e+01
7.506792654298517675e+01
7.288106300741853261e+01
7.077875351867501763e+01
7.386751816399068105e+01
8.233384691498274321e+01
8.357659397939302437e+01
8.228609062905029248e+01
1.408955252527328916e+01
7.440749483202579562e+00
6.843851002784819393e+00
7.700309887957713784e+01
-7.925799569462024863e+01
-7.877138634307431175e+01
-7.576715829348898978e+01
-5.823485614333512217e+01
-6.050901149227912157e+01
-6.233913728525944009e+01
-5.620116667044244707e+01
-2.640315528232621034e+01
-2.011424287155766066e+01
-1.862598269200777068e+01
-7.528412063943413557e+01
-4.059229953243654165e+01
-3.836472533631052784e+01
-3.246584550614497999e+01
-3.285506328395287312e+01
6.522065501773872143e+01
7.193775842791224306e+01
7.038602160930214779e+01
6.671200136328411645e+01
-4.803550330514215716e+01
-5.187986769270789722e+01
-5.484507567773796666e+01
-5.063887180450411307e+01
-4.338806231476399233e+01
-9.211406270362864745e+00
-1.586870046685347013e+01
-1.914549285680378077e+01
-4.239042373357582960e+01
-4.633925183115628954e+01
-3.963585604839651211e+01
-8.171658950314590442e+00
6.935309894438235290e+01
6.343707655371581211e+01
6.216698755477801797e+01
7.563559002197293069e+01
7.398876664494058275e+01
4.013025385082460983e-02
-1.050289796184610047e+01
-2.229123224835016792e+00
-8.172777776028562258e+00
-4.975744761589182730e+01
-2.348932438339969053e+01
-2.694262879459267879e+01
-3.384919418313680239e+01
-4.870533432377386163e+01
1.619899958203330925e+01
1.950671516278191930e+01
-7.303067103030863905e+01
-7.224573766476621017e+01
-6.735820617761592644e+01
-6.697151653347603428e+01
-3.457158869574652016e+01
-2.698697415434920899e+01
-2.626220373060139934e+01
1.934642608141940912e+01
2.558230397621186825e+01
2.758472707144035141e+01
3.290874221874152994e+01
-7.341626758699726452e+01
-6.836587666403976016e+01
2.961376139758147019e+01
2.774219013985382887e+01
3.259995875911255325e+01
2.300342768708555141e+01
7.637446066537076206e+01
7.241843627460616517e+01
-6.688432480359368526e+01
-6.087222163524830165e+01
-6.161379506943816864e+01
-7.307965034586496245e+01
-6.806408594968544890e+01
-6.882136147092164435e+01
-6.455848387894855023e+01
3.158157411091547928e+01
-7.733019428082256752e+01
-7.874456305507624165e+01
-7.708992732085393129e+01
-7.880019745252927521e+01
-7.879372803109826862e+01
-8.074791798515853714e+01
-8.203525954494952543e+01
-7.714641749269145521e+01
-8.034609382865338034e+01
-6.824579465382454657e+01
-6.854562862375836119e+01
-7.219327966705769484e+01
-8.038643799700244585e+01
-7.917863189490101661e+01
-8.322252144869821677e+01
-8.152880653922676402e+01
-7.373718753511077750e+01
-7.610132601343617864e+01
8.694867291638078655e+01
8.588063628213190270e+01
8.735063526631559228e+01
8.637068851113190249e+01
8.471903818239751160e+01
-3.243818303160482230e+01
-3.976581294600872241e+01
-3.591335579868135852e+01
-2.981327044261304948e+01
-4.217302291251856161e+01
5.912809342509890342e+01
5.760733542052096112e+01
5.478328277327982221e+01
-7.249029019803988616e-01
-6.860901853572013209e+00
-1.045501692558677043e+01
-1.524961142465878083e+01
-8.434827741315617189e+00
-8.207183549636603459e+00
1.207265819948903030e+01
-2.888075486346033927e+01
-3.226345206868752769e+01
-2.459758564219763954e+01
-7.806864746749639039e+01
-7.719210742065457964e+01
-7.969349063257639898e+01
-2.030292121315740062e+01
-2.427727527420369924e+01
-6.962956714125106750e+00
-7.167119056085147122e+01
-7.235170209845523281e+00
-8.001993243702189673e+00
-1.336405595251489054e+01
9.010255094826989719e+00
9.117924115643159411e+00
1.744956176621089128e+01
-1.631034385712433021e+01
-7.405226226904109410e+01
2.334216648593888976e+01
3.086658454355653092e+01
2.848137865474911123e+01
6.571719027605827534e+01
6.928593690395459248e+01
6.443611997002636826e+01
6.946096898742632675e+01
-8.111896524977900924e+01
-8.042793081094266938e+01
-8.361619127066173007e+01
-8.319760382534116161e+01
-6.124773863796283280e+01
-5.603041363558259746e+01
-6.201657083360220213e+01
-5.750071009330901717e+01
-3.048624188173350902e+01
-2.451988336631080045e+01
-5.036608861238728707e+01
-5.173414064529349332e+01
-5.229096898945604721e+01
-7.026983061812214437e+00
-4.860335573618148053e-01
-7.827218311337837964e-01
7.385960237460779787e+00
9.158028633525290729e+00
6.360161862117705844e+00
-7.847473529183974961e+01
-7.836398059524972837e+01
-7.402155979579563905e+01
-5.280073744433894944e+01
-5.858087345312409866e+01
-5.908721019418231890e+01
-4.973857025248445751e+01
-5.429280048734617736e+01
3.291332293205245119e+00
6.838114396725077704e+00
2.285445100532494112e-01
1.316858812133106937e+01
-4.775781837998483326e+01
-5.250883678701560342e+01
-5.476915015107827855e+01
-5.920919951622055777e+01
7.532264354096376735e+01
7.128182053605598867e+01
7.258902433115015640e+01
-5.103556691145161750e+01
-5.431709852710164910e+01
-5.837843633850238234e+01
-4.760111695198064297e+01
-1.220624256151953979e+01
-1.928389384810063945e+01
-2.163543118512988883e+01
-8.121237863823251857e+00
-6.551255256329754673e+01
-6.867079956428948151e+01
-6.202135283027931933e+01
-6.960810279335409234e+01
6.217778336951978702e+01
6.157951952909827753e+01
6.498007511589752028e+01
5.800406775891156030e+01
-4.733480560903787904e+01
-1.394803890509330913e+01
6.856382410354471801e+01
7.287749931748588494e+01
6.775265122350255353e+01
7.171428576484075279e+01
-2.004487508124095996e+01
-1.780744188829470076e+01
-2.426425268809930103e+01
-2.432799070488908910e+01
-3.552087966903412308e+01
-2.891026148777156024e+01
5.860873772562946726e+01
5.974177483431928692e+01
5.266787000612296765e+01
5.302165467708076108e+01
-7.425297768470154836e+01
-7.647168461125190220e+01
-7.289808998748132751e+01
-7.510348046174381409e+01
-6.411848599347081290e+01
-6.082219772713622064e+01
6.891660988781400476e+01
7.051290864673789827e+01
6.416473051007402262e+01
6.657931445094199319e+01
4.545757185778513332e+01
4.885161555795379940e+01
4.969627626048571756e+01
-1.420090832871662023e+01
-2.167010648748998136e+01
4.971090850458136856e+01
5.344852422366493272e+01
-1.389740788913010938e+01
-6.797780923877616566e+00
-1.407280793568532040e+01
-8.028697281004356867e+00
-7.017633815621846338e+01
-6.963641943703301251e+01
-7.226051141823923274e+01
5.316926717196751895e+01
-3.462339394278028060e+00
5.062023103196180784e+01
4.466293111634917778e+01
1.408615643676234042e+00
5.134932410344396736e+00
5.146638860395812287e+01
5.094586476267402730e+01
5.853971419527095321e+01
5.959555675597496815e+01
8.230108045324611510e+01
8.432777513407677361e+01
8.155800740748905753e+01
8.485105696139756049e+01
8.650617063595784373e+01
-3.332117072688600246e+01
-3.071203996666027081e+01
-2.401642190055416037e+01
-3.873610710726970296e+01
6.795162033100822896e+01
6.570877930015151946e+01
7.091417656615082876e+01
6.302687865805420842e+01
-5.720747349213346666e+01
-5.956576914508075049e+01
-6.517974198302202637e+01
-5.356482866151839772e+01
-6.177240357123231718e+01
-3.322209394026104690e+01
-4.168585458330142757e+01
-3.851246020742492249e+01
-2.592524852159424142e+01
-2.856724937695753042e+01
-3.302785165036530657e+01
-4.999453979607844900e+01
-4.586676381002140346e+01
-5.412905682593067702e+00
-4.926279910435003728e+01
-4.279323339342583665e+01
-4.879045452281796003e+01
-1.601123576046102004e+00
6.751107930469781415e+00
4.636324412835337583e+00
3.779634774739000780e-01
-7.931837287028835703e+01
-8.100403367833537516e+01
-8.056078369895276126e+01
-8.252231759552992685e+01
6.172686867408098266e+01
5.539217058645522940e+01
5.581411219435519655e+01
5.967081564334281296e+01
6.068275813042883726e+01
-4.108887686690572139e+01
-4.549869558480406795e+01
-4.910720934238955238e+01
-7.201828171432944714e+01
-6.957609326299498775e+01
-6.125828525360432764e+01
4.893411485332188704e+01
5.233242282841729320e+01
5.246988820102212259e+01
-1.623023204136142894e+01
-5.945790281102010688e+00
-8.911076262561380190e+00
1.914339165118880004e+01
2.100015810131261063e+01
1.439293028275029052e+01
-1.212726996045270056e+01
-2.706835237055202903e+00
2.340357458105152055e+00
6.118154842078400435e+00
-8.343764007273108518e+00
-2.297383216340877965e+01
-1.936713286330967065e+01
-1.449523543716128016e+00
-3.436909757697165890e+00
3.972826871122390191e+00
1.718334056156662015e+00
8.253916731453767852e+01
8.096947945490897780e+01
8.263952581758100280e+01
7.968106618326486057e+01
8.123618620599147278e+01
8.051872805556267565e+01
7.869687414163274752e+01
7.744581999089369617e+01
3.224130645693107766e+01
3.033466587177823115e+01
3.905563353235812230e+01
3.797731552306259317e+01
4.359847700149929750e+01
5.549273896089562186e+01
5.162335642776790934e+01
5.826056702021035250e+01
4.758003571558179345e+01
5.067387926840635970e+01
4.372370464246350963e+01
4.348860672331551314e+01
5.073277278861007744e+01
4.601030717956375327e+01
7.996201765171861098e+01
8.048751698225603946e+01
8.229787729312737099e+01
7.740202078986975209e+01
7.583514025371526657e+01
-6.203943343387263809e+01
-5.736087900827669728e+01
-3.761825508812695062e+01
-3.070081133555945030e+01
-7.698505415729734125e+01
-7.315045505231502432e+01
-7.802198050738962820e+01
-6.607720462696046582e+01
-3.975434389598358109e+01
-3.778262254979816248e+01
-3.179095476511242069e+01
-3.192500206767525128e+01
4.189720602896124291e+01
3.898093079664535310e+01
4.653128659140956103e+01
-8.544420614445095907e+01
-8.650489897053245159e+01
-8.568370267642171711e+01
-8.622790950467246773e+01
-3.837148391748608844e+01
7.903090018913860604e+01
7.786423264038872105e+01
-6.016225916903685089e+01
-6.460787737214134552e+01
-6.276005131228718170e+01
-8.757184590450721373e+01
-8.665259341975587404e+01
-8.709053908829650936e+01
-8.718597865033032690e+01
-1.007658138591674080e+00
6.692138738567044776e+00
-2.043920268729078060e+00
5.905886927634835359e+00
-3.200820244306905238e+01
-1.814776355040550015e+01
-2.120196264214269988e+01
-1.366903433740604967e+01
-4.219867592176675686e+01
-7.319447566776834435e+01
-7.059645425431600074e+01
-7.595358755657346705e+01
-7.835256595270421087e+01
-7.284438431216074150e+01
7.206943110456489876e+01
7.411785888997030725e+01
7.621979027944236407e+01
-3.425828333910599355e+01
-3.000079544456550096e+01
-2.681895806632655166e+01
8.180617153668117680e+01
7.884301550628222799e+01
8.243726541358809357e+01
8.172349861546523186e+01
-2.550880796708041132e+01
-2.243881451701329155e+01
2.593865376985845828e+01
3.555161898505323137e+01
3.171263142071682140e+01
2.457408640722757909e+01
-3.461499526512581326e+01
-3.981026040521400944e+01
-4.377557191767907341e+01
-3.937829771240448196e+01
-3.249893520259541191e+01
-4.312995229250110185e+01
-3.415258433725615816e+01
6.398833569508695263e+01
6.316318142245339118e+01
6.683871318606776413e+01
-6.620915143712117867e+01
5.880172435634734285e+01
6.210717563939081742e+01
-6.622154767340285275e+01
-6.492244984583484779e+01
-6.135334577260169198e+01
-6.908167555919703773e+01
-6.930113500903684098e+01
-6.148402075326247740e+01
-5.558943449326311992e+01
-6.094678442582102207e+01
-5.417813887629338154e+01
-5.862015325512013675e+01
5.820204991706862074e+01
5.567936816480300877e+01
6.993238867008467707e+01
7.083158131958036563e+01
-7.159666579682800602e+01
-6.837174274369412785e+01
-7.009746661819653468e+01
-6.562599667241305212e+01
1.753453680082794008e+01
5.979829614998057430e+00
-6.608450590501736599e+01
-5.708666029315124035e+01
-4.297720277225604235e+00
4.058296285070588816e+00
1.740321214952051054e+00
8.764938430088888310e+01
8.750132481970851472e+01
8.799007246364961077e+01
8.786539152502541583e+01
-6.241266183932138745e+01
-1.887201044042987164e+01
-1.098655482815773965e+01
-2.003865466509164861e+01
-1.331606517613407092e+00
7.757803539256765646e+01
7.384650634058338881e+01
7.802756421902607542e+01
-8.862787623423169947e+00
7.563281421364766288e+01
1.090966521634929975e+01
6.235612404451884316e+01
6.607578480625269890e+01
6.240522954749562956e+01
6.773016453648673973e+01
6.518728069643684364e+01
4.762336799252180697e+01
4.778728468385550343e+01
6.643752272897891942e+01
6.762259051316058844e+01
6.456268390401419310e+01
6.965058121561891369e+01
6.414780707001375504e+01
4.694335907763011306e+01
-8.048921538699978839e+01
-7.958835942953844267e+01
1.271480644330216947e+01
-7.106112801364729137e+01
-6.941866222100533435e+01
-7.492739230780509274e+01
8.352612666045801859e+01
8.463479873787056817e+01
8.392772591718795638e+01
8.432305336983445443e+01
8.539496760600957259e+01
-7.128359333120188523e+01
-6.722245192243404688e+01
-7.305614460660426346e+01
-1.057738331901900963e+01
-7.386364496280818592e+00
-6.903803176768399830e+00
-2.699584710368775120e+01
-1.914744818319497099e+01
-2.639208782129378861e+01
7.825742832701844520e+01
8.116153889656044385e+01
7.987343734823667774e+01
-8.271187273014252384e+00
7.233165080737800068e-01
-1.579322352183635036e+00
1.334183953627261054e+01
5.412928316426466324e+00
5.674217625879133209e+01
2.553094029880234928e+01
2.863757890797331029e+01
2.250736443487321026e+01
4.901138771473259936e+01
4.905304424706101685e+01
4.768671275112360775e+01
4.813461640391093965e+01
4.171278999132881182e+01
-4.951156616352950124e+01
-4.786512392994259812e+01
-5.468638611413813777e+01
-5.255142736596179276e+01
-3.512085050390855656e+01
4.586030136630156306e+01
4.278408324533897655e+01
-2.513965096558615997e+01
-2.998166340749634884e+01
4.720894878474120304e+01
1.528913079619167981e+01
1.047358216177693002e+01
7.231237876772302897e+00
4.072410646869648332e+01
3.611348238265915711e+01
3.480090933958830135e+01
3.723211508739390041e+01
3.974510575807840240e+01
4.609992876918199300e+01
4.743308040623445265e+01
3.916871256683767655e+01
4.486576018640960939e+01
4.310894066346436659e+01
4.970183150721778276e+01
-4.073609657411981999e+01
-4.840154037000594656e+01
-4.921984009086917666e+01
5.478383694344132948e+01
-2.297444921992882172e+01
-3.048762167389707045e+01
-4.143924642853515650e+01
-3.600060759078873218e+01
-4.688263591649788253e+01
-3.853701243068250193e+01
-3.935540423820665978e+01
-4.383046329586297674e+01
4.121673070070151823e+01
3.951583931965264185e+01
4.739833092332634124e+01
4.434540359701777135e+01
-1.012127723129333923e+01
-1.787694325535692030e+01
-1.320014985037525079e+01
-7.078366158658883300e+00
-8.456224895826093046e+00
-1.361283648092575049e+01
-1.559688595317565074e+01
6.415888250067609988e+00
1.252156845171302990e+01
-7.003060024407605511e+01
-6.788015219663033406e+01
7.159249143398808712e+01
6.923889801746250328e+01
6.962669259060650973e+01
6.046211056207855705e+01
7.425650962554291823e+01
7.229019624040149949e+01
6.995908889567380129e+01
-4.755605076455761804e+01
3.302002936127968979e+01
3.425393401839357921e+01
2.528731415911043001e+01
-3.208850305158466654e+01
-3.245605787761122230e+01
-4.065324318076972077e+01
-3.923530397835652650e+01
-4.051602718436870987e+01
-4.691277360011856246e+01
6.316596229676441254e+01
6.112180777764483253e+01
6.887026377109809516e+01
6.532684656928678635e+01
-5.524312172083457995e+01
-5.618542053748770826e+01
-5.886869287845986776e+01
-5.777585972325874764e+01
-6.526527806475639792e+00
-7.679600938312611369e+00
-1.368455732417213078e+01
-1.563967632396173002e+01
-1.536774171746695927e+01
-7.818813751151862945e+00
5.215982870862681153e+01
-7.522808493612009428e+00
-1.940233921767674019e+01
3.931211434052914910e+01
4.096816631905375061e+01
4.529256660527543232e+01
-9.644887396187888484e+00
6.925108533487770046e+01
7.144320222260539310e+01
6.606180929698840032e+01
2.609021788106067063e+01
3.137478883555371922e+01
2.598533328832142075e+01
3.167200639365616155e+01
6.472504067798504934e+01
3.382410231795181232e+01
3.355001816917366142e+01
-5.435768368568952980e+01
-5.122548628701667184e+01
-5.070865141077886307e+01
-4.628189101868552058e+01
-4.575409019246149711e+01
-7.689800880924640580e+01
-7.397352970798827698e+01
-7.226346768348163607e+01
-8.499518405554543676e+01
-8.444332155146973662e+01
-8.202953668375799623e+01
-8.270125263503659596e+01
-8.558789957445495133e+01
1.542707672272183927e+01
1.485608951661112087e+01
7.789138977332411784e+00
2.208871567104349865e+01
4.043956406899719269e+01
3.152860511375189034e+01
3.726281831075022666e+01
4.282214830419936646e+01
4.623661051343796657e+01
5.149951796169344220e+01
-7.087685433931409307e+01
-6.967208794060272226e+01
-6.567724090080032795e+01
6.082263154188456866e+01
5.513476013963897771e+01
6.020511145365730954e+01
5.873940114152151182e+01
-6.351351932178391024e+01
-5.773586719119049349e+01
4.028182047447536007e+01
3.295472926295968108e+01
3.839147369181039693e+01
-8.524989246478541816e+01
-8.462261729181658154e+01
-6.018865613349282739e+01
-6.067302975220169259e+01
-7.537107167321771328e+01
-7.896128262899620154e+01
-7.632081358127665283e+01
-7.670454041682999957e+01
-6.660484542138763686e+01
1.225505139564173973e+01
1.927564453833792157e+01
7.616505635191326462e+01
1.228658088963291917e+01
6.159477071803401316e+01
5.701433649355561784e+01
-8.708461004887223567e+01
-8.639484370358597687e+01
-8.645340429943806271e+01
2.935169966245159046e+01
3.513013035886712032e+01
3.755167854797851135e+01
5.426516718147171048e+01
5.342694610693013146e+01
4.716841914504497169e+01
5.183352520474704761e+01
4.573160406598486816e+01
3.750656397657738239e+01
4.583201472245168873e+01
3.885314158758504277e+01
7.683871476842934101e+01
7.849629657066624588e+01
8.056970217823518965e+01
8.167604167782496916e+01
-5.140690588492123680e+01
-5.244285048410038996e+01
-3.003580212451494091e+01
-2.568250187317424960e+01
-7.304506136116822290e+01
-7.502653540528100962e+01
-7.538918840437655433e+01
4.338540531253845245e+01
-7.257285554931699778e+01
2.288956897374956867e+01
1.492609688997007922e+01
2.131949259303916122e+01
1.740773764626844056e+01
8.468276302463077343e+01
8.374227303953462354e+01
8.276502026097679732e+01
-8.488228515977278121e+00
-1.568582548785074060e+01
-7.368972095565434977e+00
7.894345785677631788e+00
-5.125047949635128930e+01
-5.149350492256993306e+01
-4.742625539648169308e+01
-5.825687297000754228e+01
4.486675540526383088e+01
-5.180571252046929231e+01
-5.155932894891974883e+01
-1.249991308176455007e+01
-7.796944207862055976e+01
-7.351042850569525910e+01
-7.695309480848040096e+01
-7.889573720839841542e+01
-8.141877577635813168e+01
-8.136979464545053986e+01
6.673402312374049927e+01
6.576460141948497551e+01
6.124179074307995307e+01
2.299993546931379029e+01
1.846183300036599917e+01
2.600231031422448069e+01
5.787244274614665329e+01
6.246375794693209826e+01
-4.433881993636052243e+01
-4.288809502893749936e+01
-4.968088376246185334e+01
-4.859677578207764270e+01
1.254877361591129947e+01
1.960268472526755090e+01
1.128596898798233994e+01
5.696329867704120886e+01
4.680767784209915305e+01
5.199606636203515109e+01
-4.844313620174514767e+01
-4.410112891912262967e+01
-5.699462673350421227e+01
-7.234081742680845650e+01
-2.360687478036276943e+01
-2.954894954987409150e+01
-3.180563190969133913e+01
-1.442556821823504087e+01
-2.299444947692943941e+01
-1.928848473176723033e+01
-5.049223883271338309e+01
-5.686623225767719703e+01
-5.947849189607575227e+01
-5.497175929678912354e+01
-5.609515616114355652e+01
1.720011195886549160e+01
2.588157654688212972e+01
1.914071547600820011e+01
2.470277291014922127e+01
-5.454744563606583796e+01
-4.769644498568231228e+01
-7.338264841789826676e+01
-2.680399505712275143e+01
-1.445520934700230065e+01
-5.992945177509109378e+00
-1.332445941545695955e+00
-1.451770375048499062e+01
-2.016663974188990949e+01
-3.146214443445150977e+01
-2.729438129703338944e+01
5.583875467567615658e+01
5.149787670029955677e+01
-6.578506938283558725e+01
-6.163346855544740777e+01
-6.146689138089327287e+01
-1.184315300797744008e+01
-7.851194723360833905e+00
-6.759404853992677431e+01
-7.139521534381032097e+01
-6.956247485125355468e+01
3.822296862251827854e+00
1.160036533706045958e+01
6.922610649892202161e+01
7.445800000996204915e+01
7.240079090367730430e+01
7.583146955908883058e+01
7.690230544020570846e+01
7.587001296414160834e+01
3.669825972984615703e+01
3.420613319679379316e+01
4.200607657156999863e+01
5.867170925054166020e+01
5.814478256159704728e+01
-7.898545548936034777e+01
4.908472021494056747e+01
4.078917760514551105e+01
4.789894979133161712e+01
4.771169108411356063e+01
-3.633421565729312874e+01
9.238839360869924633e+00
6.238746934481435247e+00
-3.080953253667788871e+01
2.364205490896314998e+01
1.286259139561117948e+01
1.558634660176988085e+01
2.020980780022816958e+01
1.202280930575810913e+01
-1.589688596492542949e+01
-2.537774868134271955e+01
-2.785590985343602100e+01
-3.584542941649493031e+01
-2.587678685813630963e+01
-6.002766275047469691e+01
-5.600924176126265053e+01
3.828125801236591741e+01
4.054332899839261728e+01
4.394682336668237355e+01
3.608373953597283901e+01
3.893778807861787072e+01
3.410029561258914299e+01
3.052040325088001893e+01
-6.379701514804295925e+01
-6.170248249024461273e+01
1.433895442647103025e+01
2.328860683305362045e+01
2.269480153993506022e+01
7.604514594352332324e+01
7.319871362276205673e+01
7.740290955828622543e+01
7.363018931826529467e+01
7.914748717799196243e+01
6.758837900297749002e+01
6.396174395071631835e+01
6.772936225963016454e+01
-8.325897901521942401e+01
-8.263852230887508199e+01
-8.106249406221628817e+01
-8.196830066294592143e+01
-8.341281687660979571e+01
6.805809043549808734e+01
7.031365245395957686e+01
6.497305674533777164e+01
8.176822499283436230e+01
8.156428573342962807e+01
7.900822105812767404e+01
7.814076642417330731e+01
6.915840834643654489e+01
7.033425177629594316e+01
6.837514031138951509e+01
7.263565215903160777e+01
-4.240065809543980890e+01
-3.534847920031413082e+01
-5.980461679872747283e+01
-5.712015466932295737e+01
-3.970733944145901262e+01
-6.329628151524764945e+01
-6.186084624008888255e+01
-3.845476050514319066e+00
-1.253578511196401912e+01
-9.398467680684730041e+00
-1.500877343497296046e+01
-4.744400860471166936e+01
-7.232347937916952674e+01
-6.980607022977086729e+01
8.754298056239719017e+01
8.798113478510144603e+01
-3.579696371713036740e+01
-3.714016098481008754e+01
-2.962419499367950948e+01
3.854440572750454663e+01
4.444161729143303319e+01
3.797690516423043761e+01
-2.090471776554521099e+01
-1.234480376726824957e+01
-1.321649654110876959e+01
-4.199048511774567061e+00
1.103715377337825920e+01
4.094045406231678896e+01
4.831302901852703968e+01
5.002123115473445125e+01
4.044445929086092661e+01
-2.614242794482003163e+01
-3.419102954243886217e+01
-3.581993106199306709e+01
-7.763987277056244807e+01
-7.357804074834818664e+01
-7.460765436596770428e+01
-7.505611461836592468e+01
-1.439650128236277915e+01
-7.465210238638048779e+00
-4.369642515203427280e+01
-4.862764603752300729e+01
-4.846596333312645299e+01
-6.013581819857645172e+01
-5.589568863430579881e+01
-5.735764283533482910e+01
-5.088008768588822761e+01
-2.746550925937962973e+01
-2.525564292936573096e+01
-3.350820798466334338e+01
-3.379180075339301226e+01
-6.766967227489685399e+01
-6.305273049137883135e+01
-6.072000845974277183e+01
-6.653509371708612719e+01
5.268612553881030003e+00
-7.539796622932479409e+01
-7.650924712641979397e+01
7.361354144237367336e+01
7.513580231892193240e+01
7.193173691133191028e+01
7.273052797424324467e+01
-6.096966708825293324e+01
-5.836621829767678804e+01
-8.163725261954147072e+01
-8.332639321865688942e+01
-8.115356625627185849e+01
-2.699621089858915024e+00
3.505803926179473784e+00
-2.758184712503418901e+00
-4.078795837277619185e+00
3.586142398023123690e+01
3.059011690258954985e+01
3.037031902851711962e+01
-8.754141940049231607e+01
-8.785290565216159564e+01
-8.687805037220067561e+01
3.941744947081693340e+01
5.221302616548138786e+01
4.854943802400151753e+01
5.509840060067501355e+01
4.968375133072345307e+01
5.104788489639351923e+01
4.360708541498416224e+01
2.533480835954870969e+01
1.431032261189582044e+01
2.082997228792529043e+01
6.648949668845200733e+01
-9.184827596705540387e+00
7.856868833270453933e+01
5.225159747785752273e+01
-1.995756819623975886e+01
8.238959556208210699e+01
8.413053616425514747e+01
8.336302002763501662e+01
-7.083305878748655005e+01
-7.445101402275227542e+01
-4.664233972045494880e+01
-5.018611880339088316e+01
-7.015363976053446038e+01
1.495057919307400063e+01
-7.417762134175990241e+01
-7.471191035926186430e+01
3.720772301586170272e+01
3.423192503037228818e+01
4.144045657611732736e+01
3.925970546160525743e+01
-2.812649201639142049e+01
-2.312375571139854102e+01
-3.280027156430381297e+01
-2.193590859665071946e+01
4.907895726322620789e+01
5.607454255720411140e+01
6.887565752220777426e+01
5.957309599997903149e+01
6.079231366228025024e+01
8.138561883444030798e+01
7.942058456094081009e+01
2.987827521194867941e+01
2.566957821696060904e+01
2.881350599635725018e+01
-5.623701785262645103e+01
9.956785774349919294e+00
1.802148799486793962e+01
-6.125600704038050281e+01
-4.363257653082314391e+00
-7.408860761708473852e+00
-8.042106997381587519e+01
-4.529330141364076212e+01
-4.387639902573047124e+01
2.341773894594131988e+01
2.008463517213143135e+01
1.675011716257334982e+01
1.140651602715261070e+01
5.503939991010746269e+01
5.831157079533124232e+01
6.349032899934729812e+01
5.102142824556619871e+01
-6.507648580419218831e+01
-6.486321842956209593e+01
-6.250323838045473224e+01
1.800426922615358905e+01
1.254161863672648991e+01
2.004047906620862918e+01
2.744910332422357868e+01
6.051480655176995960e+00
3.794191721530651762e+01
4.548998756983227310e+01
4.237913230399107789e+01
-1.580452661487744059e+01
-8.744464122826718366e+00
-2.371489713073611938e+01
-1.995806239307696828e+01
5.367147293689985332e+01
2.203257562966317096e+01
1.370244629586288987e+01
1.532430572175701045e+01
2.371704656598242167e+01
1.725781432035352125e+01
7.283149625244422509e+01
3.645130861062639127e+01
5.747140321838674737e+01
5.636523235477228866e+01
1.879637079659757148e+01
2.663259752108115919e+01
2.333355642551374132e+01
1.280202195311501079e+01
-5.330658411695023347e+01
-2.225126895105778146e+01
-4.277313782695488698e+01
-3.774769910275598939e+00
3.087296594087040091e+01
3.614428554975347652e+01
-5.310744020728503756e+01
-8.642734000878782297e+01
-8.412120043038869710e+01
-8.496867992040390050e+01
-8.546152815606582465e+01
6.781936551311723349e+01
-4.599144990906741270e+01
-4.106395381757471341e+01
-5.118646151544429301e+01
7.314434394146294949e+01
7.109902909786427472e+01
7.007252400586941121e+01
6.846210215405105259e+01
4.390930990706373649e+01
3.687557931064014127e+01
3.870651934213150014e+01
4.611571742359168269e+01
4.166374937929187894e+01
4.875780179615613719e+01
7.094554989213740726e+01
7.008313142180472255e+01
7.439035302187515697e+01
7.437670334633956770e+01
-7.784706306032478551e+01
-7.634825481928875490e+01
7.006946631514121293e+01
1.809399969976816891e+01
2.502594785154148127e+01
3.359689662289426337e+01
2.422425203036972974e+01
3.235678587047274846e+01
3.893992521485105129e+01
2.584875472806038843e+01
1.771253699043518992e+01
4.309605213579264671e+01
4.551025250848812220e+01
4.039231239763608272e+01
-5.065072847983297777e+01
-4.581609589204254007e+01
-1.397095940539268000e+01
-1.142368242813071966e+01
5.795900753298356989e+01
-6.488232997050346285e+01
-6.159157894372381037e+01
3.976451548028666849e+01
4.515913522810839709e+01
5.279816714425111712e+01
4.350987231816323941e+01
3.621751790392801951e+01
3.019369802696506966e+01
-5.446000648149762213e+01
-7.227222371318609362e+01
-7.501337225489517380e+01
-1.575149045118797986e+01
-1.504894820450130943e+01
-4.316551067876127945e+01
-4.113444368362147685e+01
-3.232813850837673186e+01
7.152926061449628037e+01
7.450274878574748527e+01
7.210894598522963861e+01
7.520108137928991709e+01
6.634058316195689997e+01
6.759766788849869101e+01
-1.602239321922530024e+01
-5.078607869211752046e+01
-5.729126966259602227e+01
3.886600226838130823e+01
4.025523745405010345e+01
3.263116259407939879e+01
3.591554767216587152e+01
-5.043661676547267803e+01
-4.139127504610048192e+01
-4.421488008256987712e+01
-6.833449115975454902e+01
-7.199952397464967646e+01
-6.466363835299155483e+01
-6.653627732730568312e+01
6.561459393156707165e+01
6.028772544492044716e+01
-2.396924668550465043e+01
-1.781325292540072880e+01
2.754304424638209792e+00
6.534205878201586870e+01
6.573893656841407562e+01
-4.588025863961556183e+01
-3.983526188648684752e+01
-4.890233220289184857e+01
7.131263342498151303e+01
6.954575452878592046e+01
-4.470272310477955102e+01
3.053551044686723870e+01
3.295347581409369297e+01
-8.023057138282820233e+01
-8.030657646224103985e+01
5.949023670429777866e+01
6.551034192596858929e+01
-5.447955833895623812e+01
6.442941125380875711e+00
-1.691212193197165981e+00
-5.280605373674193004e+01
-9.416195691025862402e+00
-1.071437906335970958e+01
-1.906035656375082965e+01
4.273336821517641226e+01
4.189031245563254657e+01
-4.213485164141810202e+01
-3.771338613977051324e+01
8.738391219715819602e+01
8.690717019885825323e+01
-4.994881148850539354e+00
-1.194995137118418960e+01
-5.491575312180448698e+00
-1.285193457620015067e+01
-2.144097213225963117e+01
-6.927258534997548622e+01
-6.750077661296394638e+01
-2.852995186165117047e+01
-1.983332194349459954e+01
-2.448241574009314903e+01
3.402346943043595218e+01
3.863515078693635729e+01
3.904553289903204671e+01
-3.444761041356221654e+01
-2.975115792131663994e+01
7.612373858503170254e+01
7.481481823882556625e+01
7.800901791963701726e+01
7.975055049857377298e+01
1.718200025734226921e+00
1.097251085571402029e+01
1.292739122826618958e+00
5.598234493123510624e+00
8.041738142193727867e+01
5.468199210005054312e+01
4.892162328647275160e+01
-7.051410928707575465e+01
-7.359075139613956651e+01
-5.778738043889371312e+01
-7.406184318146338796e+01
3.027471524184495166e+01
2.777875583780707913e+01
-5.644350564836401674e+01
-8.756022837815618232e+01
-8.785142551166424596e+01
-8.746204942683083061e+01
6.232490550787922956e+01
-7.691078393213939535e+01
-7.532795823461020746e+01
-7.725136439949486089e+01
-2.868734522869318937e+01
8.853625454866278943e+00
1.621423025739519019e+01
-2.842564590882468067e+01
-2.265155921592036137e+01
3.124196261755269877e+00
-3.030277472457244059e+01
-3.057918678234712928e+01
-3.781128520751251898e+01
-4.066641088589806685e+01
-3.443976568761195267e+01
-3.457736211715135255e+01
4.696947123124750334e+01
3.779543078300790881e+01
-3.651209763258478347e+01
-3.161031958555496146e+01
-2.333836828981072031e+01
-2.852107893755285062e+01
4.658198105102113118e+01
5.052994441198310227e+01
5.327391979726581184e+01
2.813620252252258069e+01
4.498350601848473218e+01
1.972016263319300933e+01
4.741505734262906913e+01
4.979815148800801694e+01
5.456112089139998744e+01
6.915027325046293249e+00
1.505667728071300004e+01
2.219852732001939088e+01
-4.180664648462504829e+01
-3.096789017157378865e+01
7.729637749691261206e+01
7.491135331777419992e+01
-6.387308957765652906e+01
-6.745246178370754819e+01
-6.251192941198490871e+01
-4.695450516162557042e-01
3.059992197800733837e+00
6.207025704978025260e+01
2.791639283710494013e+01
3.386655986576415245e+01
3.839017148014126235e+01
-3.745546834049820717e+01
-3.039693819365210103e+01
-4.809549668014958712e+01
-5.452466444817662961e+01
-4.810911228577062815e+01
6.405497595502320962e+01
-4.748272407410215123e+01
-3.948952320918000680e+01
-4.113160835393760095e+01
-4.644802829533742283e+01
-2.991168482037981136e+01
-3.734136655484388712e+01
-3.354338561711283262e+01
-6.453851732037279021e-01
5.448172261275776584e+00
-4.213669661475297801e+01
-4.729191629457118751e+01
7.528477349431845767e+01
-5.451953533151635867e+01
7.103834948157881968e+01
4.180403991892205084e+01
5.975622162669557724e+01
4.246648278247962338e+01
-9.962790994100815922e+00
5.229604851700197798e+01
-5.989807811699226647e+01
5.381179950661255873e+01
6.041349136643229656e+01
2.880067786825495091e+01
3.592746508955291773e+01
7.024453942980268550e+01
-8.581070665785777862e+01
-7.583955108282739843e+01
-7.560036422694055602e+01
6.333213702471579154e+01
6.450521227848416572e+01
3.209732247010911266e+01
2.508433379910427874e+01
3.813961806992166714e+01
3.820425858256891871e+01
1.958264347963267937e+01
1.067078786654671063e+01
3.390277942588192150e+00
-6.586255219231100000e+01
4.456516312536835045e+01
3.899923244678006995e+01
4.278100072489724681e+01
7.301048418358043079e+01
7.405430218583384772e+01
-5.389799933830151701e+01
-4.041871107834705867e+01
-4.111646827859446773e+01
-3.591183422347737775e+01
2.515866735911735930e+01
3.046448600419303077e+01
-1.989137503447352984e+01
-2.172073989973620911e+01
-2.488777892493711974e+01
-2.397573168029741186e+00
-3.507155546614006081e+00
6.012867361369143282e+01
5.436257543056596830e+01
2.410111202777427053e+01
2.634195549736854858e+01
1.731032948626742041e+01
6.949391221989972678e+01
7.036786467621924146e+01
-2.088163132396513078e+01
-7.067827675852575453e+01
4.006915703347120683e+01
4.036308552394100957e+01
7.722439080566834946e+01
7.383537214132229565e+01
4.549801255569744995e+01
5.240906441470794164e+01
4.713192052011626032e+01
5.225044987778255035e+01
-2.891568729277953942e+00
-1.592101962222712963e+01
-8.077426858733057102e+00
-6.902634883000941102e+01
7.333544129513892074e+01
1.394503399063206928e+01
1.367626014496731024e+01
9.515878705582888841e+00
2.044834560039295113e+01
-6.131740207024199663e+01
-5.798567871422204689e+01
1.295019372016655979e+01
6.521702675668487714e+00
-6.483793001984784610e+01
-5.851330637870005802e+01
-5.931484638353747840e+01
-6.194967852453252277e+01
-5.507673788961196237e+01
-5.614304803455686965e+01
-2.255417911437238843e+01
4.733743829060040298e+01
8.737949937692295066e+01
8.762204035096658572e+01
8.711145425425591782e+01
-3.022612120955605874e+01
-3.708436399337114864e+01
-4.057710635614611761e+01
6.143369117545309166e+01
5.889874949839958163e+01
5.890758298288672279e+01
5.621129222167171235e+01
6.472490409343623696e+01
6.690962566561360347e+01
1.183575685748495054e+01
6.304591763029452345e+00
5.322354831428876665e+00
4.889131967158442649e+01
6.098851096524334281e+01
5.489352936586733733e+01
7.459333468923632893e+01
-6.893227282261216615e+00
3.479122754670672180e+01
3.458551920529443890e+01
2.752710095031773108e+01
-4.015382957766802718e+01
1.102666367904799039e+01
-5.406253238397820127e-01
8.260380824836602187e+00
5.346729813175276291e+00
3.337544757721409017e+00
5.967042420713401185e+01
1.477311853468681990e+00
4.046773679528570256e+01
4.012968113115272217e+01
1.793842677586776091e+01
2.458323333757040885e+01
-6.058382696732254935e+00
-8.115479421387669845e+01
-8.216303300752083771e+01
-7.979762373422789778e+01
-7.850471902207034169e+00
-1.944116499369683027e+01
-7.724841244609369539e+01
-7.854977992420317889e+01
-7.923455595472464097e+01
3.481784467743356970e+01
-8.457717905441448636e+00
3.391386155744147857e+01
2.698480637308989927e+01
-5.650574500254454335e+01
3.151296066303946120e+01
3.623854161802056240e+01
4.256409949467094833e+01
1.657250301140375015e+01
3.227516502600038706e+01
2.583014479439611932e+01
-2.476365626646477125e+01
4.845792143844582256e+01
-8.434309588178129502e+01
-8.457943218686810383e+01
3.451320269005744024e+01
6.533971777064252251e+01
6.733174909330445246e+01
6.196914202434680874e+01
-8.639216095907475790e+01
-8.703684225979289124e+01
-8.647825744264252990e+01
6.997535763450403579e+01
8.922941259410977821e+00
-1.032233401569840936e+01
-1.932065311792387163e+01
-1.546292384186961044e+01
6.790236775721416507e+01
3.569072136277416263e+01
6.260943410185263680e+00
4.171958185199137858e+01
7.423014034612322121e+00
7.053641358295678288e+00
1.392132594084656994e+01
5.665244480791555759e+01
5.076707895060584264e+01
5.319227966477912162e+01
5.397689482998892885e+01
4.350799289096366351e+01
-2.535737596961882900e+01
-2.750708243743126147e+01
-2.086479403664318966e+01
-5.675820938298929974e+01
-6.154901678760994699e+00
2.936772211027323110e+01
7.499009786427457414e+00
5.228484391344643001e+01
6.438836168936654758e+01
1.093507495632674953e+01
7.497860367007284310e+00
-5.071714186254787649e+01
-8.443580204372014464e+01
-8.320901155751174372e+01
2.512079308137505862e+01
-6.747415890078030998e+01
-6.660120114546975856e+01
-8.211609062110726143e+01
-2.192747939862681861e+01
-2.540010399056663104e+01
1.531880593646337019e+01
9.490700708321876178e+00
-8.017608404791790377e+00
-2.742608403228056879e+00
4.637379906552433795e+01
7.387348062566985618e+00
7.448794540928142638e+00
2.256761700673008875e+01
-5.391108010690494723e+01
-4.797084951917113926e+01
4.591685962448865155e+01
-3.144853914534090933e+01
-2.287779134831126981e+01
-4.964758316943680683e+01
-5.049319855903505783e+01
-4.393918802393817202e+01
-2.259082117033117143e+01
-2.426942212154330036e+01
-2.926965261646084926e+01
-3.530672671920658701e+01
-2.825488993032654150e+01
-2.579658051895268045e+01
-6.826840224797926737e+01
-6.860472164315054044e+01
-6.409593682754184840e+01
2.743494574428590127e+01
1.670456337536349878e+01
-3.920092431717790049e+01
-5.492690881744997711e+01
1.043739910118705083e+01
-6.102519040283549856e+01
-7.942978032450183434e+01
-8.155065489388543654e+01
-8.046867958757998451e+01
5.386193876680349035e+01
4.937253167298131729e+01
4.964279328720078865e+01
1.348448974163797942e+01
2.275998131582991846e+01
1.593567346441883004e+01
2.439905715039303047e+01
1.468606625845434976e+01
1.812740606285813882e+01
8.535246942148523530e+00
9.152167905843375806e+00
1.707733095775985888e+01
1.978945492617654978e+01
1.021036203097803075e+01
-5.083319022810412235e+01
7.046154863187665285e+01
2.025872329464237964e+01
2.599718595971270929e+01
-3.610373115852829073e+01
5.367453533825148781e+01
4.918814752358782982e+01
8.643838776965185389e+01
8.252825748010849338e+01
8.250159765128131539e+01
8.150463352858592714e+01
8.353717478375442340e+01
5.604998044278926272e+01
9.339683418533093473e+00
1.694305917421457863e+01
1.954384889329336161e+01
1.657254092491060860e+01
8.273123128551746674e+01
8.266729205883304132e+01
7.998328102871482770e+01
6.313890909377791161e+01
6.655549902349243041e+01
6.509598285415869157e+01
6.311823766683596659e+01
6.013446958526036212e+01
4.102862802276742826e+01
-6.144121751614334670e+01
-5.323293808225655255e+01
-5.773409621367311217e+01
-4.709679559435360829e+01
-5.215106868598409307e+01
3.916646737804607881e+01
-4.394517760430174746e+01
-4.940629954275244273e+01
-3.465378315588176861e+01
-2.695246802055335067e+01
-8.572849562973929949e+01
-8.713357034322122274e+01
-8.558118566717543274e+01
-8.398675927900382021e+01
-8.659014717626300239e+01
4.759910057321565091e+01
4.948342032575499871e+01
4.573984566342858926e+01
-5.526943421868408990e+01
-5.639754615438393159e+01
-4.715734933586354316e+01
-5.261735190371056348e+01
8.549208014910803399e+01
8.303993621644434597e+01
8.347549842322108304e+01
8.541159775370114460e+01
5.648565277259209694e+01
5.051013943136778295e+01
5.785156970734537651e+01
5.115051072343012351e+01
8.443443650756938723e+01
8.289295081424909029e+01
8.463228708346639451e+01
8.267650592967250134e+01
-5.077185579025478290e+01
-8.691125223762222163e+01
-8.680361025885112269e+01
-8.789137880533749581e+01
-8.765064460202016505e+01
-5.278745947083339729e+01
-5.062055896488215723e+01
-4.556435399104982764e+01
-4.598806318476575683e+01
-5.142909393227076009e+01
5.855925527314958146e+01
5.443173570119967764e+01
4.989938129015204993e+01
5.699537296353499372e+00
-5.389468224896960180e+01
-4.778614869330817783e+01
-5.152863576866182171e+01
7.596105825096454112e+01
7.700988474756428559e+01
5.910794757855713044e+01
5.298900934211665970e+01
6.011274007707100253e+01
5.012472213679678212e+00
-7.150572815795007919e+00
-3.681817762560481100e+00
-4.810385654467839345e+01
-4.661170501190809290e+01
-5.112415987442810916e+01
5.921979028739951900e+01
5.612895941453393078e+01
-4.077409674297428666e+01
-4.388124896421602728e+01
2.717467105282833018e+01
1.749868612842445970e+01
6.768031800186130909e+01
6.756956901846403696e+01
7.156332474997914517e+01
-3.581040547672039764e+01
-3.897558866910382847e+01
-3.344861903098463785e+01
3.304910208238104730e+01
3.290349864420870318e+01
4.118429575433832213e+01
4.068826888559871691e+01
4.506126005403915968e+01
3.879675036366639773e+01
3.577286762555394262e+01
3.087630147352397003e+01
-3.312815865190194842e+01
-4.060723510838028716e+01
-3.591290929429931111e+01
-4.043998854548186728e+01
3.128929564456550949e+01
-7.747595934041137866e+01
-7.961056882068628227e+01
3.476513022640749284e+01
4.359359460098883687e+01
3.479049077592456740e+01
7.370687067152945815e+01
7.627620262406949792e+01
-1.932506833417428993e+01
1.412738005217913084e+01
-8.052238691780421220e+01
-8.239382538062325523e+01
-8.221761386190640053e+01
-8.438169443511803536e+01
-8.488701038008150590e+01
8.579285883646053890e+01
4.771277569216633907e+01
4.913233065052428117e+01
3.540369944629139809e+01
3.709818516388723708e+01
3.051618322675226125e+01
-8.185381340762843649e+01
-8.068693900020105048e+01
2.862496839938044957e+01
2.293703921591946937e+01
-8.609300029362137252e+01
-8.557313033363740828e+01
-8.492611523816768226e+01
-7.917092065664435552e+01
-8.097382914342674098e+01
-8.593288258853441164e+01
-8.518621164611573704e+01
2.896814185928628049e+01
2.292194251403676120e+01
2.326680312149051844e+01
7.236628495915141679e-01
-8.556338566190241579e+01
6.503898464832874993e+01
6.295115004528381775e+01
6.747320322888971589e+01
-4.221866962692884329e+01
-3.760759833473389335e+01
-4.384821304987458745e+01
-6.201320505256629190e+01
3.060189503864789984e+01
-4.146047351362854982e+01
-5.047583736565078283e+01
-4.684592312562303817e+01
-2.686440286553170154e+01
-3.191122112388213949e+01
-3.330004385688989288e+01
8.389996899733448288e+01
-4.375714854715983648e+01
-4.943375851796467657e+01
-3.815121643270347818e+01
4.260069534865619900e+00
7.226958353552742409e+00
-7.769174803671069185e+01
-8.097984780486071088e+01
-7.781882821485892521e+01
8.606754126024272367e+00
1.450386827763176001e+01
6.056230790030769917e+00
-8.766982212951690201e+01
-8.798222491339552676e+01
1.232464224637577921e+01
-2.714491434400344971e+01
-2.466435882955009973e+01
-1.938714562341866099e+01
-7.990112908321036400e+01
-7.849201445238753649e+01
-1.633244551337265094e+01
-3.790355891802069266e+01
-3.490255668230506103e+01
-4.220559310504705763e+01
-3.563550041555112813e+01
4.334979244143894306e+01
4.595826198492584069e+01
5.378571684780295925e+01
5.302914299776428209e+01
4.491338182696362225e+01
4.014339595553303042e+01
2.603720728989789990e+01
2.098426954413154988e+01
-5.978354202802346151e+01
-5.512754210687469936e+01
-4.601140432360878663e+01
-3.750240198779216172e+01
-3.700207466407852763e+01
8.642735014134001403e+01
8.600530547306320273e+01
-5.768183734759215753e+01
-6.080469218553012212e+01
-5.410375572943498668e+01
-5.814369579531035725e+01
7.686673762120712183e+01
-6.289908548533551880e+01
3.685840609071893681e+01
4.447343086186405259e+01
-6.262837714922771681e+01
-6.518838991474507338e+01
-7.738822063572768251e+00
-1.479448598929412029e+01
-2.190674634827582068e+01
-3.009983749451437873e+01
8.438356429068493014e+01
8.340758298379134317e+01
8.557568846337005652e+01
8.568084188076332453e+01
6.835381265979748378e+01
6.418341382580612731e+01
6.343481807921431681e+01
5.899622511655886115e+01
7.204682554955984131e+01
7.571685751700360356e+01
-1.177248059329131991e+01
-1.611125236384598125e+01
-2.245436715795757010e+01
8.139257154647374648e+01
7.970255120336163657e+01
-2.733278639936278154e+01
7.954813819894569349e+01
7.664132162008058913e+01
7.906720708670320619e+01
8.136415761818108194e+01
7.938792374209378977e+01
7.769081252217304723e+01
8.059290207310374399e+01
8.394672717722770017e+01
3.267671177420538697e+01
2.469412785738624905e+01
-8.311790101891746474e+01
-8.226974937783263897e+01
-8.474585260327222613e+01
6.022103380748745849e+01
6.501374099093926873e+01
5.325353864196529230e+00
-2.914101980845246942e+01
-3.302917645212320963e+01
6.109481663495471793e+01
6.155573536421383096e+01
5.533358068765078741e+01
6.667834714993777823e+01
8.527159983800822829e+01
8.378026093128995910e+01
-7.164593250282928238e+01
-6.861253857081042895e+01
-6.557790052451885288e+01
-4.654137846186245753e+01
-4.933243542049834929e+01
-8.227618495347473981e+01
-7.769467102147655169e+01
-7.793524658976431851e+01
2.646621393692968027e+01
3.642212709407080951e+01
3.018239809937042040e+01
-7.688049585389043727e+01
-7.460595024524016594e+01
-7.357520184569932553e+01
-7.591882399562400963e+01
8.624545888023079954e+01
8.536594558182514447e+01
8.668279045447015108e+01
-7.910539923318094679e+01
-7.772710731594386857e+01
-7.769913397871727057e+01
-7.638070714323113464e+01
3.816213593831650286e+01
3.194058445007820879e+01
3.067189950111018959e+01
3.656209510295160214e+01
4.275872737409377322e+01
8.061671908935818465e+01
1.642898904649290159e+01
1.000791519131090013e+01
6.212779894235168854e+01
5.797719538424823327e+01
5.887504774632161997e+01
5.916672333477786339e+01
5.894897344755933943e+01
6.466578218539243039e+01
-4.403210368857153156e+01
4.569433753383106733e+01
4.535822008407114225e+01
4.676781229321181854e+01
-6.766107840016037756e+01
-7.142091299675250582e+01
-6.742947967937247711e+01
4.726893859869797154e+01
5.472439316737972348e+01
4.831457295626488957e+01
-7.075081620573647001e+01
-6.986783958803444250e+01
-6.695214091348478291e+01
-6.309744144710153080e+01
-7.896429544350975505e+01
8.418537821366939511e+01
-5.673786295403881041e+01
-5.487801741644705800e+01
-5.362646963530453093e+01
5.402517036910026604e+00
-2.252150037683863104e+01
2.279575572361024882e+01
1.478454158980870936e+01
2.593341019877939146e+01
1.393294396987960937e+01
-5.805178524917599248e+01
-5.703372778922968678e+01
8.607277900713545193e+01
8.508080884317043058e+01
-8.259740706001244348e+01
-8.537270968163846874e+01
-8.266338177890270345e+01
-8.370490069964435520e+01
-8.615607185745696484e+01
-3.180169580696538034e+01
-4.230061988461364386e+00
8.441265943990721610e+01
8.631364817659445521e+01
8.570634690997243865e+01
7.244865871398410206e+01
7.563885911845919452e+01
7.343007497406003381e+01
8.422501586282214703e+01
8.254176836243794924e+01
1.677139808593647885e+01
-7.271476026539728821e+01
-7.554584132911989514e+01
6.097540156434212122e+01
5.676363067484331282e+01
5.405603483396531317e+01
-7.386946365828936223e+01
-7.437103471766540963e+01
-4.357041698965910825e+01
-4.636125519279673313e+01
-3.888884233732593287e+01
-5.631662102891638710e+01
4.823060976075961293e+01
5.324466984171432671e+01
4.961038424967763660e+01
4.931000789622198965e+01
4.519268148861542755e+01
2.831853782714753009e+01
2.078389686990917085e+01
2.139276920268846993e+01
2.783087528607282124e+01
3.546985868121932839e+01
-4.581835910631107112e+01
-4.072580461620118797e+01
-2.438817132151746137e+01
-3.153587827971924895e+01
-8.425481164713784210e+01
-8.548152986082816085e+01
-8.442098883737223503e+00
-1.604810794553104003e+01
-1.757928307672187884e+01
7.819906714892768207e+01
-5.938692746702835734e+01
4.604014652454549861e+01
4.112766802058939675e+01
3.743636178415528093e+01
7.902701019308813102e+01
7.693843771294042710e+01
7.745177171535351590e+01
7.522449860227226281e+01
7.495908184413453057e+01
1.578292774083118921e+01
2.250280228473054933e+01
6.197061406439826214e+01
5.775309983826375770e+01
5.561086535495203975e+01
6.703439578203057181e+01
5.894532267634316725e+01
7.409979538567890245e+01
7.847485303329658279e+01
7.488770498996770186e+01
6.804115473988147755e+01
-8.244728922038270014e+01
-8.104066810994665104e+01
-1.521301943821064029e+01
-1.809087329907773167e+01
-1.068060888005866005e+01
-6.122967981814866789e+00
-7.774844349656648035e+01
-7.890531078597382475e+01
-7.775395950922084864e+01
7.371285489223694753e+01
7.113564906591298609e+01
6.919175149508815537e+01
4.303589255104485289e+01
5.151529134328296777e+01
5.003349950751587727e+01
4.770213727198508735e+01
5.577575586013676912e+01
-3.548311086910585033e+01
-4.119300035690746853e+01
-5.812708212794286311e+01
-6.013667524314031709e+01
-5.486507351521350984e+01
1.455465533534968081e+01
5.474227576503683679e+01
5.738399671250910927e+01
6.010697331400385934e+01
-4.767136259402565202e+01
-4.110259143600494980e+01
-4.598033932597010676e+01
-4.282906497467209306e+01
-6.120198582509092233e+01
-6.412917243369987830e+01
-6.771215488702861762e+01
8.116604600925812463e+01
7.984359249833711658e+01
1.497948640896206918e+01
2.296347697644804953e+01
2.338999295416472890e+01
1.620445826781664067e+01
-8.352516422562339926e+01
-4.533553100239699774e+01
-3.614962065085519782e+01
-4.482236429232276720e+01
-5.386666404486189208e+01
-5.917394028052201804e+01
-5.972107395301708266e+01
-7.455914692904319452e+01
-7.404585361906052299e+01
5.397878315781356662e+01
7.567631490491643831e+01
-9.372348545797905217e+00
-7.262121108275296422e+01
2.372088753795161153e+01
3.257528684371654037e+01
2.524782258819168845e+01
3.303856275646776908e+01
2.120547682682910917e+01
1.341192192939024075e+01
-8.603685188292469377e+01
2.807249172720960928e+01
2.829343605080655877e+01
2.741178420214366085e+01
3.321894618070236760e+01
3.286397700737278171e+01
2.649626292678738082e+01
-6.095897184925770773e+01
7.954170425885075701e+01
7.902248446551558914e+01
8.093604791508302299e+01
-7.588678929449581290e+01
-3.424774173966356727e+01
-2.639365098085911043e+01
-3.170550026583730130e+01
-2.150255188088037883e+01
-6.077871696788299261e+01
-5.414146099795826217e+01
8.513602834157985910e+01
8.419791625940695212e+01
-5.129716194715759769e+01
-5.454105332653762161e+01
-5.456442230951751782e+01
-5.969292166367098673e+01
6.328756789785592929e+01
5.887468604153239227e+01
6.631657492435469692e+01
-5.132793474189465854e+01
-5.162097009876151787e+01
7.888152836363491360e+01
-2.781275288324117057e+01
-2.158532224930024057e+01
-3.386304973357844261e+01
-7.554134596506926869e+01
-7.357942342005476632e+01
-3.167546116019707814e+00
-1.083489253565181976e+01
4.489013433830505306e+01
3.819266869778525830e+01
-4.277712936602789284e+01
-4.954704868633520931e+01
-4.233450141391698196e+01
5.672526790599029312e+01
6.302824324537174761e+01
-3.039461290735146903e+01
-3.136474417480838994e+01
7.846909030928482309e+01
5.199515374716060023e+01
3.658377216446052671e+01
3.002359034414486061e+01
3.018247346367367001e+01
7.659612251818667517e+01
7.999659088010859875e+01
7.269914969881908462e+01
7.419297416801917677e+01
-1.157151918839105065e+01
-7.447010906715715350e+01
-7.245899454396206352e+01
-7.550670537542052330e+01
-7.184120441756515163e+01
-8.676552412705545692e+01
-8.717828271571211474e+01
-6.951202592627141996e+01
-7.035261636395465246e+01
-8.328262207667381745e+01
-8.406289595940411630e+01
-3.549138790353835304e+01
-4.297221231406165032e+01
-3.569026168339654248e+01
-4.207371519951202288e+01
-3.494004234998809721e+01
-3.996424499157117793e+01
-4.184937763592426307e+01
8.627334103377117458e+01
8.541200200373698692e+01
8.004458843710060023e+01
2.396554034677334144e+01
3.020556518972151849e+01
3.258165806065760250e+01
1.446132605609309962e+01
1.762676805048781858e+01
2.142684393799412135e+01
2.577508643664641852e+01
2.496480627153603038e+01
-5.083059122217903791e+01
-4.430033714818561918e+01
-4.880835853244460765e+01
-5.485324208196168883e+01
-4.462179901483135325e+01
-4.975999600677508283e+01
5.590915320158821800e+01
5.942783932861109975e+01
5.806906474525639084e+01
6.243345785461772834e+01
-8.695455797837735190e+01
-7.631878792437431969e+01
-8.695406555567369367e+01
-8.297559491012287936e+01
-8.490686931363677559e+01
-1.986295681214236097e+01
-1.905087896244360834e+01
-8.024983246832043449e+00
-1.257737975321430035e+01
-8.360365694572218231e+00
-1.010493349154432963e+01
-5.136142913232458085e+01
5.871686918370883035e+01
5.652310383322134157e+01
6.347716834444941725e+01
7.227289646470831030e+01
5.570058743300460691e+01
-4.782886613911072260e+01
3.151857349538525099e+01
3.569448657004369352e+01
-7.213361871820200122e+01
3.567340920682008143e+00
-7.407503810637186348e+01
-6.385871412230925159e+01
-6.261182280152797830e+01
-6.500434454912792148e+01
-4.400774675207576081e+01
-4.501148817527751334e+01
-5.347991225751471234e+01
-5.521699216152685352e+01
3.673166001571836858e+01
4.252650403908310750e+01
4.160552154666075353e+01
-6.688488711937468167e+01
-7.228547797233713368e+01
-7.971826419611213055e+01
-4.028403232809417744e+01
-3.159682060230785083e+01
-5.138728089232714780e+01
-3.837418966285480337e+01
6.093144022095381196e+00
-4.531082704192436950e+01
-4.163221458386068718e+01
5.853930868697690215e+01
4.878633967130220128e+01
5.015512247848012350e+01
4.202583065287134900e+01
7.312834831878316777e+01
7.103721798446372304e+01
-8.599092385850298115e+01
-6.837873856750513823e+01
-6.952521734739160308e+01
-6.503238793715797783e+01
-8.492962914521649509e+01
4.224827673104655190e+01
-5.665576525819316345e+01
-5.028515855548427282e+01
-4.292342067852113274e+01
3.508270903673882657e+01
6.256295750883737838e+01
6.805667507891374157e+01
-6.147675774182702213e+01
-6.353634506550930894e+01
-5.148558165945963339e+01
-6.499287352173665511e+01
-6.634999920198779932e+01
-6.463855846815775408e+01
-4.622504178124774654e+01
1.634459536471749885e+01
2.540590439287761981e+01
-3.767747013133992340e+01
4.293633344458660872e+01
3.584028441909533313e+01
7.642170840050336267e+01
8.041479343056082030e+01
7.638155793135720728e+01
-1.698972543312941141e+01
-6.271138850718278235e+01
-6.136499502711198772e+01
-5.868930735998340253e+01
6.360888013026404764e+01
-5.712534747639288213e+01
-6.533734718200085467e+01
4.361680865183223688e+01
4.188078015554903999e+01
3.701988957751787268e+01
1.645703267724341146e+01
9.195997921088942206e+00
1.477723700601483969e+01
9.433507819747204426e-01
6.531059392281558296e+00
5.984013951248410734e+01
6.138046275090430726e+01
5.760026868669859113e+01
6.377070969927616773e+01
-7.178173647679527392e+01
6.107126745062505968e+00
5.838388650331351215e+01
5.430595535031002896e+01
6.002510951288761021e+01
3.058405657098667874e+01
3.635256650055740835e+01
6.505510233620178440e+01
5.066192476277493029e+01
-6.487949080278627889e+01
6.527128819191214859e+01
-5.405825275051525125e+01
-6.019050983276154909e+01
-5.945107621479112225e+01
-6.438318282745090926e+01
-6.940455518041940763e+01
-7.512616622180000547e+01
-2.751947670407972879e+01
-3.460355033479284259e+01
-1.733568571545276882e+01
-4.117916172319105783e+01
-5.583751749689863431e+00
7.496340958945796729e+01
-5.423643715822262124e+01
-6.501699560650891385e+01
6.945282478964560369e+01
-6.871076723050148871e+01
6.802799187703277539e+01
5.063795384738747885e+01
-7.295612095999987901e+01
-6.639306917387868623e+01
8.192266404272454849e+01
7.879120922095592050e+01
7.939084551664412004e+01
5.705262039321858936e+01
8.335881921098120984e+00
7.520211903668686659e+01
3.897271955847762115e+01
8.625606514926573709e+01
8.591657790496563507e+01
8.437494084729057420e+01
3.727396071800819044e+01
1.911158389553722969e+01
2.148546487398493099e+01
2.789386041013866091e+01
2.986590900056592091e+01
2.222105402866555934e+01
3.122995175170644089e+01
1.421947148069473066e+01
1.386280342063646920e+01
7.758394569546932296e+00
1.629339738794304893e+01
6.706764539483893373e+01
-3.904067932559981102e+01
1.028008239585313000e+01
-5.286956441168278786e+01
-5.577426855074347856e+01
7.176330793431645816e+01
7.827112390187568280e+01
-5.400371885510993764e+01
-7.381280884603319237e+01
8.129612739227208351e+01
8.023305372222070275e+01
7.894217871519427376e+01
6.371544944515024156e+01
5.727044159995983108e+01
5.955722046936500647e+01
-6.312283939713274350e+01
-6.110566143192235700e+01
-8.010215835637863790e+01
-8.208301599859747455e+01
-7.396477899945661250e+01
4.979227152996527650e+01
-8.677519450555632829e+01
6.430176793612021413e+01
6.825040216530794623e+01
6.415934837472025265e+01
6.998288032919674606e+01
6.460548806774039576e+01
-5.424131768532451758e+01
-5.699047374480870332e+01
-4.860827216499747294e+01
-3.661336692700586326e+01
-4.114211123843997342e+01
5.220384833851920092e+01
5.859938868347845187e+01
8.185769601363655568e+01
8.320305818657696761e+01
8.406821612449159886e+01
8.421291535312809629e+01
6.871065337568559528e+01
-8.574658173761505964e+01
-8.462216778882674362e+01
-4.261023388249059707e+01
-8.588849505655463190e+01
7.672504999800042924e+01
8.656564008385740294e+01
-5.434442121920444890e+01
-5.751113756715312775e+01
8.666704213653249056e+00
1.563183444156599045e+01
-2.899710257742808039e+01
-4.723938462161284946e+01
8.230974873509060785e+01
8.022591764967104666e+01
7.818402590231840144e+00
4.981861542644794838e+01
4.101426399226107833e+01
1.442648200620378951e+01
7.061138669292232350e+01
7.278348252024214560e+01
7.637083787025358106e+01
4.703599831633785300e+01
6.676292777087226682e+01
9.082022853096381354e+00
6.454507823304972192e+01
6.876304158479896955e+01
7.531582757221924851e+01
-9.121884350062574143e+00
-1.701868007072163991e+01
8.126196036006250623e+00
-8.303749215698015007e+01
-8.073123534782138222e+01
-7.922741021991710397e+01
-8.320697018914410137e+01
-7.611628411760081292e+01
6.846266086204863655e+00
5.455377375402022722e+01
-7.698004241846847151e+01
-1.046172479462646088e+01
-3.454033127108502299e+01
-3.674412959489138331e+01
-1.578942403962751051e+01
9.788889905703774375e+00
-8.477216289192855925e+01
-8.287633061418446800e+01
-8.298470570882341235e+01
-8.407823810975580159e+01
8.675523808595795572e+01
8.323913684403996172e+01
8.326487019660028466e+01
-4.078919062864522971e+01
-7.539112861944120425e+01
-7.529996465961116314e+01
-2.336816460666835837e+01
2.496454578932051049e+01
6.983162590821017091e+01
2.953072075791640927e+01
3.811311627816252212e+01
3.488474988644028940e+01
-3.717220395163757019e+01
3.672170212841793102e+01
5.102733620979778806e+01
-1.936446794147193984e+01
-1.596234996274487017e+01
-1.096682795365713048e+01
5.793634506462026224e+01
4.365010200525163242e+01
4.389399359361822661e+01
8.436384659726483903e+01
8.558015406450502383e+01
2.377601131999227135e+01
-6.088317986495852807e+01
-5.874055869356742221e+01
-4.805176685860828201e+01
-5.420359348250374865e+01
2.172620059509896961e+01
8.771953271066441005e+01
2.821103460834904908e+01
4.239133422530544237e+01
7.852097251073548989e+01
7.683985011709818025e+01
-2.049775528244455103e+01
-2.482416482400046931e+01
-6.523504100578416853e+01
-6.044889210216116737e+01
-8.055526307926803042e+01
8.725743007879209756e+01
-1.278694207239938940e+01
7.926479667677791952e+01
2.185595451340579132e+01
5.982011357787987293e+01
6.249491923051105147e+01
-2.274600532724196000e+01
-8.480263280840274831e+01
-8.485184302622326413e+01
-8.319243331056019031e+01
-8.079098022373088384e+01
-8.373092683395211111e+01
8.363581879590881840e+01
6.487316993442452606e+00
-2.593473121273849102e+01
5.957531115797048216e+01
6.161707651902727179e+00
6.989417524432441020e+00
-8.322270289455055092e+01
-2.025012289606111793e+00
-9.153464761510033298e+00
6.454073346760065277e+00
-1.618672043275481087e+00
-8.287783403461840237e+01
-1.744332978467827999e+01
-8.657999512150535537e+00
-6.722041836174692264e+01
-6.699063324724093604e+01
-6.217402050554873227e+01
5.005825540914266014e+01
4.766783587234584729e+01
4.801156292176356999e+01
-5.543276294570666352e+01
-4.827135592564864197e+01
4.111041280782797713e+01
3.957131168606319704e+01
3.012447830528991943e+01
6.888258847873112245e+01
4.380309466860026646e+01
-6.849047467953688795e+01
5.678032321193634857e+01
-8.675172969682863666e+00
-8.746178204863526429e-02
-1.363901361091870079e+01
-3.920398334409912167e+01
-4.006749812206996353e+01
-3.011371967561156993e+01
-3.515879434242675217e+01
2.388432500115336055e+01
3.206341560969339355e+01
2.478249764604356997e+01
4.316462897042195834e+01
-6.739922680730087734e+01
7.345600751384466776e+01
7.492091960496547642e+01
7.299047164868076720e+01
5.443153837162650177e+01
7.516996811608021289e+01
3.728448719802670297e+01
3.647153609565299348e+01
5.120231895987267734e+01
4.847512256732228764e+01
7.777983349449384320e+01
7.846179242485139582e+01
-5.953704043005831892e+00
3.302817428028661340e+01
2.983717533971877955e+01
8.723854314370710483e+01
8.757559210124239257e+01
3.967242631755551940e+01
6.822750098310531541e+01
6.979148890433592101e+01
-8.116948101385341374e+01
5.323881401602171337e+01
5.228123156959750872e+01
-7.332191422579431617e+01
-7.713453976713682891e+01
2.836022338779341823e+01
-2.574600757969074039e+01
-3.561869674939197949e+01
7.134398692795562624e+01
5.209289319495091064e+01
-8.213792373403032343e+01
7.519087500600981855e+01
7.054597698610221812e+01
-8.290475946179179800e+01
-8.373483983995689073e+01
-5.363780798769367664e+01
-4.019126047777743338e+01
-3.219985504039762958e+01
-7.449046628721811203e+01
-2.812210158870680132e+01
-3.219356509709731284e+01
-3.429282421732489894e+01
3.237201394600153748e+01
-1.742398002244365074e+01
-6.954449255474366964e+01
-7.918661715574134519e+01
-7.993525964686757845e+01
-8.244017167196287232e+01
-7.913779489546281809e+01
8.445022755610118281e+00
7.910306165847387661e+00
-6.641642405467705679e+00
-6.355212910458686792e+01
4.907128429495274702e+01
5.235705140544308733e+01
4.815891548634429142e+01
3.426620684361815705e+01
3.040219890058731878e+01
2.920773511525209898e+01
7.651401607428618945e+01
7.937391473528016661e+01
7.633166736193032875e+01
6.614023267262821548e+01
6.877580462600589328e+01
4.334754561018044683e+01
4.111421714709492647e+01
-2.319208725921932057e+01
3.386457654658069316e+01
7.232465702194651236e+00
4.084280021923665061e+01
1.430164459275376920e+01
6.224652241130129227e+01
7.612151275144412921e+01
3.919807215330786221e+01
8.395860644170539899e+01
-7.902305870274439314e+01
-1.411353291200063964e+01
-2.378220836876232980e+01
7.817287122480867367e+01
8.078952445957426676e+01
-8.101652711384579675e+01
4.280028496480520772e+01
-7.753685855789406389e+01
7.971742752086711903e+01
-9.127920034652140302e+00
-1.423753608222276057e+01
-5.485152956761650600e+00
7.248048547404503772e+00
1.390017187571467083e+01
8.227704392751745388e+01
-4.547638013965939763e+01
8.285012789106251319e+01
6.404157431970669734e+01
-6.662226887908207118e+01
-6.509867456532846575e+01
8.224200870915319683e+01
-5.119337714481712709e+01
-4.685421004542074996e+01
8.561383669343037184e+01
5.457582976849128187e+01
6.504697318811795981e+01
-1.989091140039831984e+01
-3.973610647050755063e+01
-3.677509087880135041e+01
-4.708726192537110222e+01
2.844493548088908952e+01
2.075870355169395154e+01
2.588230901776655912e+01
2.274764077383888150e+01
5.571333943864973293e+01
6.869831052099880253e+01
-5.114191087096663324e+01
-5.762583852613879287e+01
-7.455744908799135828e+01
-8.114002602837746281e+01
4.895623292313037922e+01
3.214281960307709340e+01
-4.885117804094537775e+01
-5.115390711603180307e+01
2.713063244423080889e+01
-7.805914910131275519e+01
2.390127999426388072e+01
8.141523306164097562e+01
-8.754939466896264832e+01
-1.809726428031051881e+01
-1.031724075462087065e+01
-1.577273762605543972e+01
5.506201494855238110e+01
7.997787790964459020e+01
2.387825173837730119e+01
2.978023448224282177e+01
1.658493841323436158e+01
1.873401236767573153e+01
1.994279128009441138e+01
-5.811740650713468881e+01
1.357423037651090070e+01
1.858250754202521904e+01
-6.169848618167908683e+01
-5.824926892609526163e+01
-5.445103745445204879e+01
-8.423254929836895144e+01
7.198475277113726634e+01
7.243669045594668887e+01
-7.844771635968747603e+01
8.219589688492932567e+01
5.431926557091613716e+01
2.287166648963949100e+01
-1.617547043305327037e+01
8.387655204511272444e+00
7.203293359352275438e+00
-7.478515943400472565e+01
-6.751829668466753276e+01
8.682333978174312961e+01
2.272191641662969985e+01
1.618295700845217056e+01
1.426157881756597057e+01
-2.996802962704500928e+01
-2.810864430759026078e+01
-2.094524080360783103e+01
-2.462318362568624863e+01
4.219127737925195731e+01
-3.200633441443653737e+01
-2.702185748986159908e+01
-2.650546191603677926e+01
-5.625662061321551022e+01
-5.451785225596940876e+01
-7.704731695836731831e+01
3.386046182630916235e+01
-5.699285759231720760e+01
-4.271675821056400224e+01
-4.716725310244658687e+01
7.433609549703675157e+01
1.373934830911882976e+01
-6.617857590692337055e+01
5.931494477967761725e+01
-4.292674908565466296e+01
-3.451798584325538855e+01
2.100638948702954067e+01
-2.100166715237081050e+01
-2.941870725016125121e+01
1.912328321906919015e+01
-3.543877360336883697e+01
-8.029399217564275659e+00
-7.640685221737226129e+01
6.430959508734673591e+01
5.590740083399521154e+01
6.481951528552524167e+01
2.691016044751266101e+00
2.768107240623266918e+01
8.741291483717013477e+00
7.300451799731983726e+01
-2.346289910459600137e+01
-6.348553775669009269e+01
-6.334847365600140279e+01
-3.597438957244484925e+01
-2.963505354848560103e+01
-3.636710110326421841e+01
8.175514294872847643e+01
-6.613090523928850928e+01
2.636074268224242090e+01
-4.417963932722518194e+01
1.082162579694299964e+01
7.055380192285637975e+01
1.542803593357120029e+01
-7.368052177263872693e+01
7.668364964713904897e+01
3.432240807914389791e+01
3.412030601061781709e+01
7.509956147105741309e+01
2.009383037840049013e+01
-1.755153021442187011e+01
-8.641728422422264799e+00
3.081094682569052168e+01
-7.251947373539874775e+01
8.678992858496752660e+01
-8.766990057108134238e+01
-8.737028526541519113e+01
-6.999064359642612487e+01
-5.046120604060227777e+01
-1.355094257118044965e+01
-1.279090464445807918e+01
-8.392262477170177704e+01
-6.360852015766869094e+00
2.754500405690583875e+01
-8.490956128862431740e+01
6.628422324959752920e+00
1.879926323511714159e+01
7.105952317392285522e+01
7.118708144168375895e+01
-1.405876990081982925e+01
-6.948162645674582194e+00
-1.613664056069417896e+01
-1.725982695303616055e+01
4.374689540811272082e+01
1.755192502391643927e+01
-8.167863978784568246e+01
1.388239015922689923e+01
-3.322052770530451227e+01
6.076474461751705292e+01
8.568315824467134689e+01
5.355146976226657785e+01
2.316801669491824001e+01
-4.547890592002954868e+00
1.178482424118245930e+01
-3.960736405937762328e+01
-4.232955531728745768e+01
4.753093183882037209e+01
-7.718069294280618919e+01
-8.907151287621870139e+00
-6.779920913322529330e+00
7.988863199504904422e+00
-2.125452455398711038e+01
-1.463346008242404928e+01
1.273540937797248063e+01
3.229988321791270778e+01
2.261517332610038977e+01
3.075138127977031033e+01
-2.672319146989200078e+01
-2.348718345519865025e+01
-1.474654286561226080e+01
-2.066364971525221961e+01
-1.197190067577379935e+01
1.750697113539577998e+01
6.291894155599378280e+01
7.958608749360364243e+01
6.552024649578130777e+01
6.334951379910896918e+01
-8.027035490455814681e+01
-3.732436630024962909e+01
6.914323680988071885e+01
-8.533007354581266668e+01
7.815870976257079050e+00
1.621214480075342124e+01
9.636139213415935600e+00
1.612869377000818005e+01
3.937136615559292352e+01
1.272861366920148996e+01
5.665845790016241779e+01
-7.136291185160422401e+01
-1.474093692339815043e+01
6.071365877143075096e+01
7.128557001864262332e+00
-2.073229613328462051e+01
6.993554499288680404e+01
8.589503804179989288e+01
5.291945626432369210e+01
-4.211243268397058159e+01
-1.219842504751025913e+01
5.672227189165266736e+01
5.282843338420381230e+01
-2.304556396431608079e+01
-6.583774433485552890e+01
-2.725530587065027177e+01
-1.935170818970274098e+01
8.677443436699503820e+01
-1.534925387178549983e+01
1.309031917164237946e+01
-3.119672040691882131e+01
-3.457679892503848151e+01
5.680445482065731255e+01
6.806073517071422430e+01
-4.669236048451750065e+01
-8.752576097800829302e+01
-2.161309433733356045e+01
-1.619488325200704892e+01
-2.398194181554604043e+01
-1.329907419554847081e+01
-1.507223084753023912e+01
2.359604398947148951e+01
3.647008927199585315e+01
6.751127538048561405e+01
-1.674972034386264141e+01
8.099109200440773648e+00
-7.844844261212787728e+01
3.594394316673964340e+01
3.147992835214705920e+01
-6.499262458443433843e+01
-2.116246785371151873e+01
-4.728743952233998726e+01
-4.223523784469328746e+01
-7.835952326354624908e+00
-2.588728067023289015e+01
-4.120456102196161652e+01
1.916456357910266917e+01
8.264549352061158061e+01
-7.706143672076788675e+01
-2.710956998000298057e+01
-2.823810059332476996e+01
8.394251039386171342e+00
-8.677870893124961071e+01
7.213460449054259982e+01
7.896543568842065497e+01
7.772639032579849072e+01
-3.643064140599364009e+01
1.118031026649127035e+01
6.117920356508201429e+00
1.526264856431543926e+01
-2.089364733533765062e+01
-1.518877224299028050e+01
-2.749073156035661825e+01
-8.048500069650712874e+01
5.848495008674622575e+00
-1.632688353421140093e+01
-7.109624150849971613e+01
-5.687540584534212407e+00
-8.583558908953456523e+00
-7.608227114638555122e+01
-3.310157436693054223e+01
-1.192923383600878928e+01
-2.476438209637903043e+01
-7.692095778195287892e+00
-2.011192589539426123e+01
-2.569340042342172126e+01
-6.105482251174885988e+01
8.359378036522738853e+01
8.308443322415312693e+00
-2.792377191111831891e+01
6.584483574320076116e+01
-9.592663593860423887e+00
