8.800000000000000000e+01
-8.800000000000000000e+01
-8.793170672440191993e+01
-8.772656012277425930e+01
-8.738375495336293852e+01
-8.690193226250119096e+01
-8.627915313775143602e+01
-8.551286076119868085e+01
-8.459982825346121160e+01
-8.353609068020320194e+01
-8.231685726174650597e+01
-8.093639944207966153e+01
-7.938790843193844182e+01
-7.766331390443507132e+01
-7.575305174395620611e+01
-7.364576378759635134e+01
-7.132790967467646226e+01
-6.878325135472471175e+01
-6.599216809663619188e+01
-6.293073314475891067e+01
-5.956943758083706797e+01
-5.587142430757089784e+01
-5.178998729413788737e+01
-4.726503688951257232e+01
-4.221815784215675649e+01
-3.654621850288882712e+01
-3.011509032021590926e+01
-2.276294029954630105e+01
-1.434864883476872066e+01
-4.932310273507336085e+00
4.932310273507585663e+00
1.434864883476890007e+01
2.276294029954648934e+01
3.011509032021609045e+01
3.654621850288909002e+01
4.221815784215699807e+01
4.726503688951260074e+01
5.178998729413790159e+01
5.587142430757104705e+01
5.956943758083710350e+01
6.293073314475910252e+01
6.599216809663616345e+01
6.878325135472479701e+01
7.132790967467646226e+01
7.364576378759645081e+01
7.575305174395630559e+01
7.766331390443515659e+01
7.938790843193847024e+01
8.093639944207968995e+01
8.231685726174653439e+01
8.353609068020324457e+01
8.459982825346124002e+01
8.551286076119872348e+01
8.627915313775145023e+01
8.690193226250121938e+01
8.738375495336296694e+01
8.772656012277427351e+01
8.793170672440191993e+01
-8.755490910805363569e+01
-8.783800358168934963e+01
-8.789383871444718466e+01
8.796958324811930652e+01
8.779894137548522792e+01
8.775829821080762372e+01
3.923882984842734345e+01
3.440405082997887831e+01
4.389184734816058153e+01
3.317665903786632953e+01
1.254523484058966964e+01
4.561418745598945002e+00
6.460522435041037959e+00
7.715094338641890204e+00
-2.508427098658501997e+00
3.370410109588398040e+00
5.380023940999870291e+01
4.904409768043768025e+01
5.596183559535445795e+01
4.828168584393051788e+01
-8.295413595988036093e+01
-8.476294254730571254e+01
-8.427458410430514846e+01
-7.268281230187255915e+01
-7.421176572701030238e+01
-7.080344864402916016e+01
-7.177539241982310614e+01
-7.053202692326408396e+01
-7.393104949951930394e+01
-7.297597195123734082e+01
-7.117985003673939559e+01
8.787693572788721497e+01
8.778234013276262715e+01
8.728545809257877863e+01
8.737131383022449427e+01
8.681462274147659741e+01
5.967226762134699669e+01
6.300288057324635815e+01
6.087330419590598751e+01
-4.655042669016140167e+00
8.783580150184815238e+01
-5.244841144973211300e+01
-5.639230228385206090e+01
-5.764905212826719350e+01
-6.114132507858536769e+01
-7.387319299422314600e+01
-7.229500123353503227e+01
-7.185746523576287359e+01
-7.534652441282673863e+01
-8.759258436295662875e+01
-8.788634075060440409e+01
-3.362086660188357001e+01
-3.547751667363999672e+01
-2.796941605764040872e+01
-2.710120951964194091e+01
8.747312269521107453e+01
8.738451421961707410e+01
8.681740986373417002e+01
-6.581657761084089486e+01
-6.521695332382934396e+01
-6.020267177947643944e+01
-3.866814426563946938e+01
-3.916042954580139934e+01
-4.557014843422211214e+01
-4.349691630889150673e+01
5.616508715506866167e+01
6.014387476730031068e+01
5.555905323324297029e+01
6.054887973692184744e+01
-4.516125428788983243e+01
-4.653163763342620740e+01
-4.166329435012283255e+01
4.999643801819073019e+01
4.321687673987720046e+01
4.450877346981862814e+01
5.055420380207704056e+01
5.593443599396609756e+01
5.401911317461364348e+01
5.231041395495107338e+01
4.932601004240208198e+01
5.675211633181140058e+01
3.871540433607457032e+00
-2.259247061576561855e+00
6.979368601820800322e+00
-5.377056474488585991e+01
-5.111266709089265703e+01
-4.564634885841498857e+01
-4.548596707639691061e+01
5.379187406683645811e+00
-5.383143006415750875e+01
-5.011271664272828730e+01
-4.768186316964332150e+01
-4.406550673754299652e+01
2.396151552427549092e+01
2.641388842583727836e+01
3.115969132445031065e+01
3.367018344018345033e+01
5.683647759728476245e+01
5.402125648870770647e+01
5.812745058876878801e+01
-5.778189778623858786e+01
-5.731049944907864102e+01
-5.398182467343305291e+01
-5.299406318126055027e+01
-2.480953557819734101e+01
-2.380179256833055135e+01
-3.018833011360448992e+01
8.665458306491925100e+01
-3.859329798801560685e+01
-3.346984364391376232e+01
-3.619675174604836343e+01
-4.539763476570233713e+00
4.055219500629939411e+00
4.683142648980794576e+00
-5.530280237603752980e-01
1.377170311791977930e+01
3.013189222439501158e+00
7.729783353311121097e+00
1.289582171195837956e+00
-4.701948964762567407e+00
-6.450140473835825894e+00
-1.218681938451964086e+01
-2.559830638011969128e+01
-2.774344155773557929e+01
-2.117114012906190013e+01
-2.926234265701086912e+01
4.489849591039430265e+01
3.908181177798098105e+01
4.361248914702014190e+01
-8.069085008186945629e+01
-7.957910764095990430e+01
-7.651703756359599140e+01
-7.742425923529408749e+01
3.656609059375106341e+01
-3.037578119095838147e+01
-3.634111303645205737e+01
5.075545757130496050e+00
-2.546374981781659996e-01
-2.874299124490122814e+00
6.194521024117786823e+01
6.463644318392572075e+01
6.096685997668423340e+01
-6.506478406147428117e+00
-4.560731282288220889e+00
3.048918062319517119e+00
3.570872645203890983e+01
2.992115110587085880e+01
3.632025709158509130e+01
3.099735345656306862e+01
8.473571071203195970e+01
8.482679396842698338e+01
8.620853486179981928e+01
-8.662237321752927244e+01
-8.676719965623780695e+01
-8.507187981686304568e+01
8.276888421414189168e+01
3.704519344764020161e+01
3.240369666554934724e+01
3.839623723132832822e+01
3.310124610946571266e+01
-6.971156706382818413e+01
-6.667679268359957234e+01
-6.636840756579489664e+01
4.219784913933359149e+01
3.801497189441356284e+01
4.129533104816290745e+01
-7.045686440144957885e+01
-6.727058561353658206e+01
8.636791732433094637e+01
8.536309998401878829e+01
8.605028231855624199e+01
1.034192597370408961e+01
6.860742820605917558e+00
2.856565854065393206e-01
-1.480899338021453904e+00
3.386549866147922927e+01
2.965682311693511863e+01
2.740785183761478905e+01
3.532550691003150689e+01
2.495751287553864017e+01
3.238041972118526246e+01
3.100100736926967926e+01
8.860240838536052266e+00
1.340009572324306930e+01
1.879513348362322844e+01
-3.041556879533301938e+01
-2.727332894175577138e+01
-2.431461416980378942e+01
2.239385958246258923e+01
1.050541247396970057e+01
4.411010929240403833e+00
1.463345585453748043e+01
1.785914772398427175e+01
2.361804594147051972e+01
2.177571093223432896e+01
-5.446370516541478679e+01
-5.365412508569271921e+01
-5.826292825682912735e+01
1.848206302837504111e+01
-4.524267915650440841e+00
-8.669042359390024899e+01
-8.734591070186658612e+01
-1.974381962436521931e+01
-1.704682639022585988e+01
1.466024280550005976e+01
6.217550908382754926e+00
-8.440341088407489423e+00
-8.842045826319967716e+00
-1.360018652543472939e+01
-4.351298157252134047e+01
-4.735395766927271666e+01
-4.592429696739397116e+01
-4.335599985180291327e+01
-1.887114220859116953e+00
5.817232891859762134e+01
5.425910454877796951e+01
-6.130259995882870783e+01
-6.505661813815321182e+01
-6.098145775706854721e+01
-6.463126058285196507e+01
-8.330535836325081789e+01
-8.482929671645580072e+01
-6.062589853379896709e+01
-4.775094050194500284e+01
-4.313399508351812273e+01
-4.899822952435962975e+01
-2.689955938052800022e+01
-3.463416086696530982e+01
-2.770934694705519874e+01
-3.183717737552357008e+01
2.846466785479922024e+01
2.592593352633065962e+01
9.876397150531545321e+00
1.749682599195570987e+01
1.140391311683448983e+01
-4.998464855267017271e+01
-4.238180782258484669e+01
-4.984163707820093236e+01
-4.318658643933469676e+01
6.844364774379594962e+01
6.982759899259748693e+01
7.147365421557671539e+01
6.663133212953944451e+01
1.631279437952787958e+01
1.155736023544909941e+01
9.662282856081720439e+00
1.477117352408346029e+01
3.209817161930403273e+01
2.741450742465233148e+01
2.847326475003361068e+01
-1.532567111911036051e+01
-1.189746734657489036e+01
-5.778003368121307659e+00
-3.666368785515794038e+00
3.061377189620504069e+01
8.550888130540067777e+01
1.254202625023668993e+01
8.470290114751659161e+00
7.004367110740211899e+01
6.784360572288346702e+01
-5.785670727625670651e+01
-6.440953250662386154e+01
-6.026770147482046269e+01
-5.963147251290030226e+01
-6.217341998779530421e+00
-7.593882224904201506e-01
-7.877996276151156607e+00
3.806463769835028099e+00
-2.997240086287365912e+01
-3.855577939214403926e+01
-3.254783194755442111e+01
-3.750893463921457283e+01
1.074167894266119028e+01
1.155392414533453982e+00
7.164070168079945233e+00
1.014275051140987038e+01
-2.209202927628250990e+01
-2.144316880835453887e+01
-2.837449046566202071e+01
-1.531430217394625970e+01
4.869273644503375209e+01
5.326818704507581259e+01
4.936644841548829987e+01
5.175093811509916009e+01
1.587175243064834973e+01
2.423811441634220998e+01
2.365153628029538879e+01
-4.902206660005199979e+01
-4.412780344895774221e+01
8.329626921968841913e+00
1.642910359898624106e+00
-6.856255786679035680e+01
-6.880575037499025370e+01
-6.408379358644810964e+01
-6.664659516566484854e+01
-6.084447223377338076e+01
-8.743068137871985357e+01
-8.789595822878638387e+01
-8.753307861480678298e+01
5.937957185762321188e+01
7.808257910122571843e+01
7.679160980454571472e+01
8.003948685538459529e+01
7.844753273972469287e+01
-2.764184316426375077e+01
-3.629159544979020779e+01
-2.827536281048991995e+01
-3.618957170764844733e+01
-4.213017219564783744e+01
-3.760772322909473786e+01
-4.477509424772247115e+01
-3.501109769209455180e+01
-3.327499740135875328e+01
-2.682808214691049997e+01
-3.993963566056505243e+01
-3.533089385227828672e+01
2.527626403232573082e+01
3.211758014036549724e+01
2.797912946879080920e+01
2.441068795015593906e+01
1.598706124660970929e+01
2.295941084595833104e+01
3.128665874454759077e+01
3.005334745142299013e+01
4.996418350121555108e+01
4.755413267851133696e+01
4.183963166446803683e+01
4.157306082072056341e+01
4.576200274040712657e+01
-7.823341478946503003e+01
-7.617870420710166002e+01
-7.771485131689510695e+01
5.327541646239218665e+01
-6.097296899788855740e+01
-5.591057291211379976e+01
-5.794681619538206263e+01
-6.143553554354966906e+01
1.944844599668441987e+01
1.392919680966316065e+01
2.410868897539537059e+01
2.821385377274210882e+01
3.332996064371702261e+01
-4.027692104572064125e+01
-3.581727212538095984e+01
-4.429624336451941247e+01
-3.516530690536175285e+01
-4.351384476007360291e+01
3.206818954575219038e+01
4.044093995060328695e+01
3.519258163231680214e+01
-8.616505657872737345e+01
-8.389146350974500876e+01
3.347255973036490673e+01
3.938606145710127748e+01
4.076134880005942307e+01
3.247041250281755254e+01
-1.290905374349678958e+01
-4.162153648838852860e+00
-7.997684285890065858e+00
-4.495323513493379863e+01
-4.917166088515376288e+01
-4.544277545405647345e+01
2.693797136430142913e+01
3.398885185708780199e+01
3.352638683914091899e+01
4.011777320174331862e+01
3.238665379980872672e+01
2.576220879214510973e+01
2.726119681227882907e+01
3.136140107301066138e+01
-8.221496410118712106e+01
-8.352161114970110134e+01
-8.456792011607586801e+01
4.224239119544454724e+01
-7.691164935504274069e+01
-7.847811167155634848e+01
-8.081999906164500658e+01
-8.117750666250107372e+01
-5.902147004876609060e+01
-5.068414495961778243e+01
-5.263886517810365717e+01
-5.737202212388770306e+01
-5.179806487232055190e+01
-4.594490527870250673e+01
-4.613572165400196212e+01
-5.280755485179570741e+01
-5.670409827473461917e+01
8.261453735883929994e+01
8.084139104751372429e+01
8.113799325220088576e+01
6.853996381494744128e+01
6.751239234989817817e+01
7.184813932906422451e+01
8.141352742415872967e+01
-5.359478275907856215e+01
-6.069952152517920752e+01
-6.155564489027347719e+01
-4.458054705350362923e+01
-4.665043723181022983e+01
8.121198952056552400e+01
8.039377992202122414e+01
7.998810573763266518e+01
7.938022093894363707e+01
6.406488588417353469e+01
8.477297265607312227e+01
8.358977714480325005e+01
8.115520343421749772e+01
6.278599819841245733e+01
7.308811651093355977e+01
7.015026769259530681e+01
-4.457648133477572827e+01
-4.716565617566445923e+01
-5.292233390175285024e+01
-5.462583916100702197e+01
-6.458261357235609523e+01
-6.878219473858973743e+01
-6.667519908827212305e+01
7.296068979820131517e+01
6.933939342899276426e+01
7.083740910865068940e+01
6.744017474575960591e+01
2.593625485605326020e+01
3.544911060542695935e+01
-1.591643770445974049e+01
-9.819132237172306432e+00
-8.891176735567450251e+00
-1.413728416071366034e+01
3.782803412288502898e+01
4.530700721903979655e+01
-5.097670446100300978e+01
-5.885200573646382338e+01
-5.637999241591244015e+01
4.148884851627398973e+01
4.783920546343024682e+01
4.881251601789183070e+01
5.350677884094258729e+01
5.645297519367682781e+01
1.647771370401563962e+00
-4.480515554276151668e+00
-7.736452277514118236e+00
3.482403419036280035e+00
3.248850130009601855e+01
2.562994208150475117e+01
2.459189453388485092e+01
3.732510273484457031e+01
3.074949266804846104e+01
-5.019737704144875323e+01
-4.310008816479636806e+01
-3.747806554176749216e+01
-3.533642051933812667e+01
-3.829620218585630198e+01
-2.838628801417065972e+01
-3.311515919159256072e+01
-3.749983763020235017e+01
-3.009045045118503126e+01
1.230716023791362979e+01
1.876012625401591905e+01
1.040165545833676930e+01
1.683068367868227000e+01
2.375270683315353892e+01
5.445963105558980288e+01
5.046993276112051774e+01
5.594505740624401824e+01
5.819640011906685828e+01
5.130506493135319346e+01
-5.793355810049155252e+01
-5.770381918015137757e+01
-6.152916286175965155e+01
5.739019646615862769e+01
6.063981116484853118e+01
5.665361947445563118e+01
-7.613534963942497313e+01
-7.630739418381794792e+01
-7.818331232849692469e+01
8.711717560925639248e+01
3.569201432920476691e+01
3.809873867983034756e+01
4.248786168910120864e+01
1.969504026837250876e+01
2.667027672392066151e+01
1.873194420508530911e+01
3.951054520223276967e+01
3.377458453568797836e+01
-3.263847977287807112e+01
3.037903730610302944e+00
-1.757670701372808963e+01
-2.579918608813386172e+01
-1.918472723803192892e+01
4.977912377893156304e+01
4.575818274881255121e+01
4.562523219273977304e+01
-3.127402015033727878e+01
4.159879281479314272e+01
-4.434496296458072351e+01
-3.825271669513708162e+01
-4.504591787667995106e+01
5.753107531863057034e+01
5.268746812021935710e+01
5.820603431154066953e+01
5.165912770835561219e+01
3.381213939360988263e+01
3.469008318477075647e+01
2.650829973893253921e+01
2.667996521192103998e+01
-6.036883058243157762e+01
-6.461500914182383326e+01
-5.839639751389344724e+01
-6.248876993202632235e+01
4.323922813568844958e+01
4.760831659204453814e+01
-6.915722052911580420e+01
-6.748474997901465144e+01
-6.871870973230718960e+01
-8.672930134928448354e+01
-8.721860275761541459e+01
-8.671693824601970846e+01
8.502702791601616639e+01
8.557157438252710335e+01
-8.671279290784592320e+01
-3.982019206847500925e+01
-3.995518687301662908e+01
-4.753759887408993734e+01
-4.394369608505554936e+01
-3.974057457082267319e+01
-3.478499622651762024e+01
-4.404746802156717678e+01
-3.799828073114222349e+01
-8.027828572425963216e+01
-7.876554612055370796e+01
-7.899521132165415338e+01
-7.900955859972221162e+01
5.089822444537289670e+01
4.930012291635387101e+01
4.294076141362136667e+01
4.246582127202611190e+01
-4.517193366425812684e+01
-5.145310518578335035e+01
-4.916460761865788243e+01
5.861933991393227217e+01
5.363287563413413750e+01
5.112536123235226881e+01
5.898891969218105658e+01
6.262467229135484814e+01
6.392385659003534215e+01
5.920448586394199708e+01
6.646285064448585445e+01
4.248965334456035237e+01
3.506545315615704084e+01
4.470438303796994006e+01
3.722398547884395725e+01
1.994796350131137075e+01
1.230616790536162064e+01
1.218670655372521061e+01
2.210092329760032825e+01
-4.682762282746760718e+01
-3.601365067461792080e+01
-4.775297060243264724e+01
-4.164896987361377256e+01
-5.049862924731777269e+01
-4.173180248049114027e+01
-1.608394895859888152e+01
-2.280367061664635031e+01
-1.925808202963970928e+01
-2.553635499731025860e+01
-7.905169047912575309e+01
-8.163261238647969265e+01
6.561053756538133541e+01
6.441184996665241158e+01
7.043728532261063435e+01
6.991871044717971984e+01
3.030044200911063967e+01
2.032342875457493037e+01
2.889066885199272150e+01
2.072589046854564998e+01
2.207653297990205132e+01
1.721042756390585993e+01
-4.670203469438145305e+01
-4.206338660354079195e+01
-5.112459537916601704e+01
-4.536814861575511770e+01
-1.698488008381778158e+01
-1.617171679929722927e+01
-8.088690078813796092e+00
8.539978937284527660e+01
8.399900159275919975e+01
1.793557328429127962e+00
-6.661855198330391969e-01
8.449651313213796300e+01
8.492454026990110094e+01
8.382923937196095210e+01
8.397011572408295876e+01
-3.803345014715755035e+00
-1.203081969824521025e+01
-5.577545950407552411e+00
-1.069223148845363980e+01
6.372558311763773276e+01
-1.953502922052821944e+01
-2.408564753894765076e+01
6.596057566720020304e+01
6.321541429192694750e+01
5.940158910827136651e+01
5.727444086852746352e+01
5.136056661806750157e+01
5.273846328186645849e+01
-3.067258896115972888e+01
-2.503317350119388962e+01
-3.295017166961842747e+01
-2.263073877706356996e+01
-1.569005794731972969e+01
-5.340284685257913821e+01
-5.742831239341438021e+01
-5.683765938380165039e+01
-5.314820764288707977e+01
5.061351855536725708e+01
5.454729938405932899e+01
4.756529411326056334e+01
5.662296849292823708e+01
5.408799613699216025e+01
5.389208977325702676e+01
4.562668643427608828e+01
5.947490898615036770e+01
4.766764740682383206e+01
7.301693670077119691e+01
6.940884594160988286e+01
6.936414070608240934e+01
6.688284490879740929e+01
6.774205396273718804e+01
6.435780108516817677e+01
6.357758203198736169e+01
6.544761024458237841e+01
-8.742111467319494977e+01
5.556685678325781907e+01
6.145480197780681664e+01
5.832048837869122337e+01
-5.885363856241087177e+01
-5.954959715939032350e+01
-5.672849376118021780e+01
-6.203047388507881976e+01
-2.094202911859672156e+01
-1.447207939294652057e+01
-2.026041644704316980e+01
-1.197163664367841029e+01
-4.269934864518464224e+01
-4.905159032534204755e+01
-5.143778520783992292e+01
-4.187693416697810989e+01
-4.685465389472530262e+01
1.194827300486437949e+01
1.435478779943800021e+01
8.875222643214177864e+00
1.105388120221232029e+01
1.735074039684560177e+01
2.885510625034046939e+01
-6.604814436956822021e+01
-6.229999318574831335e+01
-6.475403098677314517e+01
-6.149885656495077768e+01
-6.353632116561774978e+01
-6.043953565748645218e+01
7.887346948509956235e+01
7.957704808514714045e+01
8.074419068960700940e+01
-6.498927955276143109e+01
-6.910290287959250577e+01
-7.086827659476394103e+01
-6.900364268458770312e+01
-7.018054861229299490e+01
-6.085555712161235675e+01
-6.410209577888632282e+01
7.735683477323594559e+01
7.599509476047704482e+01
7.594895674334891567e+01
7.433075572924687435e+01
1.713907876711209965e+01
1.939965456721498072e+01
1.102248901267294023e+01
2.653734918914789986e+01
-2.111342933059242100e+01
-1.907141263786898833e+01
-2.775015307951834131e+01
-2.726484468719693055e+01
-7.848547002251928006e+01
-8.022130385752706161e+01
-7.583591590474397037e+01
-7.730335526848200800e+01
-7.389097587892439378e+01
3.615607170876079124e+01
4.348954821139720650e+01
3.802798282400515717e+01
7.150381674077812022e+01
7.030417753927061142e+01
7.451170920221372285e+01
7.522695411844981095e+01
4.094847726675102706e+01
4.687029291126317077e+01
3.665987659462191317e+01
3.557358946215664730e+01
3.111327174016841823e+01
4.186797096265684104e+01
4.457513737443576929e+01
4.144108558417106281e+01
4.753108070831230236e+01
2.964730206777576882e+01
2.920398592315262931e+01
4.240497209438302662e+01
4.883929674339481153e+01
4.066489281629547747e+01
3.658554316852198696e+01
-7.843685817851431352e+01
-7.922522506105141815e+01
-8.192565391487225668e+01
-8.199610330013979365e+01
-7.732846973759207287e+01
-7.888639444709097859e+01
-7.468625300627493857e+01
-1.359646856713234975e+01
-4.838923292588060754e+00
-8.422310762246873139e+00
-1.158590379952388005e+01
-7.919351275278192759e+01
3.512939669337979076e+00
-2.283640024707056959e+00
6.141924017220699739e+01
5.596451825010616687e+01
5.969450022675808043e+01
4.534411650269716709e+00
1.321248004771251061e+01
7.116818684843186915e+00
1.099851251022261955e+01
-8.601785024124718859e+01
-8.533720068640560896e+01
-8.527821153539591137e+01
-8.610363518734202160e+01
-8.193259315332767301e+01
7.552482684103932797e+01
7.607876877691845152e+01
7.772099302064690107e+01
-7.718663198316441765e+01
4.800867599608668002e+01
5.222036294661929645e+01
4.407080093307664725e+01
3.998800581913766905e+01
4.928151226572545340e+01
2.345674953611858982e+01
2.273676640904681889e+01
1.693804402496883910e+01
8.804280010183177296e+00
1.615726894674951097e+01
1.036887740973742034e+01
-2.685123102559257902e+01
-3.257239232919293670e+01
-2.248286915891828031e+01
-2.232030602756546855e+01
2.282194999891375176e+01
1.825106945142290016e+01
6.677794796706406544e+01
6.287630860667528765e+01
6.237922823921900317e+01
6.506078882669635277e+01
-6.874904831869588406e+01
-6.508679029167267061e+01
-6.386441771954719826e+01
-6.803682932725676835e+01
-7.150628680981935759e+01
5.338809312863382672e+01
-6.678822406889919705e+01
-1.157535177555488914e+01
-2.128478056512200922e+01
-1.213049724063334978e+01
2.393193562132107033e+01
3.155083021237287966e+01
2.541329999490578118e+01
-4.076150098114470666e+01
-4.532661721326513771e+01
-4.842273029559599706e+01
-3.819856942493918694e+01
-4.046534211775327350e+01
-4.181982837720646273e+01
-5.065308748688099882e+01
-4.599516792166095058e+01
-4.980032850552390755e+01
-4.272684609074021722e+01
-1.666817026160459037e+01
-1.325898162905327915e+01
2.411428457194181973e+01
1.833114644333220866e+01
1.851923304972278927e+01
2.542377052216335898e+01
2.717109430879035159e+01
3.376719970624184697e+01
7.149067085142183942e+01
-8.718195263602588341e+01
4.760896280411854065e+01
5.802763766777641763e+01
-6.652025644623536493e+01
-6.711531959525186153e+01
-6.495526794380698732e+01
-7.733701461818164979e+00
-9.219670158145577332e+00
3.657595795343286937e-01
-1.698532671613703915e+00
5.427000789724387175e+01
6.824957455075190182e+01
7.107858257752467068e+01
7.000066211113245629e+01
-7.243104271615217726e+01
3.864770846916520242e+01
4.598144173605525964e+01
3.875114826204575280e+01
-7.970500165209850252e+01
4.378256494790924336e+01
-6.954988202126742181e+01
-4.931504163263409168e+01
-4.374887867079595338e+01
-4.692355288686331249e+01
-3.920785174694432840e+01
-4.058659461676626279e+01
-3.248130287478713285e+01
-3.657191439350644657e+01
-2.868056720891863165e+01
-2.168098629279172940e+01
-2.907154862941099083e+01
-2.116223056245110001e+01
-2.516964284673159824e+01
-2.781952098623997927e+01
1.058407735725610976e+00
-9.593677366320376265e+00
6.056942760457818054e+01
-5.178627116905587258e+01
-5.408337688566562917e+01
-4.611861884281812962e+01
-7.737835697315217587e+00
3.362869158758068910e-01
-1.133756401434625971e+01
-1.378805194082753971e+01
-3.859068946685551893e+00
-3.105075862480211057e+01
-3.567685151692219847e+01
-3.147273509621691900e+01
7.685364574284788830e+01
7.587683268730053499e+01
7.852341607150771097e+01
-7.857422773740280775e+01
-8.146444168694890209e+01
-8.009413816325240987e+01
3.210397366371162775e+01
2.467794489188204921e+01
3.043869085217453119e+01
7.973748026656254240e+01
-7.519066473149638341e+01
-7.652506973212476282e+01
-7.588480458252315941e+01
-7.754262104738513983e+01
-3.420642795413234794e+00
-7.763749815118993070e+01
-7.541185054298759383e+01
-7.706442842422235628e+01
4.192594554869356216e+01
3.701895410261818853e+01
-5.406334912057835140e+01
-5.637378263010413804e+01
-6.015910974329997174e+01
4.651442063552440231e+01
4.493040538261298877e+01
3.930215935539452232e+01
3.767079667123302755e+01
6.573033603111582579e+01
6.548080967316096235e+01
6.542986032311758038e+01
-7.472143199727618423e+01
-7.426434794926286997e+01
6.154853116637875843e+01
7.567036626234276753e+01
7.452523836197792662e+01
7.691680519240385649e+01
-4.062578648414925908e+01
-5.101120319697582772e+01
-4.835121811160819760e+01
-4.135460783702166765e+01
-3.537815795676075936e+01
-2.966032902311862074e+01
5.718716719427209938e+01
6.331498847189474333e+01
6.108528452201090175e+01
5.878191892640280969e+01
5.715203363110985180e+01
7.167209695574310047e+01
6.741684538845171915e+01
6.551896353976999876e+01
3.743218793688050283e+01
-2.744274551888100078e+01
-2.279494939558869859e+01
2.101916414128264066e+01
2.394504848287936127e+01
-5.208525437511671896e+01
-5.718592635016946701e+01
-5.936035424084877121e+01
2.542363145441953876e+01
6.100983639917485135e+01
5.940456349844063766e+01
5.539794720029338038e+01
5.444327878262406983e+01
-8.723873459145472964e+01
-8.597313586845433520e+01
-8.655938546864101113e+01
7.303930396205826980e+01
7.474263661960277716e+01
7.273592846396310563e+01
7.405143264007703863e+01
8.775664966697351588e+01
8.710439213983157458e+01
-3.724492380422130822e+00
-2.408076246581963176e+00
-4.317807331165880669e+00
-4.372215810749660925e+00
-1.341481111767324030e+01
-1.920086188019460138e+01
4.169525684167449953e+00
4.341836413656423588e+00
4.321353636904866846e+00
-5.445855355355107719e+01
3.455051140986301306e+01
3.953076549437147236e+01
4.013518624890083686e+01
8.186427990929060172e+01
8.179594663265903876e+01
7.803169060638184362e+01
7.876043565541665714e+01
7.799844372820371063e+01
4.897454293208340914e+01
4.375419189208209048e+01
4.328878099111702227e+01
3.654282726620959210e+01
4.445851588626292283e+01
-7.977351498008270703e+00
-1.584942923943552984e+01
-8.449796155407756970e+00
-1.433647881818606917e+00
7.199647313134828153e+01
7.007453563217673320e+01
7.131478117085717372e+01
-5.657806391267668289e+01
-5.327261645892141217e+01
-5.662530656061937862e+01
4.722148159514142662e+01
-5.294227315578145010e+01
-7.524530399780397261e+01
3.570818728864951908e+01
3.935629841229795289e+01
3.188718891946430034e+01
-1.434768495915509945e+01
5.260064637299623058e+01
5.042389236918874218e+01
5.699589688549350086e+01
8.394000464805456829e+01
8.220052298978635008e+01
8.407561645935722083e+01
8.209100233664018731e+01
5.894662181292609660e+01
-7.077288912492447537e+01
-6.925526966628929415e+01
2.927104734962416899e+01
3.466788521370911980e+01
3.057680577851501980e+01
3.653581527538783291e+01
4.240303765159349325e+01
-3.494106301399668268e+01
-4.155201123615528047e+01
-4.280876584193053702e+01
2.082819106185701941e+01
2.186231561704105886e+01
3.010946948190920835e+01
2.924672054484462080e+01
1.927089903952941086e+01
8.138009495033459473e+01
8.007442354846261878e+01
8.153029137789278025e+01
7.911325295635953125e+01
5.313969960666654657e+01
5.967397435252978966e+01
5.125072223626637680e+01
4.857356885877715769e+01
-5.229611917389034659e+01
-4.918169917978740102e+01
-4.954822456336371772e+01
-5.030091139983878890e+01
-5.599235083115849676e+01
-4.646693423960289238e+01
-5.206357940699854936e+01
-4.464021675519467891e+01
-5.083526568351680908e+01
-5.741964919412877322e+01
-6.402943189357573317e+01
7.283806255306048172e+01
7.607394154438388512e+01
7.248744144084616892e+01
-2.145515135705094067e+01
-2.414289786109904057e+01
-5.538610559960635271e+01
-5.642247046769148255e+01
3.611591391040229126e+01
2.821927195348981954e+01
3.191155658263319950e+01
3.503604183576418052e+01
-5.037851686797178274e+01
8.708636705110831144e+01
8.584671555559157241e+01
3.415737650061323194e+01
6.371624546251881327e+01
-1.065892475638280956e+01
5.042523503248222738e+01
3.682832920544873101e+00
8.693913474872013936e+00
1.208258255146846061e+01
5.235012295169944707e+01
4.665985532961099125e+01
4.817850918957655182e+01
-6.116041525686811298e+01
-6.354972137326824111e+01
-6.763252206361599406e+01
-6.138371377125331207e+01
-6.707713544543757678e+01
5.699549335700000086e+01
5.071045788204258287e+01
5.276789381624080022e+01
3.979398437091199980e+01
3.505952200222665738e+01
3.160847840914194862e+01
2.734020021384019117e+01
4.284532121995796672e+01
3.820474118073607883e+01
-8.251704979647010418e+01
-8.406679305354644782e+01
8.261753275869885726e+00
3.007716614129642085e+00
9.552295573257332251e+00
4.162121281893438152e+01
1.691496126388553023e+01
6.209789045400948027e+01
-6.187677297712264135e+01
-6.051570141734161012e+01
-5.832683924666365982e+01
-2.124612198685380093e+00
5.846612097816558773e+00
2.859844879498416148e+00
3.235005209962555739e+01
3.516999328013228165e+01
3.765742130491290141e+01
6.749523353288282124e+01
-2.407003537156395012e+01
-3.067501544119162915e+01
-3.120891908532374970e+01
-5.343477337613442302e+01
-6.592416545065147204e+01
-6.047094513483040146e+01
-5.866852703663320767e+01
-6.740943241122593577e+01
3.917848999384307973e+01
4.675306093643266792e+01
4.013228513126922081e+01
3.809671069510454089e+01
1.613272414146618061e+01
1.199537594209959934e+01
-4.662065781518727192e+01
-4.981684057501873752e+01
-5.397128859806308299e+01
-8.065665425419597057e+01
-8.093551565179906504e+01
-7.904711955156665226e+01
-5.637789437360721223e+01
-5.049259398458192294e+01
7.569171657427914113e+01
7.624822085014388051e+01
7.214276969456794575e+01
7.244213446404535262e+01
7.734163901049399215e+01
7.440273362707215199e+01
7.593411034737333409e+01
-5.244986500701558896e+01
-6.004513632094874254e+01
-5.741919508391966787e+01
-3.824342295904003919e+01
-3.802754870737504689e+01
-5.189724804230129251e+01
2.627841980404433997e+01
6.502420872411843789e+01
6.099600322084428683e+01
6.249316223224332845e+01
-7.318245045906576429e+00
-4.433461244033466642e+00
-1.597247036576094992e+01
7.191119763378918606e+01
6.680307852450559380e+01
6.473142597479979088e+01
6.868145770377097392e+01
-5.798818462695609810e+01
8.382700470671268533e+01
8.133547000131802918e+01
8.251994247645689029e+01
8.238821854815640222e+01
-6.118321011478936811e+01
-6.544278722414068739e+01
-3.433482816482037947e+01
-1.091667194839556920e+01
6.773285772430392626e+01
6.940038772599298511e+01
7.215993947550866494e+01
4.500322316433352654e+01
4.614735178790957093e+01
3.705048846806449347e+01
4.327998090470639880e+01
4.810969560774920950e+01
5.441418683788504040e+01
-2.595149873377462058e+01
-3.422700899848201317e+01
-2.967116628244058063e+01
4.902642317103760661e+01
4.612542464322376645e+01
-3.194323105363643123e+01
-2.556627054044977854e+01
-2.566872700364918103e+01
-3.628358236619165211e+01
-3.182997449983407989e+01
5.054689204227263843e+01
4.282672386529041830e+01
-3.355057606634544243e+01
-2.187753455131439040e+01
-2.311462102434969879e+01
-2.928684411797541998e+01
7.894820083786005682e+01
8.052097008048383486e+01
7.657937193467375891e+01
4.122425732306682988e+01
3.707895130687734309e+01
1.072413467724570069e+01
6.788839302636441175e+01
7.355486702227391049e+01
6.748493946241768526e+01
6.979307399076607510e+01
-2.082206108717159054e+01
6.552783287880029661e+01
6.412021344246070953e+01
-1.837777448614615849e+01
-8.116661642806879229e+01
-8.323611935993581312e+01
-8.363831963316702911e+01
-8.111591473219250759e+01
-8.239440542590828898e+01
7.824906495841524645e+01
7.561770388200294235e+01
6.192514895227262173e+01
5.975768133643639857e+01
6.514396453007138632e+01
5.804275298312521159e+01
6.083667203387211231e+01
6.995357271517423214e+01
6.985399221870049757e+01
6.261162621136803352e+01
6.758906064001483571e+01
6.414530533596334294e+01
7.330185362049344633e+01
7.327851936642981912e+01
-3.837655162590443325e+01
-4.519145304513148176e+01
-8.471354445140137557e+01
-8.222025949328275374e+01
-8.306076202850913148e+01
3.379983056270439334e+01
4.042496728955489260e+01
3.271929207635859882e+01
4.166317958134263932e+01
3.154569684852307176e+01
-5.005096366612765735e+01
-5.494207766150866235e+01
-5.136859384268328910e+01
1.103480458929731967e+01
1.721873696925801056e+01
2.043620887184675894e+01
1.258641907735514032e+01
3.847821102274891825e+00
-5.533403034945845889e+01
-5.179405350832958277e+01
-5.792538358086356709e+01
-2.965397613070129879e+01
-3.121045340179776062e+01
-3.656618596269790800e+01
-3.917515959788180879e+01
4.564744172852149262e+01
-5.028546611739938754e+01
-5.364466041388026696e+01
-4.786558436135094752e+01
7.700395937017678705e+01
8.027606632133532116e+01
9.462861767430611692e+00
1.770631242687786866e+01
-6.189612448512419718e+01
7.855127020420249906e+00
2.066019659940080189e+00
-8.427365631403283430e+01
-8.419944113955418175e+01
-8.519790979467084924e+01
-8.276564363807356983e+01
-5.794863386685773321e+01
-4.849262311814612758e+00
-1.058451991208264964e+01
8.827111155838499812e+00
-1.905520540619625933e-02
-4.483406638506001229e+01
-4.837325668998641248e+01
-5.144214551788140000e+01
-6.914154772212965838e+01
-6.401698063386309911e+01
-6.776537015866513514e+01
-7.892349010471473036e+01
-8.119028101857632862e+01
-7.947337795567796093e+01
-8.119402379377125101e+01
-4.923177969804549292e+01
-6.567324642314558503e+01
-6.248838901180082672e+01
-5.857600993883831109e+01
-6.826631576113113908e+01
3.321493162559241341e+01
2.896693581983463872e+01
3.865970076267984723e+01
-3.985051055709382695e+01
-4.669925058288553288e+01
-4.577495801218166349e+01
-4.356821236233636796e+01
-1.267303304308705947e+01
-9.159385700671505148e+00
-7.614295642758956717e+01
-7.323731427111420089e+01
-7.302550500847723924e+01
5.894470536199475674e+01
-3.877469369575707958e+01
-3.314386917369529328e+01
-4.060186296543155748e+01
8.049214254937743362e+01
8.024676507772635148e+01
7.760264594687343731e+01
7.655377706000770388e+01
4.569090218123371017e+01
5.297608816053570280e+01
5.328629759479630223e+01
4.524252960785752720e+01
7.008312100938157130e+01
-2.840319613393030096e+01
-2.847308076585424885e+01
-3.096632290039914892e+01
-2.470553953972044070e+01
-3.177344269861163895e+01
-2.644121871887536912e+01
-3.932774393958173675e+01
-4.570996313382852350e+01
2.980927238837399074e+01
2.225620074875594057e+01
2.767199592502235106e+01
2.584416028873360105e+01
6.062845591642960130e+01
-5.514169981231678719e+01
-5.139422918516807215e+01
-5.675838981162780073e+01
-5.734048681511060863e+01
-6.031321330307024198e+01
8.920146125888205546e+00
2.597394138220404880e+00
1.310829096389798920e+01
-5.248580661631461197e+01
3.452460746752188214e+01
3.294137249990755834e+01
-4.686272778097463743e+01
-5.255109720568825082e+01
-4.870282067492127709e+01
-5.499914550508849231e+01
-3.499735478477480655e+01
-3.733790639764964681e+01
-3.036187789001390058e+01
-1.870294869712607166e+01
6.736275281451932528e+01
2.594529359735554053e+01
4.290245503954088235e+01
7.565832981672632229e+01
-2.089201838982186032e+01
-1.266241866662019966e+01
-1.253684181466124947e+01
3.935559065538056700e+01
3.349635833552221698e+01
-2.675047861062576970e+01
-1.964607570393092928e+01
3.849312010052327793e+01
-7.409289700570558068e+01
-2.223889336058162058e+01
-2.438132520553661919e+01
7.974142054862822704e+01
8.096396278241716971e+01
7.756322198132035339e+01
7.846472476387691586e+01
6.995212402758495784e+01
7.322615980554816417e+01
6.912590702900253348e+01
7.149036329869555573e+01
-5.622803539746639245e+01
-5.548829191282796103e+01
4.768013337552766728e+01
-3.096555719055411870e+01
-3.351409011348263789e+01
1.193169361018738073e+01
1.554889176077965018e+01
2.700192041240427088e+01
3.176137227667653917e+01
2.255631930837698107e+01
3.694766544012382070e+01
-8.074864840712908176e+01
-7.934082734319780172e+01
3.344570214084743043e+01
-7.396681060217096615e+01
-7.533926639147415472e+01
1.057334210165642041e+01
-5.008420953351330240e+01
-4.832141452316262331e+01
-3.528148981468576295e+01
-4.074336876224727888e+01
-3.608967956423393275e+01
-4.089477718555743024e+01
6.622166802827044307e+01
6.204821328470286801e+01
5.801901032812663317e+01
6.827970167292920678e+01
-8.342533337871834931e+00
-1.761200340484407878e-01
-6.299984921786439429e+00
-5.007749878381702757e+01
-5.581157353979362767e+01
-5.382733818548788207e+01
-4.949955785330634228e+01
-5.289144588668177960e+01
-7.391258047759843919e+01
-6.958292730646535063e+01
-7.010608282826048310e+01
-5.982030247480602725e+01
-6.001850733601695964e+01
-5.595198854097235852e+01
-7.046040261710125208e+01
5.976888580313401178e+01
-5.688306304669818303e+01
-5.858882936702204347e+01
-5.554124181129022020e+01
-5.227137473050893846e+01
-5.243166681487993941e+01
-4.057463028438196773e+01
-5.846381749491216340e+01
-4.096785436492908872e+01
-3.842924487613745299e+01
-6.730393714598422150e+01
-6.561520605231541481e+01
-6.396777004658485311e+01
-6.674570585527769140e+01
1.673020469432501045e+01
-5.296569448623576193e+01
-4.707921075582512316e+01
-7.786946290014189742e+01
-6.203743927979039796e+01
-6.090649546419235350e+01
8.360698581565417342e+00
-1.460322396999350048e+01
-2.433569284347116124e+01
-2.210616144314311171e+01
-1.801828796613787986e+01
1.150697111934690042e+01
-2.046622638042391173e+01
-2.892237847691306030e+01
-1.159545094541311983e+01
-2.074015229191819998e+01
-2.214684595748942897e+01
-2.841752840949443026e+01
-2.843262534277073073e+01
1.323419517339971030e+01
2.154328286716387097e+01
1.231588151589440017e+01
4.227149115490258957e+00
6.441606610325749216e+00
9.126097766231671571e+00
-4.970118508506352129e+01
-4.975441784126442712e+01
-4.346426412368165160e+01
-4.240923622000690330e+01
-2.198853584299833130e+01
-2.300210205542051867e+01
-4.863789837771356162e+01
-6.929505116219641536e+01
-6.886688162059894580e+01
6.495300711145333139e+01
6.798111857451216622e+01
3.001653441921823884e+01
2.746514541107784879e+01
-2.348637791915901829e+01
-2.624915978384125026e+01
2.119038273104806080e+01
2.507779683096418921e+01
3.200685033181412820e+01
-5.728662124308859660e+01
-6.449105334150497981e+01
-7.327620083070152646e+01
-7.175763363305098608e+01
-2.841243299842536985e+01
3.071909501323058933e+01
3.674704422206085752e+01
4.941909210513186679e+01
4.373260478690281161e+01
-3.322592913505771861e+01
-6.204354191713012767e+01
-6.629733853155029522e+01
-6.817473668862882619e+01
5.298906391620717216e+01
-1.783651796160961922e+01
-1.447005224586112959e+01
-8.655750092781065064e+01
-8.669243604086962307e+01
3.887847752393113865e+01
3.740538439541767701e+01
-1.278210294352505016e+01
2.715214327865123067e+01
1.735777431209569954e+01
2.014870107957828083e+01
2.137883987334775071e+01
-2.903784486207500848e+00
3.795137684769044117e+00
5.808758887017611983e+01
5.841372019149707739e+01
5.195339276423747776e+01
7.892847174094461593e+01
7.811433235002803599e+01
8.161844949537234584e+01
8.006237752753115444e+01
6.050503501684237762e+01
6.426347722387535555e+01
6.466987155295069556e+01
-5.463557892161362872e+01
-5.019860494351902247e+01
-5.923357799704074722e+01
-5.746746407769286691e+01
4.672657815689061778e+01
5.411964918676392955e+01
-6.508715110907580481e+01
-6.894018628927189241e+01
-4.942922413814611104e+01
5.111339807581381223e+01
4.876723282191765918e+01
-1.180950641414749924e+01
-1.015289025722143990e+01
-4.450620104742814220e+00
2.908634843859762853e+01
-3.340645023883938336e+01
-6.130966640295797987e+01
5.726465444355712009e+01
5.376944271120046892e+01
1.998689007186844080e+01
1.472138582561176001e+01
6.307570908287244293e+01
5.665478842499138779e+01
-1.511077410863275006e+01
7.844266095163189290e-01
-3.567338905969597018e+00
-4.389318489897592990e+00
1.465987779011791936e+01
2.061441886652333011e+01
2.146499537734911911e+01
-5.867426347909295004e+01
-6.156250307606371308e+01
-3.367779146284301106e+01
-3.995531769332855276e+01
-1.531323882815780912e+00
5.182302201439269673e+00
-3.878893568956699767e+01
-3.993301958690595654e+01
5.327645741492622022e+01
5.266374699350520672e+01
4.915124258438613225e+01
3.705600800797412830e+00
-2.222066302047637887e+00
5.021906233390895125e+01
5.377835408916617865e+01
5.507856884317182988e+01
-2.094273063774695842e+01
-1.779333301455460870e+01
-2.445347316706583030e+01
5.014776794214380828e+01
5.489827715022604337e+01
-3.375425988544866129e+01
-3.433671228441477297e+01
-2.710783577736454930e+01
-2.548562153243621964e+01
8.408640614958878245e+01
8.407394182192064136e+01
8.485247999337205727e+01
8.527903183446315438e+01
-2.064873191316872081e+01
4.347597258416597299e+01
4.840439769743429821e+01
2.681114656445021893e+01
1.974504435027484917e+01
-4.014539974086760310e+01
1.849967816942330856e+01
-3.028459472376554018e+01
-2.446297565741847890e+01
-2.011339219010460866e+01
-5.430231779143382731e+00
2.677994752475535201e+00
-1.542902997510962937e+00
-3.538603686974622775e+01
-3.876494354002903719e+01
-4.302323226645957277e+01
-3.619042458571116327e+01
5.837734587999241143e+01
-7.983795735436541463e+01
-7.920085639827118484e+01
-7.591591706490555680e+01
-7.710064074261632072e+01
5.325230936003509896e+01
-6.796422733537548311e+01
-7.007284808805329135e+01
-6.529513531887606348e+01
5.208734391263148922e+01
5.719774916091021311e+01
5.390507401050832215e+01
6.638107436749665169e+01
5.805478472826607828e+01
-1.795079814810015861e+01
2.439601132848747866e+01
2.693356026235036893e+01
-6.128625796502944922e+01
-7.434211137237626588e+01
-7.136622065226232792e+01
-6.970606453463838648e+01
-7.420703220602912609e+01
-1.014024838796565042e+01
-7.613713379209411869e+01
6.138412588754722066e+01
6.192849612192326703e+01
5.622985599991935146e+01
-7.201771513082107390e+01
-2.175353801992708824e+01
-3.098785082759505016e+01
-4.356556389644872951e+01
-8.194224764879389511e+01
-4.137936169072119696e+01
-4.513700063976440902e+01
-1.649457575693664069e+01
-1.180138602973259943e+01
-1.247005185273381933e+01
4.344587938015320816e+01
3.928433245688272279e+01
3.920246486339736691e+01
7.702878695366641182e+01
-2.991486691016102029e+01
-3.010485383301127982e+01
4.378161777811362754e+01
4.576029137293330251e+01
-6.708158083810776873e+01
-6.289060005798148012e+01
-6.844160788480503754e+01
-4.448672561285871296e+01
-6.515294469799624721e+01
-6.929040056018482119e+01
-6.962408668552076563e+01
-6.436215311462991906e+01
-7.611934026637351280e+01
-7.283542664497039709e+01
-7.326592013876012288e+01
6.849160488309200900e+01
7.219792372595792074e+01
-5.954341161000633065e+01
-5.775781274907844676e+01
3.813046464901516686e+01
-5.186233137654833314e+01
4.918668948921707340e+01
4.549001453897073333e+01
-5.623302277712594055e+00
3.591384050251946292e+01
-1.629647075933100986e+00
4.884669603858819897e+01
-2.016648250576684021e+01
-5.955307088847923325e+01
-5.316790208847685761e+01
-2.704395330779844997e+01
-2.373793369379938056e+01
-3.790910183149649981e+01
1.876592739642784835e+01
-5.168382819669382400e+00
1.523373987229563076e+00
-3.365147466944530041e+00
4.391333761444333739e+00
4.642400069421942987e+01
4.568923818357760780e+01
4.466443814585694128e+01
4.155210925777686271e+01
3.718257270219375243e+01
3.674110838179380067e+01
-4.138815218787718919e+01
-3.113913456481655828e+01
3.911782176285711898e+00
9.039680022683691973e+00
1.136938959088253043e+01
-1.239731377089744058e+01
-2.306736625224313997e+00
-3.315882381155103786e+01
-6.273067483373947795e+01
-1.834497267892454886e+01
-2.434521899439333126e+01
6.339880207349055752e+01
6.356418635228931890e+01
8.242882315150023942e+01
8.275598734854283123e+01
-1.970696352574530863e+01
3.965587555008826204e+00
1.174014460583086006e+01
5.647601155075935253e+01
6.127402308536831299e+01
-7.940908349141307099e+01
-7.958112725425009160e+01
-8.067170768848077955e+01
4.019175798696529966e+01
3.662338816023378030e+01
-4.210748601266607238e+01
8.917478791868788335e+00
-3.342603926694692262e+01
-2.390612504125707005e+01
-3.396712690366665299e+01
-4.175785206525790727e+01
-4.903211113263706267e+01
-4.513818807078148865e+01
-2.822423069811546892e+00
-4.217808932339085715e+01
1.895190900302581838e+01
-3.617397608275857213e+00
9.588281665248191699e-01
-2.218376047993782052e+01
2.888802552306593086e+01
6.846120901514728985e+01
7.060797983554633106e+01
7.299509745513199732e+01
6.725437114839878916e+01
-2.500372536124060119e+01
-2.812428878114926079e+01
-8.663683480826777839e+01
-8.745900470669872107e+01
-2.151212228485001887e+01
2.336532073981380009e+01
1.500803142422943992e+01
1.834774735807908996e+01
2.320672893662748137e+01
-2.680443913471491868e+01
-7.142845473899853914e+01
4.725326232118032266e+01
-8.839909080004137110e+00
-1.988401957719327040e+00
-8.652123089772654652e+00
7.233609769147260238e+01
6.860516245993156303e+01
-2.472429827338046948e+01
3.482860889116011993e+00
9.309379130528883550e+00
1.755137340643666999e+00
6.869011347972152848e+00
-3.535862917066644684e+01
-3.479248059182223329e+01
-8.649852116682306757e+01
-8.728222719152319087e+01
-8.681072099347944970e+01
3.179727185118746036e+01
5.701057948803558872e+01
6.258235953372255977e+01
4.471808699815191801e+01
-8.692104342244486759e+01
-6.339151261788045844e+01
-6.621717849398790179e+01
-6.837527122401932900e+01
4.902367169893584986e+01
5.292198686015287024e+01
4.905769613843443722e+01
-6.217251791250780002e+01
8.393379305609221319e+01
8.275038721459536006e+00
-5.891242765158988703e+01
8.772258990428042580e+01
-1.740071266145169915e+01
-1.136905539695889011e+01
4.947559428909511325e+01
4.965627586242249691e+01
8.690089294197676395e+01
-7.093382421525877390e+00
-6.468241892266839876e+00
-1.501771101187005009e+01
8.751744239182046670e+01
8.566549905047395441e+01
-1.157444861452255047e+01
-1.331468173138182998e+01
-5.994813934958752810e+00
-6.428189352506342402e+01
8.750782267566940220e+01
-4.518700744621207122e+01
-5.330465676562516109e+01
8.946953306438294007e+00
-7.620323524982742569e+00
-9.685841838227611689e+00
-2.236655172287672855e+00
-1.388408739706379968e+01
1.449538329415564064e+01
1.899126782252973911e+01
-8.438499192147529016e+01
1.655325182625130864e+01
2.700297252166662165e+00
-5.045406497890403408e+00
-1.822079780344601829e+01
4.842849843136414734e+01
4.318727507829118650e+01
5.076397663349715117e+01
1.031828125046330946e+01
2.014573124079260147e+00
3.963609311602311003e+00
4.125734884041531814e+01
8.734828560674439757e+01
-3.898333184631532333e+01
-3.719567956152459232e+01
-3.450904955344085323e+01
4.608701048552519808e+01
-4.007593055983205232e+01
-8.485674917746561619e+01
-3.592707966169317757e+01
2.035636068774380902e+01
2.635368790643730108e+01
2.294219023181220862e+01
1.635389901376379029e+01
2.277461498977465126e+01
1.471274756543378004e+01
2.505892772502371102e+01
4.006487752530693314e+01
5.828787348327455220e+01
5.389035014048096883e+01
5.792209047461894755e+01
4.129890852410319724e+01
8.648617797901759729e+01
-1.507202260548162975e+01
8.677921868511738523e+01
8.543752025037065323e+00
5.595162959232087019e+01
-8.581564391003786341e+01
-8.553566007923414816e+01
4.863039194658536246e+01
1.604962268237384038e+01
1.856404963690020082e+01
-1.109984546083357060e+01
-1.050997345554952034e+01
-1.791337468970035118e+01
1.914372359644290089e+00
-8.211928304642601972e+01
-8.014344357783342332e+01
-8.659775827688483218e+01
-8.748354110718544518e+01
-8.289484239960205514e+01
-8.244239274463582490e+01
2.969034422209280066e+01
8.721016710831854368e+01
8.685404466101563514e+01
-1.936078044146080046e+01
6.831111115598652361e+01
7.227759685119505662e+01
5.912128115633841929e+01
-6.462868099249469367e+01
-6.896664123200579866e+01
-3.691749660303373304e+01
-3.129543438592848048e+01
-3.972726874811119302e+01
-8.853182621674916319e+00
-2.570043289716822166e+00
-5.535609802106505661e+00
1.697954796285903001e+01
1.937721755099752130e+01
1.333129578654395964e+01
-1.848361415064815105e+01
5.048014437789537823e+01
5.536361802287394340e+01
3.537698710655818246e+01
4.206810558203576278e+01
2.146955202130680007e+01
1.370829688915955025e+00
4.130844253830557733e+01
-5.805933723087880338e+01
-1.620793158394069167e+01
-1.048180973698696050e+01
-8.177895647161884440e+00
6.354537858644251713e+01
6.667684867052533093e+01
6.778069160335012100e+01
-8.593060247129058382e+01
7.508351361416293912e+01
7.827813474350907086e+01
7.572577620658165642e+01
8.551014623618884514e+01
8.428105133562912954e+01
4.419788634807348160e+01
5.014169013528829311e+01
4.366699443329520847e+01
4.682740914975776292e+01
-8.738352805785932276e+01
2.125313332927268206e+00
-3.977379483641752245e+01
8.136782458121328432e+01
7.901611308154986091e+01
7.997182624764766956e+01
-3.361944236043147782e+01
-4.147001723171207743e+01
-1.650423843455428852e+01
9.287893961934654552e-01
-5.766776114322228253e+00
-1.540814690676922005e+00
7.215176197229777877e-01
-3.518354406199370032e+01
-6.487229342138900279e+01
-6.371804116169475662e+01
8.564991216244401073e+01
6.571977817885431250e+01
2.940247788646387050e+01
2.886192108613812835e+01
3.611084757038584314e+01
2.417706980700063113e+01
2.055795008932571122e+01
1.751044959737219031e+01
2.972083122392601950e+01
3.091052158999161037e+01
-4.827910147481117775e+01
6.221602659125016288e+01
6.918983862957148290e+01
6.592281953551545826e+01
7.380760937203611149e+01
7.055305434556821353e+01
-6.544761705244295058e+01
-6.307330212061562946e+01
-5.897416810459125003e+01
-7.881961180925624433e+01
-8.182030338170284267e+01
-1.689409353082083953e+01
-9.710338847086479319e+00
-1.923280776616631016e+01
-2.476898830273409047e+01
-1.486540706272623069e+01
1.018004760633868067e+01
1.025455127927092924e+00
-3.809468289115656159e+00
-2.983122089727462978e+01
-2.336287244812847064e+01
-2.878636369903328074e+01
-2.395497757334518951e+01
1.944920196179158012e+01
2.857147608318646093e+01
2.609379462480519862e+01
1.856386892001791011e+01
-6.522609201716049654e+01
-6.957815009583224253e+01
-6.325993985326351776e+01
-6.804118167915869719e+01
1.772813177666882112e+01
2.539141436947522124e+01
1.294198007113909021e+01
2.213878514376271056e+01
2.504763889013995026e+01
-1.379346078879913051e+01
-1.426139856146266993e+01
-4.248563444145053936e+00
-6.427904184988073588e+00
-6.627273479759681152e+01
-6.675533276090807533e+01
-7.093662420373939881e+01
-7.147920403609478512e+01
-6.843581916701396040e+01
-6.561790442022352465e+01
-6.884420204793671871e+01
-7.240097879343832687e+01
8.768689183758711181e+01
-5.680990596235252355e+01
-6.210452003157700318e+01
-6.066947798936244141e+01
2.145179111831636121e+01
2.293567913381776080e+01
6.466630538686753482e+01
6.962778195100251821e+01
6.323982643369230772e+01
-8.784997658552786959e+01
-8.766776706742787439e+01
8.510885915113655642e+01
1.096793391738158974e+01
3.766070306923114064e+00
6.047773151060762409e+00
5.221388565023814721e+01
5.705761309125185221e+01
6.767880593785809751e+00
1.284644710561775049e+01
6.172529240553045327e+01
6.501708014688873050e+01
-4.022020991540215107e+01
-4.310284811367605329e+01
-3.838230766403780336e+01
-5.357258879123728690e+01
-5.403119913717379319e+01
-5.747646563982419821e+01
7.841147280069374403e+01
7.928748327891787540e+01
7.473752308350086082e+01
7.599612790796066975e+01
7.311882218477313700e+01
-4.515582147767683097e+01
-5.025072670133440766e+01
-5.111952048746287858e+01
8.087236052825487320e+01
7.717819065295947212e+01
7.905790294540831553e+01
7.768524161432338815e+01
-4.666310565626309881e+01
-2.393797385161710167e+01
-2.116384260523096827e+01
7.990137372146055839e+01
7.579827431618572575e+01
8.028046075642519952e+01
-3.409501337486627648e+01
-2.622988832471125065e+01
-8.069946590895362704e+01
8.650704797339312790e+01
-2.901075993982885137e+01
-2.423963465747307922e+01
-2.148122214224574122e+01
-1.628295229822839119e+01
-9.062614720028916437e+00
1.947762807828981124e+01
7.371303196060243579e+01
7.200214104898961409e+01
-7.768459591019519905e+01
-7.766785371598194843e+01
-8.038894909619641282e+01
-2.063272784335620891e+00
-6.593231050926793291e-01
-8.024136851536657389e+01
-8.248267448918811340e+01
5.451484225157789965e+00
3.351144754529712166e+00
1.252017970251491974e+01
1.297697397827283083e+01
7.166209651170630579e+00
-5.700458037348038687e+00
-5.811511563523684920e+00
-6.489628285763735960e+01
-6.555256488590238462e+01
-6.281700733651466351e+01
8.702414510719536622e+01
1.270095742231531943e+01
-3.651858404169487926e+01
-3.449933533076576708e+01
-2.908463533321242878e+01
-7.678346836367333594e+01
-7.936622713728571910e+01
-7.610329831456056127e+01
-8.380900298316058539e+00
8.219976665096504576e+01
-4.403746343116278439e+00
-2.364522644947522068e-01
-6.206444813892941781e+00
6.751257464634207395e+01
6.379316511700721293e+01
6.498079649603502617e+01
2.630527158372785124e+01
-4.423828993618985805e+01
-4.114538331645596259e+01
-4.983676597186588708e+01
-8.343502239144429211e+01
-8.223168552371159024e+01
-3.787970087630328209e+01
-3.007574076710811894e+01
-3.624314975529191685e+01
8.082106150013268575e+01
7.874551387492765286e+01
7.977133375069374210e+01
-6.985991344845577267e+00
1.261230844188661049e+00
8.691733369560229505e+01
-4.149058406357357143e+01
-4.828111283557897337e+01
-4.521036597722105199e+01
5.685217806073615598e+00
9.045351780495145988e+00
-4.968837572270498271e+01
-6.691468580777697639e+01
-6.998466583440233535e+01
-6.603130382682972765e+01
4.932613204059818912e+01
7.328031630220770865e+01
6.778047280684488385e+01
6.231983767525738216e+01
6.147938045552943720e+01
6.656447441453565261e+01
7.051694996014504113e+01
7.619978553043172553e+01
7.685203593014831824e+01
6.328261728024602206e+01
6.678092362266610849e+01
7.362878657025775908e+01
-4.690097014901918726e+01
-4.401194484662303097e+01
2.666424219742080215e+00
1.037589957679668018e+01
4.396244999450245672e+01
4.355241563322915965e+01
5.107270830487018287e+01
4.900974571868165697e+01
1.300671730557909989e+01
4.403766832448881985e+01
3.230939780788023086e+01
2.815339035775883048e+01
4.872834694890274676e+01
4.325233010723191285e+01
-4.389612198313349722e+01
-4.238313330171700954e+01
3.670506382552769953e+00
1.368344229446091020e+00
-1.696761352220907071e+01
-2.358234035336935008e+01
-1.359245243860993924e+01
-8.287878581302113190e+00
3.913034909028373676e+01
4.225963746298671708e+01
4.668130461552053134e+01
5.042079721945403037e+01
3.093087858971236059e+01
2.496770614598263904e+01
-8.293151690741164828e+01
-8.295666502085776983e+01
-8.207710505141486124e+01
-2.657996611073680171e+01
-2.861591975757485073e+01
-7.857908068052341832e+01
1.836010186434432967e+01
2.696610295860352835e+01
2.500072052308188830e+01
1.491308384193128944e+01
1.421579284479781080e+01
2.115291100151220860e+01
-3.447529873856061755e+01
-2.504792926424271116e+01
-6.912367019360488030e+01
-7.122146832942986805e+01
-2.652477708799984057e+01
-2.776793106984876047e+01
-1.947069045506669127e+01
-5.978403819929013707e+01
-5.555638185871509194e+01
8.750441377812225596e+01
-7.702806964236162912e+01
-7.679087696215094638e+01
-6.301887983232141721e+01
-6.282809357247887760e+01
-6.831728719777069614e+01
-5.726316285699621034e+01
-8.575590245008758217e+00
-1.838930964958277059e+01
-5.061656246887690713e+01
-5.414693813773318709e+01
-5.834877242379071305e+01
1.761765440838336971e+01
2.108681097459450982e+01
5.328396513306197235e+00
2.058233319313848142e+01
2.415546936996955907e+01
8.264527382027877422e+01
7.847439166122980225e+01
8.080115375086963070e+01
-2.141320234456554061e+01
-3.006306768071303992e+01
-2.853261982050977963e+01
-1.905724573893143159e+01
2.931127398440568133e+00
5.027397018765089598e+00
-3.700962299641036957e+00
1.146159503541360092e+00
4.406711958825228592e+00
-3.474203056668109024e+00
-3.389316492694204874e-01
1.662930244947613900e+01
1.475470318700588024e+01
2.225339195348675148e+01
2.472916490910575860e+01
1.746704303949555026e+01
-3.161123231935734168e+01
1.672811235014978948e+01
1.378522112523475940e+01
1.986992911731050881e+01
2.376369807855918026e+01
2.824923971370451881e+01
5.621031895848172866e+01
5.841029168460781307e+01
5.155998125070573224e+01
7.591196057759746907e+01
7.510454349615628189e+01
7.540928759416846106e+01
-6.576257928618599635e+01
-2.244648173666120172e+01
-1.647204400956711012e+01
-2.801597525355557039e+01
-6.995028189045991951e+01
-6.369094467608245935e+01
-6.819453513953466484e+01
-2.783231528881439942e+01
-2.559129504094779861e+01
-3.322388067230431119e+01
-3.638970710085259697e+01
2.788453207428112890e+01
-2.559963357291038122e+01
-6.694488257511436302e+01
-6.873409008403888265e+01
-6.892742627724473437e+01
-8.455271694586893716e+01
-4.037386523901709268e+01
-6.043514694576735025e+01
-6.405197906426916177e+01
-5.673028003180954215e+01
7.746119099459083657e+01
-5.722441616562542777e+01
-6.001011993964615243e+01
1.373440535212487035e+01
1.716123993830408878e+01
3.033252455044608098e+01
2.127037285865510086e+01
2.993386385907247060e+01
2.711524406050236990e+01
1.780323944353461130e+01
-6.246973598016988660e+01
-8.773619863354085169e+01
2.092427307535367831e+01
1.194096023189852929e+01
1.254357683459586958e+01
3.917622794851556733e+01
3.228335132887013970e+01
3.494987389622514229e+01
1.888165517414689987e+01
2.617698220814135013e+01
6.833763730032842432e+01
-4.315301818196027739e+01
-3.626942440948103297e+01
1.525333093072542034e+01
1.911468799610993941e+01
2.641003781829105890e+01
3.917805339246377194e+00
-3.212963633487183834e+00
5.592855406726064871e+01
5.690455362941950312e+01
6.081680349695945864e+01
5.925295774603939236e+01
-1.467203833761631948e+01
-1.076213730346730912e+01
-2.064971350751832091e+01
-7.402252560796765302e+00
-2.020648565709231903e+01
8.032188623934760585e+01
8.281934957528204677e+01
8.172890599230578346e+01
7.952888056240065850e+01
7.698975804948831581e+01
-7.431627620088572428e+01
-7.751634894880872650e+01
2.862074039792209135e+01
2.304648986535184108e+01
1.110462865330145021e+01
1.308949369525976003e+01
-3.328577455628732196e+01
-2.976514337089674100e+01
2.703677762630690040e+01
1.376895905431003975e+01
-6.472235674707351905e+01
-7.471578162774770249e+01
-7.727893469547115046e+01
-7.941645647590135582e+01
-6.787285818290693662e+00
-1.111440629813709080e+01
-1.613539839990707847e+01
-2.000556896401813844e+01
-1.489873612980900930e+01
-4.936690287926312237e+01
-4.442168410485525243e+01
4.125862027444662772e+01
4.387921843248275877e+01
4.960516180195718761e+01
3.452535544401553835e+01
4.812671454394836701e+01
4.719566766987429673e+01
3.942537799750746785e+01
4.553546432003035704e+01
5.540332618561802747e+01
-1.183655770909333960e+01
-2.109048869198455023e+01
4.482916637763801759e+01
4.795229394347371255e+01
5.008121534376998341e+01
4.695283250208856884e+01
-2.942395598700487014e+01
-2.933535782409423120e+01
-3.430318184816105287e+01
1.139007489977054988e+01
1.691804757045196084e+01
2.611355883609187956e+01
-2.785649078583469063e+01
-2.493005690535353835e+01
-6.991996487467483234e+01
-7.054973630387874550e+01
-6.563082466579697893e+01
-7.962644815102250107e+01
-7.653542780041081528e+01
-5.487604680859995199e+01
-5.009686782224167700e+01
-5.352478586352889067e+01
5.545470139146092237e+01
-4.896114693883360047e+01
-4.252016948954573650e+01
-4.181328824981318348e+01
-1.491888249274592049e+01
-2.340841214725456965e+01
-2.297684896353298001e+01
-1.423234983460431913e+01
3.294382956962178355e+01
2.065045889238907151e+01
1.387197312969795071e+01
3.133951995843215954e+01
3.581872680449750135e+01
2.864059769503287001e+01
2.150572578363298959e+01
2.788134503443215095e+01
-6.839178705247000778e+01
-1.172700270161793057e+01
-6.847382495498354160e+01
-7.465251537916068969e+01
-7.045899759366305659e+01
-3.519473954860634990e+01
-2.928018967422135077e+01
-2.205792362444223897e+01
-5.518178696134047101e+00
-1.285626954463270977e+01
-6.949462966189757651e+01
-6.927028981206789560e+00
-4.809019385245910172e+01
4.441551323079561087e+01
-7.835211264999632874e+01
-7.617272990827689227e+01
-7.639813543106048144e+01
-7.429365907284510229e+01
8.358023395124838828e+01
8.529883719545030374e+01
-1.826155195575550039e+01
2.903207716195402099e+01
3.333880516217136147e+01
4.396038045336346300e+01
4.362989145420736037e+01
3.931714824651678697e+01
3.990146520759063975e+01
-6.339464665025055723e+01
-1.911529061824789011e+01
-1.489132457451803937e+01
-1.066852869371241930e+01
-9.429129383712918866e+00
7.592633632259169474e+01
7.939165902165655098e+01
7.823384928066647603e+01
8.168974993329743484e+01
-6.191553623622058211e+01
-6.818115768830772083e+01
1.181790093619325965e+01
1.130719844723025069e+01
1.343490951271624922e+01
8.158963312071682239e+00
9.263761809628866528e-01
-1.575551969719017009e+01
-2.877266947239314021e+01
-3.622929933735741059e+01
-2.541129785132601171e+01
-7.213775095808456328e+00
-1.512366248282743975e+01
-3.877120342060928948e+01
8.043190470543314063e+01
8.268007795287054762e+01
7.445606530936717604e+01
8.557116510974994483e+00
1.206214345554477063e+01
8.221753692877744868e+01
8.190303774685747840e+01
5.442597332022282330e+01
5.965764118487481227e+01
-7.414214114206178863e+01
-7.060539258949562225e+01
-7.532241688208073072e+01
-5.539232901779431728e+01
-4.772321162002661765e+01
-4.999558784259269117e+01
-5.324297113134237236e+01
-3.983216663109458722e+01
-6.913446036165839814e+01
6.948267023362006967e+01
7.119915042517419579e+01
7.275454748523338822e+01
3.922243618404183252e+01
3.234235419319787042e+01
4.596816238652996844e+01
4.444650989452264156e+01
7.613767440348941307e+01
-4.345969221387655779e+01
3.888707055950349201e+01
3.178077343480806860e+01
3.715381195802098091e+01
-1.284187392505063086e+00
-4.763350057998145815e+00
-3.494566789399878104e+01
-3.773226859918712250e+01
-2.198469093300512878e+00
-8.054405200175013491e+00
6.904105209475824267e+01
6.507546650173847524e+01
7.061588204866286844e+01
6.743997900004025325e+01
-7.364492497583277952e+01
-7.266452760870501493e+01
-7.014559384152876476e+01
-1.705942001336310909e+01
-2.027815122856116048e+01
-3.888045807381165897e+00
7.727733576264169812e+01
7.433306696627678889e+01
7.436578765912214806e+01
3.123381490286027073e+00
8.816143346469775821e+00
9.083150077109868326e-01
5.491754073027293792e+00
1.222326793178581994e+01
6.855235863345207292e+01
7.325921382519587155e+01
7.094925908164275086e+01
6.603845728970755147e+01
7.241805493344065781e+01
6.841427191092751059e+01
-2.230642591640921069e+01
-1.446259345265982077e+01
-2.369657085718733924e+01
-1.459141050441396992e+01
-8.817608986241731728e+00
1.405318983024035973e+01
-5.143646423368758214e+00
2.048567737824054902e+01
1.826045532269466065e+01
-8.426099032746752471e+01
-8.376767840347046956e+01
1.614171290977578010e+01
2.075218332940351829e+01
2.688118723730833892e+01
-6.368538221708934799e+01
6.434448864698499904e+01
6.196862204074268021e+01
6.501239551431351060e+01
5.830076373120534328e+01
3.440259527776812831e+01
-1.476871742658135034e+01
7.386172152023691240e+01
-4.170987955930205260e+01
-3.319488014637052231e+01
4.022593262286599725e+01
7.853998428890852779e+01
4.351554618544073350e+01
-1.865343588984523038e+01
-1.547474388697470005e+01
-9.103802887898719831e+00
-7.364368050472536709e+01
-7.223596811374204663e+01
-4.716388117415794312e+01
1.550914458511659078e+01
-7.910852586390558372e+01
-7.622099938764162630e+01
-7.637153272217898348e+01
-5.569636450266072814e+01
-4.871948325613664110e+01
3.683320131841306733e+01
6.258978708155652981e+01
6.762617509446184272e+01
-6.519673945275263804e+01
6.598720728581928086e+01
7.209020479055385522e+01
-3.438221725585602684e+01
-3.045053232662584008e+01
-2.821969464224878976e+01
7.264126366106192734e+01
7.122206438965879727e+01
7.596838741730080358e+01
-2.412481259691545077e+01
-3.242653483829563044e+01
-1.603809363879928007e+00
5.129906492976927979e+01
5.121330266035808876e+01
5.638104191889515704e+01
1.619213099320540028e+00
-6.186351632876979778e+01
6.538638613255724863e+01
6.967800254250343528e+01
7.482227019543277891e+01
-8.022044725845094604e+01
6.157564163575960237e+01
5.542594455609832238e+01
3.681099085687530703e+01
3.711673447280315230e+01
5.093605743821395038e+01
-4.211154571776670252e+01
-4.242836476925931777e+01
-4.692020804232328857e+01
2.820158452596844967e+01
5.874792163342687701e+01
5.624948319684801135e+01
-1.299362674830513065e+01
7.645430088198349949e+01
7.663030866450677081e+01
-4.166704675452380258e+01
-3.276919338618218092e+01
-4.062107996188405679e+01
7.829238241166305556e+01
-6.019754742211660670e+01
-6.226783436228556212e+01
-6.445507154235218650e+01
-5.835301014917310169e+01
6.064524241599678334e+01
5.225741892217377682e+01
-1.322038410185349022e+01
-4.135771744001829120e+00
-1.213891188397644072e+01
8.218979462778563061e+01
8.303222134042067637e+01
8.162848374372939020e+01
8.314288804807004851e+01
8.222859742371960579e+01
-5.746918555191564337e+01
-5.728371308092017955e+01
6.137053333938212774e+01
5.445348438678246339e+01
2.127525123131110085e+00
7.924777892772456767e+01
6.467697858443756331e+01
6.854375253370514542e+01
6.377287006328778318e+01
-8.143327609836734382e+01
-7.870620387796670059e+01
1.124313728336361073e+01
6.898996236247339198e+01
5.905181356750961186e+01
3.414257784057097211e+01
6.943130651772308681e+01
6.419078071125051110e+01
6.483238767626770027e+01
5.800166539702483703e+01
5.260210354234673247e+01
4.322024528573452784e+01
8.204430505772531035e+01
7.899457505738034513e+01
8.138649598179245004e+01
7.572155316651969770e+01
7.841393731652243559e+01
-4.600466550437617030e+01
6.851895205323867799e+01
3.103289591780508871e+01
4.554387227532709659e+01
4.941378420348269174e+01
-1.830218359584993948e+01
5.205849405634332072e+01
-2.629514821983894990e+01
-3.729548967293070660e+01
-3.023424301287052884e+01
-3.755330916091821081e+01
-3.698685429123308666e+01
6.678184895633985718e+01
8.039002071886532974e+01
-3.455092414130687217e+01
6.629233992882727478e+01
-1.603546213323448910e+01
-1.628031032616368989e+01
-2.183275829355287101e+01
7.720497665727525316e+01
-7.154000356381969539e+01
-6.842393472732325677e+01
8.115281083255678141e+01
-8.276718368008226889e+01
-8.514155998080200050e+01
-8.224467497056156162e+01
-3.120971718980587895e+01
-8.339157797818469930e+01
-8.377227342660773957e+01
-8.225871213733218212e+01
-3.886422646009579296e+01
-6.991488540288807485e+01
-8.236198639591707149e+01
-6.257403739353841132e+01
-6.250392465200428660e+01
-4.705601727570960691e+01
-3.572341335035756771e+01
-6.011767924487794801e+01
-9.905991475899686094e+00
7.962406232616262791e+00
6.266042744223945249e+00
5.405049342810474222e+00
-5.924437314766073115e+01
-6.557953303389737698e+01
-6.289954044191635774e+01
5.625472606800408215e+01
5.973541876886938695e+01
2.831254716181026154e+01
2.049392945257254084e+01
-4.284743840440582119e+01
-6.144350070167978828e+01
-1.366765466881821922e+01
5.999263688608373002e+01
5.554678053645469760e+01
6.022822881448728083e+01
5.329731013998768674e+01
5.965843227269436255e+01
6.577527807581272157e+01
6.425643603208898469e+01
6.990870687784281756e+01
7.722280534710962741e+01
7.359726239474149168e+01
7.084289022411937253e+01
6.563444422825315883e+01
2.651137161719444890e+01
2.004900045205290837e+01
-2.235436564661846148e+01
-2.336683804544832910e+01
3.497014704067556323e+01
1.683467560996795953e+01
2.007316314719345129e+01
7.170589521342611761e+01
-1.272278372396782053e+01
-4.021573754053989802e+01
-1.028040281520986987e+01
6.384045893793849302e+01
6.271864854972567116e+01
3.922401801278304134e+01
4.039783590396997681e+01
-5.719133947220868208e+01
6.931628156510706162e+01
2.044089755744190029e+01
2.530028019722776023e+01
-5.402700332533394345e+01
-6.784365394919907999e+01
-7.362121236227532961e+01
-6.096714488283897282e+01
5.240350099883112023e+01
4.904650652390476750e+01
4.356249637585494838e+01
1.767455058106119026e+01
-5.405050522618032005e+01
8.701764058724310757e+01
-4.078223337271789717e+01
-3.335318615148366916e+01
-4.546217932302693754e+01
-7.848028069080538671e+01
-7.728710964106636538e+01
-3.659308801931847910e+01
-2.448122454578275864e+01
-3.254976476920302275e+01
-3.511608559473248192e+01
-2.624405854169707908e+01
-4.392260724865997901e+01
-6.372002907160499774e+01
6.788851920875086421e+01
1.215169190639232077e+01
-7.683492456810203919e+01
-7.805670578778232560e+00
1.372032652592938939e+00
8.265553247862892761e+01
8.420341175388668375e+01
-1.977184317620772092e+01
7.454645708301450568e+00
1.295256343312416014e+01
3.933389842167389183e+00
4.904550180244569013e+00
1.783788791908946081e+01
-2.744897932965175968e+01
-7.371107215826273773e+01
2.873173503218605163e+01
2.506890144477018012e+01
7.116423594821029042e+01
7.949384509757558703e+01
-1.997715835271555918e+01
7.670808448099307952e+01
7.300101154840722018e+01
7.590584868853251521e+01
1.596689735877706973e+01
7.079649650730358701e+01
-7.040626768770947308e+01
6.526347549957701233e+01
6.817000221023481288e+01
4.182798839216904696e+01
-6.456545035802888322e+01
-7.538779578702079220e+01
-7.455675535699839429e+01
9.115725591994374710e+00
1.805690793405585026e+00
-6.172787253371038219e+01
6.230962463716539901e+01
6.529961970238680635e+01
7.364773012899321714e+01
6.921649284425524229e+01
6.100720259056554085e+01
5.556264018067881949e+00
-3.843551588424578824e+01
-7.656803408535891720e+01
-1.035009174677393951e+01
-1.194777403442038022e+01
-7.913188098869076725e+01
-7.632290248425559298e+01
5.823037455224830694e+01
6.323910979056616100e+01
-3.018794507061435084e+01
-2.289359423124632809e+00
7.772338955981655317e+01
2.058542586986414946e+01
3.889667599195600189e+01
-4.837575962148780384e+00
-7.102947058247575995e+00
-8.472465120131259653e+01
-1.282841905796852977e+01
-1.572124986160969051e+01
-2.118022881991590012e+01
-2.660688188434480850e+01
-1.550766126383599008e+01
2.735653623109989141e+01
7.516389497821705845e+01
-8.349142588862979153e+01
6.291877782462542257e+01
-6.075346793587844019e+01
-5.757730199650428204e+01
2.344044797101314970e+01
8.589036333166326642e+01
8.513086586052544646e+01
8.590607568057639298e+01
8.658672785280518269e+01
-2.886653940448918831e+01
1.212930249692461082e+01
8.919470831538925282e+00
5.546230564803615692e+01
5.649477880992377976e+01
6.186436861128637332e+01
-7.236103633761011622e+01
-7.384371267929216742e+01
7.370727258622549982e+01
-6.681948384208980940e+01
-7.218972359070589562e+01
-7.270588258200815801e+01
-7.201660148938687200e+01
-8.100323724151238025e+01
5.135225013255740834e+01
-7.462327058786829070e+01
-5.057266738326251954e+01
-6.108836405360769994e+00
-8.701269438579485893e+01
-8.759768832336420985e+01
-8.598162887613830208e+01
-7.421738595018504725e+01
-7.470298155372603333e+01
8.041445832319978138e+01
7.769461233783705723e+01
-7.326212979902238942e+01
-7.144535738366803912e+01
-7.479573034573760992e+01
2.381700651643273048e+01
5.650872532819889216e+01
3.255657127103689152e+00
-4.451876664994528277e+00
-3.264943457842401031e+00
5.394498460132386697e+01
3.330875179622185822e+00
-7.891514950546562090e+01
-7.870867238763432283e+01
2.348585486395514010e+01
2.151655400320963096e+01
4.619583719803135757e+00
-2.819280795808348117e+00
8.423053458554487349e+01
6.006452372705466836e+00
-1.886498462167812029e+00
5.020658942468878116e+00
5.187018448951365990e+00
-7.029420406821340350e+01
1.124622486758087980e+01
1.325014982221997961e+01
2.072674166390156003e+01
-2.366825061301335964e+00
5.209232564982901437e+00
-4.778638878591638672e+01
-4.167166422120686775e+01
-8.271620805962329825e+01
8.370979715665353638e+01
7.981183072549765711e+01
5.046257607629455322e+01
1.378701018919755938e+01
-1.860917275319772912e+01
4.064130853404527244e+01
-4.203470419194034235e+01
-3.397911168733318998e+00
-4.421839941409144714e+00
-6.509598965302930651e+01
4.187291127741269747e+01
4.702007312171136277e+01
-1.798834323417766967e+01
-8.098814648201089028e+01
-7.885741368410803886e+01
-7.715721058331845938e+01
-7.311996433142105900e+01
-8.616871653539512010e+01
-5.206707034185863847e+01
-3.567808907792944240e+01
3.332072048873440195e+01
2.764716682935241110e+01
3.641542452318015677e+01
-7.959874133384240658e+00
2.766243172013753138e-01
8.329400813858208608e+01
-2.593160518382191881e+01
-7.193016926817251999e+01
-6.901113025184561423e+01
-7.308329426555552288e+01
-8.062866325706018245e+01
-8.170544413548473983e+01
-8.277575715220076802e+01
4.219529246373595299e+01
3.685981552662833849e+01
4.312761359213867252e+01
2.798394265620957100e+01
2.075348503632424979e+01
-7.386666300542562169e+01
-7.419503714816957540e+01
-8.390184111526900779e+01
-8.109926880340431410e+01
6.164295901985425274e+01
-7.773516983803527580e+01
6.261430161314496701e+01
3.616334039564723923e+01
8.659173532424903286e+00
-7.051943221114004245e+01
2.345724547015873895e+01
2.474136069897159018e+01
8.003738570136025032e+01
7.779085979024597464e+01
1.493301844627431052e+01
-1.241535927225113944e+01
-3.315012317668527686e+01
6.618827339789559971e+01
3.755623742472189974e+01
-1.167168079638842038e+01
-7.460063432105408765e+01
-7.209964620957421744e+01
-7.327985947132079048e+01
8.633613575907133963e+01
8.613846789486882471e+01
1.585740488113150981e+01
7.452657781350195876e+01
-2.480862730082888845e+01
-5.350294019895378739e+01
7.054692763256359633e+00
1.405503630496665934e+01
-1.607561168051134004e+01
6.707696465573339140e+01
6.869383317019881474e+01
9.303746023041256308e+00
-6.832552770412587506e+01
-5.701391002076216807e+01
8.571510052765566456e+01
3.368065307173358747e+01
4.019437064563575746e+01
-7.020034981028886989e+01
8.233061856299431724e+01
8.463285804249512978e+01
8.348197437284623845e+01
8.357277055506509100e+01
1.448839461171355936e+01
-5.384381251226322718e+01
-2.112429132368422913e+01
-6.304152134691911868e+01
4.674594438806700936e+01
3.405192429125135334e+01
7.119027249853466799e+01
8.035860751591174278e+01
-7.310771571254828416e+01
-7.127068128699779948e+01
7.988134782156393499e+01
-3.976813537463733184e+01
-4.817877509221688825e+01
3.321255874891723181e+01
8.709114515452366589e+00
8.425263139742459373e+01
-8.098482911185631394e+01
-7.904405095208331034e+01
6.700548771325630071e+01
3.443958662139299065e+01
-8.438974981892235405e+01
-8.256716734811114122e+01
-8.450481912449707522e+01
-8.459203781202174355e+01
-8.518910407510922767e+01
6.471008028662136979e+00
-8.614071135604676499e+01
8.599674098191907490e+01
-6.180955469448201711e+01
-6.545033231602890567e+01
-6.840625731979206137e+01
2.512529616979205116e+01
-1.782400864449580880e+01
-1.109868670338338070e+01
2.649558322716330139e+01
-3.142777914668791084e+01
-6.528084564111478016e+01
-8.486904129599447799e+01
8.612319318690197179e+01
-7.627429990209596156e+01
-7.472439633318785468e+01
4.468816122640804167e+01
3.062984209008929071e+01
-1.300618903918586966e+01
-6.017761604483100157e+00
-3.873427796450696903e+00
-8.417190105778308862e+01
7.016838837124433326e+01
-1.301582552157280048e+01
-8.497095629187732868e+01
-8.426881008501376868e+01
7.298975922591640142e+01
-7.257316606756930355e+01
-8.257044489069625115e+01
-8.317162663421559898e+01
5.574901839311708329e+01
5.905211198100212755e+01
1.788332869555199167e+01
7.655162853469056472e+01
6.252859779149314079e+01
3.576920765581981954e+01
3.205609262177655694e+01
-1.361890436842542051e+01
-7.072244164916294551e+01
3.627857463032346175e+01
1.046724068514754080e+01
7.399041062952586856e+01
-7.943825458305157383e+01
-8.206289134625465920e+01
8.348067027956366815e+01
8.068933207285539311e+01
8.544833694738250074e+01
-7.839280445728431346e+01
8.573140161619414812e+01
3.727516638519860237e+01
5.853796249348779668e+01
-6.309256615618082265e+01
-5.280042660652659237e+01
-8.156890042950777797e+01
8.325271817318810008e+01
-8.115156475678740833e+01
4.913153866309129825e+01
-8.480770755291042917e+01
-5.061292627665572752e+01
-3.226126132734334107e+01
7.917657691449620927e+01
8.139370250988697819e+01
7.837017056305664653e+01
-1.331306313951535003e+01
-5.799064951100380227e+01
8.389715081667883112e+01
-7.609868366967693021e+01
-7.312214531788757199e+01
-2.513190421336507896e+01
-7.398565259129036065e+01
4.313749918089662128e-01
-2.470849976655501212e+00
-7.231869472203734972e+01
-7.418990450797049618e+01
-4.412616704851412663e+01
-8.482521931471050891e+01
5.613049829731873785e+01
5.717342897685757919e+01
-7.704853392034500814e+01
-1.953015914612651116e+01
1.134160223071135043e+01
-1.780747353305929925e+00
4.476066534364615102e+00
5.334079993667999275e+01
-7.209466613591197870e+01
-8.512031213183323075e+01
8.318021762970523980e+01
-2.079722490902710064e+01
8.687743283616350709e+01
-8.217509281969577728e+01
2.254528028956390173e+01
8.644247643806610881e+01
3.430459864149006677e+01
3.469282941086481831e+00
-5.778134764078689756e+00
7.332557818153827611e+01
7.394211151181376351e+01
7.443659097301774352e+01
-8.574523443604580564e+01
7.071522829355767215e+01
8.607606682948696175e+01
-3.171938404396543021e+01
8.457375450687791840e+01
7.374328881885941200e+01
-6.365193180576230247e+01
-1.649379139345667866e+01
6.585891624594347604e+01
-8.306478494146976743e+01
-7.991051466249750490e+01
-8.702281523696646559e+01
7.332418135829915684e+01
7.306836187250843295e+01
7.036182877915030076e+01
-4.063463580860302926e+01
-8.622909478626338853e+01
-8.577224384332423313e+01
3.296829719292841077e+01
-8.449715669325867395e+01
-8.588911027566884115e+01
-7.746569705260240823e+01
-7.753439738307461937e+01
7.444203480888572244e+01
7.123937292440240299e+01
8.383615639944402176e+01
8.473360514807535537e+01
8.581151540891964657e+01
8.440325740309113201e+01
8.588714438180304001e+01
-8.600296039466634568e+01
7.719477139909772134e+00
-3.299133057059444951e+01
4.229314214337571265e+00
-2.930420324346901251e-01
-3.456489621436296744e+01
7.735854691517903348e+01
-4.693554490724380912e+00
1.997038312941523941e+01
-1.867746026972048057e+01
-1.922885510374456075e+01
-2.493357691048937141e+01
-1.164615261262700940e+01
2.508034245302400045e+00
7.134642021850648064e+01
-6.732095796309694435e+01
-1.403321470289055917e+01
4.406909514924858051e+00
3.158797574756594173e+00
8.279529422074928391e+01
6.864966536721061630e+01
-1.225298311157519038e+01
-1.712407541652878962e+01
7.024482943275856428e+01
7.630853442432501765e+01
-8.464783261589698782e+01
6.217771088115072331e+01
6.606813241703397921e+01
7.306755407372141065e+01
5.825908578666668092e+01
8.263084778787076345e+01
8.432634724158862127e+01
-9.692396626895620315e+00
-7.430327394348292103e+01
8.294383196460285035e+01
7.587395213725740462e+01
7.526075250443471987e+01
4.204812269660854973e+00
3.467429215710855051e+00
-7.382067819833824274e+01
6.144114037187892841e+00
-7.364608566019828118e+01
5.240054944105015267e+01
5.128421848228710189e+01
8.394521996484006365e+01
8.435220230920953099e+01
-2.024334452864217937e+01
-3.216339612957813898e+00
-1.283590999281656941e+01
8.627458738459496601e+01
7.341469419694516318e+01
-1.668673130090628121e+01
6.961123437526326541e+01
-7.827895434483802717e+01
5.932732347124633066e+01
8.475637961396107301e+01
-7.285265858590776133e+01
-7.551250625517218396e+01
5.407792807892302278e+01
7.874358780379630218e+01
7.634146306225269996e+01
-2.533986284671048139e+01
7.893956118293337099e+00
-1.540259746273068941e+01
7.497705491073799067e+01
7.256502358720695156e+01
7.885645271811234203e+00
1.208838465880210933e+01
9.226892259570096400e+00
-1.975591556228819101e+01
-1.980049176124894927e+01
-3.047012402651747109e+01
-8.593430061470962755e+01
-3.229896285831161151e+01
-8.057554960529613197e+01
-7.574024740689344526e+01
-7.794745064505561061e+01
-7.331726553303379035e+01
-3.354967904884899355e+01
-8.770338570203088580e+01
-8.116496177188076899e+01
-4.981792836290048854e+01
-8.369101394138843375e+01
-8.426815960712274034e+01
-4.389314732342946712e+01
-7.696386866466322374e+01
8.529847525530844621e+01
8.258015057574982620e+01
-8.235498947298590622e+01
7.073233027349654378e+01
8.390472815779124005e+01
6.084011070037316671e+01
7.687220358401151366e+00
-8.736651347404242074e+01
8.255977733294741938e+01
-4.852805123465386394e+00
-8.587935998426689821e+01
