1
1010
1582
925
1374
3
563
1057
455
915
16
2141
2486
220
375
1158
758
1522
1600
8
576
577
173
392
10
1186
1408
12
2667
12
277
1153
622
14
223
368
631
716
320
646
1447
2152
2807
19
719
953
265
1036
1910
800
930
21
910
1396
26
1052
23
198
322
494
1184
155
2370
2573
26
136
275
2459
812
1012
2090
29
80
846
1352
2036
31
1365
1419
69
940
33
946
1055
717
1461
35
502
1708
1166
1169
112
238
833
38
228
2477
875
1169
40
1250
1337
1251
2419
42
121
915
975
1122
44
918
1172
735
1076
46
583
2284
705
869
48
987
1462
1612
2116
50
1005
1421
766
1190
53
353
1003
99
812
1905
841
1646
55
1380
2275
1996
2104
57
698
1407
1535
1645
59
563
1056
66
1017
61
216
496
69
1654
63
637
1763
501
1064
65
582
2216
1451
2647
68
1192
837
855
2132
526
1071
1093
85
86
1151
74
1193
1616
73
1552
1554
410
2398
85
1170
80
91
1119
77
1561
2646
485
1961
79
1562
2525
1566
1976
1231
82
106
1751
1070
1207
84
793
1535
560
1407
1193
280
2054
92
801
1651
709
1216
1829
92
846
2036
91
496
1276
217
2424
94
398
400
517
1096
96
265
2270
458
2695
100
355
2044
99
1406
2626
2133
101
1011
333
381
103
1215
1696
2142
2662
105
1671
2679
1698
1938
107
1829
771
1765
127
1182
1390
127
197
733
111
698
1476
840
962
2329
2339
114
2465
2764
1745
1746
116
1356
2492
1749
2165
118
2607
2711
332
2268
120
863
1652
417
1802
122
580
648
1837
124
994
1652
1145
1802
126
1841
2640
489
2161
1076
130
147
897
557
1207
1308
148
1068
132
1852
2458
1826
1917
135
500
830
836
1674
2613
861
973
471
2455
138
1881
2220
1880
2067
2196
2352
2783
141
2331
2393
471
1325
145
438
2191
144
445
1759
1454
1932
539
2697
148
500
828
692
1148
1189
1306
1382
2518
457
594
850
177
1178
1415
177
958
2756
325
850
2390
155
2432
2433
2286
157
1544
2532
158
820
1954
1957
165
1107
1123
571
2291
2571
258
1188
1886
1085
1748
1793
164
462
2034
587
868
559
1141
167
1254
2465
168
1255
2791
2792
170
1550
2018
1530
1539
172
1482
2774
299
1323
469
716
175
464
1006
498
712
178
966
1101
538
179
1016
1008
1154
182
468
2609
182
337
466
2324
191
856
1398
185
1956
2301
1359
2302
1165
2480
2546
188
2525
2656
1739
1960
190
1506
2453
2334
2773
192
1808
452
663
194
195
777
990
2106
1194
1532
197
198
1390
568
1230
200
1708
2251
1511
2207
203
1058
1601
203
2109
2460
2063
205
2489
2559
212
2566
207
208
2566
1425
2085
209
2226
2200
2310
211
405
2677
1135
2239
1826
2226
215
2035
2498
215
2117
2300
1876
217
940
1117
220
619
813
304
1099
1533
223
222
2388
2668
1684
2255
632
226
330
1307
226
509
931
2503
229
497
1160
276
2245
230
1044
979
1174
233
345
1384
233
1556
2067
2385
235
823
1533
364
2392
237
1030
1109
239
1117
1250
1335
1354
1771
241
243
2519
2400
2576
1165
1769
2547
1441
2493
245
1369
1964
1256
1757
247
1103
1541
866
981
249
577
2158
250
1693
443
576
255
297
1484
481
2015
2430
255
879
2195
711
1022
2222
302
257
1406
2295
831
2232
367
1250
260
389
1564
1776
2776
1021
1835
1842
264
1858
2595
1999
2068
2642
369
2439
313
268
1875
2136
268
1942
2452
2030
270
442
443
271
2384
1553
1772
275
473
1247
274
2209
2231
532
2545
942
279
415
278
670
1088
2271
423
425
281
1281
496
1658
284
1255
2792
284
447
2558
1758
286
1457
2542
287
1492
1277
1963
289
1621
1893
339
2657
318
396
2456
293
2110
2348
293
1719
2040
2514
295
1935
2200
2123
2375
298
639
1046
298
935
2195
300
403
301
2488
478
1821
303
1820
343
879
823
1054
318
1882
1884
307
1038
1732
308
827
583
1572
310
1375
2652
311
2253
1464
2637
314
827
2034
459
1035
774
1301
316
2187
2718
1323
2739
319
1075
1105
1594
1001
2242
691
2262
335
397
724
1210
1319
326
730
2254
326
1253
1950
1578
2663
1181
328
2283
2428
329
1964
1258
1370
333
379
332
1354
2193
1309
1157
1410
1657
1815
1086
1127
339
1364
1621
2611
2732
339
2229
2233
343
345
428
342
1670
2416
1772
2462
2089
1766
2630
2729
726
351
1641
1782
1901
2669
2734
349
1466
1688
1667
2551
351
1574
1906
983
353
1222
1223
1583
355
356
1486
1582
589
925
359
913
1046
360
952
2243
360
935
696
363
887
1687
363
968
1471
2319
366
967
1191
2222
2304
1396
2459
591
980
375
2313
370
1337
2419
2686
373
1494
1759
587
1350
2031
1403
1916
378
1529
2524
378
377
1048
2635
545
1825
873
380
2503
381
1164
2103
786
906
1443
385
1688
2781
386
1167
2336
386
1795
2800
391
497
894
391
891
1075
390
1887
2113
2779
1201
395
704
394
744
895
892
1132
396
470
2237
778
954
603
1435
408
994
1237
558
1802
402
1529
2313
1959
2516
404
477
2172
2774
407
1026
407
551
1933
597
409
1077
870
1652
412
1627
415
2477
2663
483
2487
414
1359
1746
1792
2764
1716
1320
1569
2620
933
1435
419
444
1875
2272
2452
732
1620
1914
424
937
2118
424
872
1892
1451
1523
2362
2042
2762
429
430
2473
428
543
797
880
1450
1823
2399
2471
432
1056
1057
641
923
434
435
2402
1874
2151
486
2098
437
522
769
438
889
1436
440
441
1394
1678
2593
1855
2004
576
704
552
644
2527
448
1506
595
2299
2326
448
1454
2296
702
1202
1422
451
1248
2183
454
2765
453
2730
2174
2706
529
1898
999
1121
457
559
740
2663
459
460
802
1754
2407
1245
1740
1941
465
1301
1358
1561
2722
465
511
867
1507
2553
494
605
1096
909
1439
470
714
2182
473
476
636
1326
476
475
1027
1403
1140
1494
1713
480
481
479
1323
2187
2564
2002
2488
1559
483
1554
2403
2680
487
2151
2475
1994
2736
487
882
2618
489
490
2294
1714
2588
2640
492
608
903
493
1220
832
1225
1400
499
1985
2748
1074
867
981
629
2710
881
517
604
503
516
636
1712
506
890
1439
506
686
1109
909
1087
1654
2441
510
692
897
1113
2304
535
586
512
616
530
635
515
768
1389
592
2141
2262
1241
1837
999
1163
1400
519
852
1408
520
1810
731
1620
523
699
2570
523
570
2493
526
1273
2451
526
562
580
558
606
1145
529
843
2772
1660
534
1301
532
1591
2467
1647
534
633
2059
773
536
795
537
1051
1355
1583
540
2139
540
596
2554
542
2065
2169
1656
1859
545
2335
545
880
1110
548
886
955
548
968
969
2140
554
1472
2240
551
2677
2691
1755
553
1693
1552
1553
1025
2236
744
896
899
896
1040
1177
924
1198
1096
594
561
835
792
1573
563
915
1198
1263
1610
566
1968
2583
567
2775
1060
2039
569
661
733
860
694
1951
572
1839
1691
1853
590
1098
1361
575
700
970
610
2298
578
579
2516
716
2313
647
582
2390
2405
1578
774
585
778
2106
586
690
1051
2043
589
924
1194
1531
605
606
1900
1907
1416
2360
1416
2058
2179
2454
598
1677
2140
2190
598
1368
2346
600
1128
1773
977
1193
602
711
754
750
931
604
1487
736
2160
1143
683
1072
1477
611
937
610
781
1200
1710
872
1212
613
1055
1461
614
722
1007
1262
616
627
1182
1764
618
1083
1164
1081
1915
620
703
621
1158
805
900
1942
2175
624
972
1732
978
1038
1180
1625
1677
660
849
2134
1006
1076
629
1042
1105
630
1155
1423
632
714
809
635
637
1322
1571
2753
1764
1707
737
639
1049
2635
819
672
675
1367
642
1179
655
711
644
645
1672
1661
2056
2249
649
1293
648
2451
1240
1300
2143
651
2005
2261
652
2614
2702
2748
656
802
1089
657
1266
1610
945
1062
671
1035
1402
1587
709
916
1828
1106
1114
1349
673
2331
764
1673
664
665
713
1226
2174
728
1221
1172
1227
667
1980
2478
668
902
1896
2097
670
1152
1547
2532
989
2480
674
1129
2391
2725
1217
1468
707
1216
677
1231
1756
846
982
679
728
950
807
1456
681
799
2394
682
894
782
1201
685
1147
685
990
1611
1067
687
689
929
1115
691
1434
2133
1030
1365
692
1311
2486
1458
1650
2201
889
2225
697
935
1484
697
1118
2787
1073
701
769
1116
1200
969
1471
703
806
810
2456
706
835
1572
1573
710
1737
1171
1174
1423
710
1580
713
918
725
715
2032
2498
719
1100
720
1195
1778
943
721
749
1156
1307
723
2643
724
1483
1752
729
981
727
797
2277
2385
729
1103
731
852
732
1028
735
779
1518
1953
791
737
1612
2059
739
2092
2774
741
1525
1107
2477
2064
2541
743
960
1080
744
1137
746
1476
1879
747
1142
932
1485
749
753
1228
750
1307
752
753
1680
910
1327
754
1062
756
758
2216
938
1838
2016
2448
2684
2647
760
1112
2304
1071
1192
762
1714
2777
763
2649
2030
2186
766
2613
766
1214
1421
768
1027
1123
2502
2191
771
1097
1249
772
1401
1751
774
2284
776
1206
1651
803
2224
778
1131
780
2662
1215
2020
782
2010
1493
1224
1477
1587
786
1324
1419
786
929
1365
790
1020
2728
789
1398
1808
791
1227
1091
2483
1172
794
1045
794
1144
926
1583
1711
797
798
2581
2070
2277
1161
2215
839
1187
803
982
1433
845
805
807
901
806
1422
2344
811
1013
1453
813
2498
813
1876
2096
2683
2625
815
1371
2642
816
1952
1643
2788
819
2297
2298
1462
2116
2284
971
821
2377
1464
2661
1014
1149
2103
824
892
941
826
827
1032
1095
2043
829
830
897
1711
1002
1585
2192
834
1221
980
2341
1227
2274
854
837
1190
1206
928
1207
1609
842
1144
841
1645
1004
1535
1644
847
1239
845
1005
1229
1108
848
1978
2443
2747
893
895
851
991
2334
951
854
1073
1407
869
856
1674
2719
860
1398
1674
859
1740
2211
1245
1653
2613
863
933
865
1364
2000
881
865
1459
1642
2233
868
2031
868
1462
881
1189
873
1158
1212
874
874
2524
1106
1166
877
878
1009
1007
1125
1228
1778
880
1883
1953
885
926
1053
885
1050
1084
1209
888
1058
888
968
1694
890
1115
1001
1116
893
2391
1162
920
920
899
960
1175
1171
901
1212
903
1233
1383
1456
905
906
2225
1442
1951
929
908
1109
1771
909
2606
1065
912
1743
2267
934
2357
914
970
952
1116
917
1581
965
1120
1006
923
1247
1731
2789
1386
2413
2522
1566
1921
2525
942
928
928
927
930
943
1144
2222
933
961
2438
2476
937
1225
2173
1102
1734
1102
1285
1432
1030
1050
1132
945
944
1053
1099
1052
953
1614
948
1104
1197
949
2344
1422
1982
1104
2344
1181
1186
1001
1187
1051
1483
1601
1775
959
1218
1558
958
1124
1178
974
960
972
962
1476
973
964
1303
1616
965
1302
1773
967
1533
1016
2190
971
1046
1175
1004
1504
2179
1389
1837
977
1010
1014
1149
979
1176
1159
1013
986
985
1602
1305
2203
2387
1626
1736
1303
1440
1142
1879
989
1165
2602
1019
1199
1085
2389
993
1238
1588
994
1146
996
1973
2147
997
2004
998
2593
2146
2735
1000
1712
1731
1003
1004
1711
2224
1752
1009
1630
1262
1139
1014
1582
1013
1907
1016
1327
1396
1022
1179
1497
1911
2265
1021
1089
2257
2668
2078
1191
1024
2239
2240
1696
1843
1026
2239
2346
1141
1029
2254
1625
1940
1033
1692
2620
1034
1038
1749
2585
1094
1159
1037
1037
1497
2258
1040
1155
2710
1414
1043
2145
2276
1044
1074
1987
2016
1423
1209
1219
1048
1049
1974
2147
2297
1054
1065
1054
1615
1179
1731
2590
1060
1061
2101
1324
1092
1446
1065
2272
2345
2527
1319
1400
1068
1072
1148
1311
2106
1077
1070
1120
1609
1828
1274
1224
1879
1075
1189
1455
1834
1880
1178
1251
2108
1084
1208
1082
2441
1446
2013
2105
2437
1137
2766
1131
1545
1093
1446
1090
2532
1801
1954
2345
1901
2512
1093
1419
1095
1161
2215
1098
1312
1316
1100
1101
1150
1395
1104
1985
1107
1440
1750
2195
2635
1112
1113
1164
1915
2503
1121
1163
2225
1119
1599
2243
1352
1128
1122
1349
1393
1188
1890
1126
1127
1409
1545
1752
1139
1366
1679
1131
1532
1539
1137
1134
1927
2632
1949
2001
1136
2672
1843
2548
1902
2288
2654
1374
1141
2453
1613
1146
1316
1146
1148
1311
1151
1154
1461
1998
1153
1551
1186
1262
1177
1157
1550
2044
1160
1162
1162
1166
1168
2102
1536
2781
2207
1281
1756
1177
1873
1894
2130
1176
1176
1252
1368
1551
1211
1184
1230
1679
2160
1259
2052
2120
1223
1251
2224
1192
1199
1409
1550
1197
1982
2526
1541
1199
1201
1203
2318
1876
2650
1205
1937
1939
1924
2692
2029
1209
1218
1211
1390
1318
1216
1217
1765
1366
1673
2560
1310
1219
1573
1221
1456
1355
1614
1646
1237
1226
2274
1680
1420
1737
1673
1276
1233
1980
2794
1234
2264
2518
1236
2112
2189
1804
2779
1588
1249
1316
2273
2478
1241
2494
2621
1243
1784
2785
1659
2596
1246
1649
1805
1246
2177
1713
2235
2689
1402
1253
2254
1399
1256
2759
1256
1258
1796
2428
1499
1260
2708
1261
1806
1642
1952
1266
1308
1265
1268
1830
1267
2149
1401
1770
2418
1744
2694
1270
1932
2244
1272
1759
1272
1297
1444
1916
1274
2250
2014
1278
1623
1701
1281
2743
2763
2192
2232
1280
1983
2578
1331
2634
1283
1500
1857
1284
2533
1996
2275
1286
1418
1287
2217
1753
2407
1289
2229
2657
1290
1945
1474
1617
1292
1447
2295
1293
2442
1298
1295
1296
1315
1431
2244
1297
2771
2322
1299
2184
1300
2188
2289
1440
1581
1756
1306
1458
2491
1306
1411
1751
2757
2761
1312
1361
1765
1315
1430
1687
1315
2319
2400
1797
1997
2427
1319
1763
1322
1692
1322
1686
2528
2583
1326
1683
2701
1630
1329
1330
2120
2086
2168
1331
2052
2137
1333
1589
2420
1334
1697
1463
2666
1336
2329
1337
1858
1339
1426
1619
1606
1914
1342
2037
2048
1342
2199
2375
1894
1344
1717
1902
1345
2227
1428
2352
1347
1397
1672
1869
2345
1905
2807
2808
1393
1351
2215
1723
2394
1353
1354
2761
1360
1357
1631
1358
1685
2664
2021
1483
2643
1468
1363
1528
2046
1364
2723
1367
1420
1399
1370
2371
1966
1373
2124
1373
1665
2168
2068
1609
1376
2447
1378
2703
1378
1776
2446
1987
1380
1469
1536
2012
1382
1410
1411
1383
2097
1385
2089
1388
2067
1387
1460
1807
2514
1449
1823
1393
1392
2218
2599
1825
2146
1846
2126
1833
1925
1988
2056
1933
1402
2500
1405
1512
2278
1715
1888
1434
2408
1778
1836
2315
1413
2223
2401
1414
2515
2789
1593
2108
2325
1418
1567
2163
1734
1421
1426
1809
2161
1965
2310
1818
1428
1718
2003
2780
1430
1785
2100
1431
2557
1433
1798
2407
1447
1485
1439
2324
1438
2096
2580
2355
2682
1442
2138
1443
2582
1445
1864
1922
2316
1449
1450
1546
1880
2693
1716
1454
1704
1758
2341
2511
1546
2814
2328
2380
2230
1460
2412
1806
1831
2713
1957
1467
2012
2489
1467
1469
2559
1470
2781
1679
2160
2570
1856
2417
1641
1721
1783
1475
2591
2485
2644
1611
1479
2074
2735
1480
2745
1779
2227
1482
1525
2496
2739
2327
1487
1530
2018
1613
1489
1819
2605
1491
2674
1491
2256
2499
1990
1637
2556
1928
2394
1506
1496
2690
2784
1498
2326
2469
1906
2299
1966
2575
1534
2595
1502
1709
1984
2586
2793
1517
2070
2563
1505
2756
1507
2325
1904
1509
1510
1788
2409
2517
2711
2768
1512
2041
2251
1514
2423
2464
1515
1595
1636
2011
1518
1803
2020
2205
2598
2189
1521
2005
2370
1521
2312
2415
2286
1524
2291
1524
2762
2647
1930
1735
2064
2202
1895
1934
2494
2050
2425
2185
1531
1532
1537
1872
1537
2275
1784
2110
2596
1545
1541
1723
2031
1543
1844
1909
2449
2507
1547
2379
1840
1548
1549
1947
1551
1950
1624
1554
1557
1768
2330
1557
2220
2386
1572
1732
1560
2172
2129
2397
1851
2656
2738
1564
2114
2276
1565
1566
1887
1568
2405
1748
2389
1570
1676
1571
2763
1777
1575
1626
1677
2299
1577
2496
2739
2330
2467
1716
1589
2627
2666
1581
1750
1585
1586
2516
2158
1959
2295
1588
1653
2083
2135
2624
1592
2496
1647
1930
1775
2139
1596
2423
1597
1670
1597
2383
2462
1599
1986
2415
2457
1838
1839
2115
1607
1640
1605
2213
2612
1605
1709
2305
1865
1607
2150
1736
1618
2077
2484
1611
1613
1615
2643
1773
1618
2636
2717
1620
1809
2045
1624
1693
2411
1624
2026
1626
1629
2476
1629
2398
2463
2357
1680
2060
2165
1633
1703
2166
1634
1912
1941
2241
1636
1805
2422
2288
1639
2544
1639
2149
2461
2198
2359
2604
2359
1643
2000
1645
1646
1648
1650
2231
1653
2420
1931
2659
1658
1656
1657
1836
1897
2169
2054
1660
2765
2443
2027
2506
1663
1664
2630
2533
2729
1857
2329
1666
1669
1667
2068
2530
1669
2204
2567
2551
1671
2011
2527
1676
2675
2700
2743
1681
1846
2074
2745
1683
2246
2393
1926
1686
2722
1686
2492
1730
2769
1861
2136
2778
1691
1840
2693
2432
2492
1730
2474
1741
2266
2504
2731
1698
1923
2421
1701
2090
2579
1706
2575
2800
2625
1703
2444
2539
1920
1705
1932
2238
2369
2336
2660
1708
2701
2293
1727
2069
1713
1913
1724
2041
1718
2654
1979
1720
1927
1721
2110
2001
1723
1928
2526
2610
2767
1726
2418
2504
1770
2753
1848
2010
1729
2154
2540
2128
2395
2100
1734
2216
2405
1860
2541
1940
1750
1739
1740
1912
2210
1743
1744
1743
2438
2692
2418
2536
2751
1956
1748
2163
2410
2793
1754
2024
2698
1946
2376
1758
2371
1766
2340
2512
1762
2210
2715
2350
2656
1764
1901
1769
2220
2602
1769
2468
1777
2193
2403
1775
2107
2686
2276
2555
1780
1781
1884
2423
1902
2464
1783
2162
1784
1787
2450
1787
2470
2509
2645
1789
2696
1790
2079
2353
2733
1792
2021
2410
1794
1794
1991
1993
1796
1797
2800
2769
1801
1833
1800
2102
2336
2061
2460
1835
1804
2655
2445
2653
1807
2040
2274
1810
1811
2164
2408
1813
1814
2504
2257
2728
2528
2753
1817
2171
1817
2099
2402
2315
1819
1841
2150
1822
2327
2565
2783
1823
2089
1844
2507
2569
2577
1936
1833
1835
2055
1829
1832
2461
1832
1924
2694
1842
1881
2097
2025
2805
1853
2674
2813
2560
1845
2584
2675
1882
1848
1850
2799
2562
1850
2300
2616
2321
1852
2664
2648
2817
1855
2300
2801
2321
1859
2066
1858
1899
1874
2396
1866
1867
1863
1895
2316
1864
2500
1916
1866
1867
2212
1908
1870
1976
2737
1958
2705
2307
2738
1872
1885
2460
2102
1877
2342
2144
2028
1878
2578
1989
2256
2078
2237
2098
2631
2745
2439
2595
1890
1900
2279
1889
2610
2594
2628
1891
2179
2809
2466
2712
1955
2479
2505
2621
1897
2273
2429
1899
2429
2183
2810
1911
2263
2436
2285
2732
1907
2162
2305
2687
2440
2687
1911
2269
1960
2164
2373
1940
2014
1918
2489
1919
2648
2012
2104
1921
1960
2279
2322
2744
1924
1939
2025
2055
2252
2281
1970
2009
1931
2064
2201
1931
1948
2317
2366
1936
2226
2404
2438
2487
1939
2680
2338
2186
1949
1983
2632
1945
2282
2534
2644
1947
1948
2379
1950
2499
2493
2124
2618
1958
1956
2536
2638
2638
2442
1962
2388
1969
2669
2328
2742
2008
2086
2137
1967
2509
2645
2366
2727
2734
2736
2633
2709
1998
2054
2437
1974
1975
2297
1974
2320
2069
2799
2114
1978
2282
2644
2485
2017
2178
2591
1982
2318
2740
2256
2305
2440
1986
2242
1988
2705
1990
2130
2125
1992
1993
2720
2766
2791
1995
2651
1996
2531
1999
2754
2105
2530
2723
2361
2003
2017
2292
2320
2414
2007
2049
2425
2008
2283
2759
2010
2561
2421
2014
2101
2017
2176
2057
2044
2020
2156
2343
2023
2024
2217
2410
2024
2678
2806
2398
2579
2028
2449
2314
2132
2659
2778
2035
2182
2060
2122
2796
2043
2801
2760
2038
2131
2354
2639
2101
2250
2708
2042
2245
2046
2536
2750
2048
2354
2612
2374
2050
2759
2750
2332
2684
2737
2053
2634
2709
2181
2057
2681
2141
2152
2116
2623
2063
2660
2063
2590
2671
2066
2142
2731
2298
2071
2073
2564
2073
2277
2749
2187
2593
2076
2301
2303
2077
2704
2309
2602
2080
2088
2143
2289
2083
2424
2659
2084
2490
2757
2084
2248
2086
2204
2088
2285
2360
2733
2096
2092
2397
2541
2172
2094
2095
2758
2409
2768
2707
2782
2099
2406
2472
2105
2651
2108
2419
2115
2439
2113
2444
2538
2113
2475
2145
2686
2616
2650
2119
2364
2173
2706
2124
2123
2529
2796
2123
2404
2131
2673
2127
2801
2182
2237
2129
2167
2430
2131
2135
2378
2401
2789
2719
2314
2622
2367
2520
2140
2159
2180
2148
2202
2448
2147
2387
2402
2556
2604
2153
2811
2154
2396
2537
2157
2548
2699
2157
2652
2253
2411
2170
2629
2164
2785
2217
2803
2167
2540
2241
2204
2170
2171
2406
2174
2271
2452
2177
2338
2178
2653
2262
2360
2804
2815
2816
2417
2185
2495
2442
2667
2495
2619
2618
2191
2411
2194
2606
2607
2205
2563
2198
2714
2716
2513
2200
2505
2203
2203
2597
2208
2265
2501
2245
2469
2549
2260
2549
2211
2627
2214
2294
2214
2358
2588
2219
2735
2221
2597
2227
2352
2246
2615
2236
2347
2690
2534
2231
2552
2626
2412
2368
2520
2744
2236
2417
2244
2557
2731
2337
2243
2281
2248
2757
2758
2782
2506
2681
2775
2252
2701
2661
2257
2528
2259
2480
2260
2469
2546
2594
2628
2264
2794
2265
2267
2728
2483
2758
2768
2270
2436
2704
2272
2772
2280
2281
2444
2615
2628
2747
2688
2325
2797
2289
2619
2696
2464
2426
2723
2788
2755
2488
2780
2497
2802
2777
2558
2773
2484
2303
2678
2658
2307
2349
2543
2333
2309
2436
2795
2717
2311
2342
2505
2457
2797
2363
2387
2317
2744
2435
2576
2323
2323
2770
2799
2697
2347
2473
2568
2718
2455
2333
2380
2542
2454
2577
2581
2338
2430
2340
2630
2341
2622
2548
2560
2347
2596
2617
2350
2738
2513
2689
2765
2784
2608
2711
2358
2356
2463
2357
2482
2587
2361
2603
2365
2712
2449
2687
2365
2409
2517
2368
2368
2582
2372
2450
2594
2372
2645
2408
2649
2375
2529
2377
2691
2379
2486
2807
2381
2382
2685
2508
2569
2384
2456
2462
2386
2749
2722
2390
2392
2724
2401
2396
2397
2786
2798
2771
2416
2458
2629
2413
2535
2415
2748
2679
2422
2422
2490
2426
2752
2428
2688
2772
2434
2562
2616
2571
2471
2798
2435
2741
2650
2441
2586
2601
2446
2776
2447
2655
2737
2557
2726
2454
2725
2786
2623
2724
2714
2580
2751
2495
2524
2468
2547
2472
2671
2693
2474
2787
2590
2537
2487
2485
2484
2636
2482
2483
2510
2682
2760
2501
2552
2727
2529
2612
2603
2502
2518
2621
2508
2508
2574
2511
2512
2683
2544
2523
2614
2702
2696
2520
2770
2522
2535
2589
2523
2617
2740
2769
2533
2736
2535
2538
2539
2540
2543
2544
2546
2547
2552
2551
2559
2567
2554
2697
2756
2556
2763
2720
2562
2741
2565
2565
2567
2569
2676
2576
2572
2573
2767
2610
2575
2670
2600
2622
2580
2598
2583
2585
2586
2700
2588
2641
2601
2747
2592
2717
2795
2599
2600
2600
2617
2605
2605
2609
2608
2611
2611
2615
2712
2700
2664
2721
2782
2626
2715
2631
2662
2633
2634
2657
2638
2703
2641
2673
2641
2746
2648
2651
2667
2655
2654
2695
2704
2670
2790
2666
2713
2716
2669
2671
2677
2699
2674
2676
2742
2698
2680
2685
2683
2685
2752
2690
2790
2694
2698
2790
2710
2705
2707
2721
2709
2714
2716
2749
2730
2792
2730
2725
2727
2775
2734
2733
2741
2743
2754
2788
2751
2754
2762
2767
2761
2791
2773
2771
2779
2778
2783
2785
2787
2802
2795
2803
2798
2803
2806
2812
2815
2806
2812
2810
2811
2810
2811
2816
2814
2815
2816
2817
2817
