-9.203120784935360632e+01
-9.540246302382810484e+01
-4.984667556338308003e+01
-4.560139506554656919e+01
-4.773484181529524584e+00
-2.471633779463440561e+01
-8.410051290774017474e+00
-1.320350107917839022e+00
-3.398376753392027716e+00
1.235570099414117493e+02
1.220340277042024297e+02
1.235343570891895979e+02
1.220670042504730617e+02
-1.718935960247341654e+01
-1.426742139618720273e+01
-1.053065822443239163e+01
-2.299015636935465512e+00
-9.872463435028298306e+01
3.658682673501851923e+01
-9.850237468375841843e+01
-7.374096054798643252e+01
-6.994185975957208257e+01
-9.087973898401891404e+01
-9.459299772379961269e+01
-2.576887558052520433e+01
-6.415996571863897202e+01
-6.794891473498404366e+01
1.434043612737498918e+01
-6.130486950200996432e+01
-5.821032562733408611e+01
-4.798043700808489831e+01
-5.120747437821798798e+01
-1.006850725184054056e+02
-9.737688295064388910e+01
-3.773383290814787472e+01
-3.472832568591123703e+01
2.163581157125561560e+01
-2.520465476434614516e+01
-2.858358421572799912e+01
1.488097358057570574e+01
1.149978697799623717e+01
-4.098791708622317032e+01
-3.706524984606551243e+01
-6.795947487945474563e+01
-7.115728922386185218e+01
-8.347354047442586022e+01
-8.612849744451030176e+01
-9.531825723874578671e+01
-9.413446469475553613e+01
-7.977913035598115243e+01
-7.793337357467666493e+01
-1.149761063399846961e+02
6.642201118634032397e+00
-1.121260282233080687e+02
4.428884620809031958e+01
4.592218891216452903e+01
-1.018020064647811154e+02
-1.031000163962256124e+02
-5.476558014161966526e+01
-5.661132404663968742e+01
-5.746773867776827416e+01
-5.740727985320828708e+01
-9.033425185237753396e+01
-9.367954432190184377e+01
-7.596925511940943565e+00
-1.055973380903515313e+01
-5.635281472441175765e+01
-6.669349839172832617e+01
-5.380049821478472438e+01
-5.440699522422956136e+01
-7.277481770879923317e+01
-7.728569284683847229e+01
1.934737703439182965e+01
2.259706843910052854e+01
-7.404615520556711772e+01
-5.807807825678028024e+01
5.399860163109664768e+01
5.082736509581326345e+01
7.283361533589543058e+01
7.630751118568726099e+01
-6.117559674622988553e+01
-1.040488167068360639e+02
-1.017352252474117904e+02
-9.775422538755603341e+01
-9.585854443593045460e+01
-7.471781230516914718e+01
-6.904760798534020694e+01
-6.729796031443380855e+01
-9.736043887153492449e+01
-6.282510677906830665e+01
-6.062483363574558126e+01
-5.782656644736168516e+01
-6.390086768177182108e+01
-1.068105526510104539e+02
-1.037244959169256475e+02
3.374589578396901146e+01
3.079786340734851890e+01
-8.972004986412255789e+01
2.572170130257408260e+00
2.949089867293501310e+00
-8.599278078397455261e+01
-8.284325485556398405e+01
9.094985816134008871e+01
8.736251011676461076e+01
3.058682047453740438e+01
3.423111420001477256e+01
-1.027663502843262506e+02
-1.048201416674428970e+02
-8.046738120896525004e+01
-7.686970065637939342e+01
-1.061138120468902599e+02
-1.089196849468424091e+02
2.543728505664491379e+01
2.775010909358634592e+01
3.145587812048534104e+01
7.190046028600008299e+01
7.521619448873265412e+01
-3.864484726135337667e+01
-4.273076370685748770e+01
-1.183174450056174720e+02
-1.148055246460844927e+02
-4.022171843277401848e+01
-3.663090865410937624e+01
-1.181525752677226251e+02
-1.150661714717446387e+02
1.067122073176205816e+02
1.101427894286599667e+02
-7.711507295113568716e+01
-1.250759266674951817e+02
-1.065440076678270742e+02
-1.255052362317975536e+02
6.319594575167646866e+01
6.267364081669881415e+01
-1.200465552041279125e+02
-7.228958360489518498e+01
-1.177525908703951671e+02
-6.163182800488434054e+01
1.153894523223293866e+01
7.582895576735269039e+00
2.072843460424028805e+01
-5.638520125773789005e+01
-5.442972743918347334e+01
-1.859488578823329163e+01
-9.017832548444023599e-01
1.965674137494432427e+00
-1.663225402350152038e+01
-1.234985202718410733e+02
-1.247171376516645296e+02
-1.247757549331209503e+02
5.788926576990505168e+01
-1.081548279542208668e+01
-7.709091862385964999e-01
-6.146649978604383335e+00
-6.881309776294335379e+00
-1.859162374547904051e+01
-2.297805520808462987e+01
1.190019137724225686e+02
1.160346190761449634e+02
1.141060933568300584e+02
-2.198963121191833636e+01
-1.384312514230519398e+01
8.947357982952844679e+00
9.506071721170622268e+00
-6.742184938446307285e+01
-6.375376152177824451e+01
-1.720605716167089128e+01
2.636139498128317626e+01
2.185829380529162336e+01
1.906732157031234465e+01
-9.490199121830144691e+01
-9.847048508084614582e+01
3.776580395141287738e+01
3.469070816370189902e+01
-7.553137468926220066e+00
-7.001537732987728191e+01
-6.593576758935950011e+01
-8.623713188625852410e+01
-4.289802697495314732e+00
-8.525665683591186905e+01
-8.781783405433384360e+01
-2.996904063430983811e+01
-2.396606562088199510e+01
-2.606582222131869742e+01
-6.208121256978487423e+01
3.544784350428153630e+01
3.136413560526516520e+01
2.969293279704496413e+01
6.684843950285113579e+01
6.406493315122661159e+01
-4.768090426939441073e+00
-2.071532641711490541e+00
-5.879617654905768376e+01
-5.571388625830324770e+01
-1.105571520846293225e+02
-1.137223522296363853e+02
-1.082369373110786341e+02
-8.421535102311229082e+01
-8.055096162569090268e+01
-8.768003481259843568e+01
-3.621376556451681950e+01
-3.287811769323822375e+01
1.135777375301095127e+01
1.828234955448709442e+01
1.565092174266465541e+01
5.897715875275801523e+01
6.296971603239280313e+01
6.698325178777888311e+01
6.786472453522891612e+01
7.021889104549369165e+01
7.385564355298330952e+01
1.081778687201821612e+02
1.044257207025467693e+02
6.582674194586938654e+01
-1.868268556782333434e+01
-2.180762941091788321e+01
-2.165019246820582666e+01
-5.408057589777587992e+01
-5.418786928121939184e+01
-2.542613553751391819e+01
-8.475220557025002677e+01
-2.316870037170912155e+01
5.277454125942213636e+01
5.585365327117143863e+01
-1.972848494030489519e+01
-7.903248529581236426e+01
-7.250314873257120496e+01
-7.518109269839730757e+01
-5.173927956856511656e+01
-2.440041884193050947e+01
-5.343488715356934904e+01
-5.724596763051271608e+01
6.149371675047561325e+00
1.101795309665815381e+01
1.011664136653277168e+01
-7.805313066180040948e+01
-7.556051792476755224e+01
-4.552264728267390836e+01
-4.823558814347855872e+01
1.950689575638178042e+01
-4.637432378251595821e+01
-1.994034188961814991e+01
-1.592571976716099336e+01
2.578142445465769228e+01
-2.337508421233375699e+01
2.362509413333530972e+01
2.070083300958117078e+01
-5.238014799149055278e+01
-5.653174012320149444e+01
1.103510986216573286e+00
4.301644508621430774e+00
4.660882529113412609e+00
-1.314374974749657987e+01
4.442524927872037210e+01
-8.412642819530498528e+00
-6.650736061324714399e+01
-9.842962689202272131e+00
-1.941004930356927005e+00
1.176628128037860321e+00
1.311781794771373733e+01
8.234063643947065714e+01
8.546262430318418524e+01
1.132941386095564340e+01
2.407579200057451629e+01
5.174211879132782599e+01
1.996305137849905620e+01
3.346029550754068538e+01
1.087392097195298533e+02
1.145685668964626984e+02
1.117214584145357890e+02
8.941216358788389940e+00
1.237680979319775787e+01
1.586939364438492994e+01
-5.816402069989001689e+01
4.061987438890721336e+01
3.727480703688981123e+01
-6.190223387305172764e+01
-2.072584796428981591e+01
1.222092588418858128e+02
1.194439811816475157e+02
-2.007823670155791262e+01
-6.669595101040334839e+01
-6.317978900586233948e+01
1.572026499377561315e+01
9.359258901943865894e+00
1.281164158575435152e+01
7.618708278606298734e+01
7.281798842320745280e+01
7.394507364142562267e+01
4.517733715298572861e+01
4.903256448700095405e+01
5.760539246827253379e+00
8.071071549162722647e+01
7.876246809313013841e+01
7.832728957073798881e+01
7.554058271796152724e+01
7.826989824986090127e+01
-1.711309067587378507e+01
-1.603184514118089865e+01
-1.482911569030447296e+01
3.551897165230332831e+01
3.248275936797940489e+01
2.863611690301507551e+01
-7.022943724770394525e+00
-4.014991107975901308e+00
-8.237870260193705008e+01
6.487701607399342763e+00
-7.042757883446689959e+01
-7.209665319421193885e+01
-7.637981221857324954e+01
1.014665291233311706e+02
1.047148989802984289e+02
1.062950945673730274e+02
-7.049992881479120399e+01
2.974180742268163158e+01
-7.380767734404959413e+01
2.578151490810954982e+01
2.987491614899303727e+01
-3.977785384846379912e+01
8.582575958640534353e+00
-3.611906920735325599e+01
-9.304765434782584776e+00
-1.076068917330842964e+02
-8.958267253242624406e+01
1.224627454628707426e+02
1.222678747938178674e+02
-1.072120838470009119e+01
1.236637538106961784e+02
3.308811007358043810e+01
2.934982329319786132e+01
2.725779923017086404e+01
-8.021553756112378153e+01
-4.498180662223099802e+01
-4.582534519800464068e+01
-8.337583232869924643e+01
7.179061012717613721e+01
-1.049443281125395515e+02
4.879270517431897503e+01
-2.602879813000084397e+01
5.570114377091160662e+01
5.159696926135533346e+01
1.759548199239058253e+00
2.329522682473120199e+01
1.979787827492679497e+01
-1.010345003449089507e+00
3.524839630821039549e+01
5.220246229673653815e+00
9.992952699056134236e+01
4.263879287879546354e+01
4.890756917085609956e+01
5.168180508811194329e+01
1.044383672793446891e+02
1.034230289422807090e+02
-1.105568368249260232e+02
-1.142030450946465265e+02
-9.610551447043258122e+01
-9.275718110749107836e+01
-9.882962648823935581e+01
-2.354440361256890668e+01
-2.859009504484372499e+01
-2.246027680566123763e+01
-2.491485092697852011e+01
-3.736253637920147419e+00
-8.435305091947029155e+00
-7.483645281508713332e+00
-7.674426433414680560e+01
-6.567819908427847508e+01
-7.438179622173841210e+01
1.424502672474697995e+01
-1.807630505219925965e+01
1.730834085004735812e+01
1.380289080048418349e+01
-7.765640484260631027e+00
-5.713264549274568083e+01
-1.137289517361625180e+01
-2.230430001282846320e+01
-2.216357705843036641e+01
-5.513109565758266939e+00
-1.687272514561416470e+00
-2.395192562107118306e+01
-7.646496512211514585e+01
-7.504430955176637497e+01
-7.826285713072577721e+01
-3.745757925033804270e+01
4.192171335914474639e+01
3.345712397106517244e+01
3.843492237076290508e+01
3.462326916722221881e+01
-4.563265916385019949e+01
-3.973031567064351322e+01
7.907096311224867691e+01
7.907762898058706469e+01
-4.115214808572456207e+01
-5.773812685589749805e-01
-6.937842682786036619e+01
-7.262372262513582655e+01
-2.171908406231651156e+00
9.714948748599959716e-01
-1.108624444035403798e+02
-1.061426942198392709e+02
-1.221568870190511262e+02
-1.100318169543668603e+02
-1.467384169950160988e+01
-1.047907111515434941e+01
3.902341952710947481e+01
4.136752381702522996e+01
1.088256815378517643e+02
1.150016402043733876e+02
1.119494414901710257e+02
-1.234406565086073044e+02
-1.222582358114255356e+02
2.667993374981191579e+01
-1.796389966689077511e+01
2.898965049493988033e+01
2.788663218841111657e+01
2.413902693878758043e+01
-1.762134505828342768e+01
7.176319064853463203e+01
-1.126207741909508115e+02
1.097638054416322575e+02
1.130568416617495728e+02
1.166998203009797095e+02
-4.013537957730454053e+01
-3.301352426449568611e+01
-1.657958079335911705e+01
-3.617222010873053506e+01
-2.279525144934004288e+01
-1.189373998936043009e+01
3.316643017894205681e+00
7.413627887975845487e-01
-7.850672372742633520e+00
-1.457911293418048970e+01
-5.640025419938920237e+01
-5.977020546371871035e+01
7.093229101922648283e+01
6.801240825461465533e+01
7.470798757660605816e+01
-2.153641578182865857e+01
-2.405966075680733596e+01
-2.277255694960806309e+01
-5.450972769485115776e+00
-1.958243963317513048e+00
-8.294362103320015223e+00
5.196084079413093804e+00
8.321653672970425575e+00
1.080886870454411905e+02
-6.385344293123271786e-01
1.057276655845597020e+02
6.118555713981620237e+00
2.827476033685234480e+00
-3.362028853938409867e+01
8.896193275067756190e+01
8.681899259263995816e+01
-5.457747528885678179e+01
-5.112858858085676417e+01
8.348067903566528969e+01
-4.304118066780456786e+01
-1.734745429703914965e+01
-1.428954584576073650e+01
2.741485428583307993e+01
2.664817477379479627e+01
2.465384399081664313e+01
5.061639267235506878e+01
-7.012894423244293307e+01
5.922289004515853605e+01
-7.169310433714204578e+01
-6.897994572888416087e+01
-1.920304361746670807e+01
-1.019121443155482325e+02
-3.121036691327300971e+01
-9.196018858264537243e+00
-6.643165191869801589e+00
-5.721801930195139363e+01
-4.902869917503503672e+01
-5.593023503672365848e+01
-1.477995524184870035e+01
-1.081946535289298339e+01
-5.196035453046226138e+01
3.970237578109225751e+01
2.794964643767972134e+01
2.463585602630479343e+01
3.724185411919532385e+01
4.317055650380125797e+01
2.307283866957478224e+01
2.761498958939043291e+01
7.388554138230597346e+01
4.743292634316990330e+01
7.655111724183859678e+01
7.677116401818896918e+01
1.076090777724667049e+02
1.103241268330909151e+02
1.050352331790084577e+02
-4.390134138375409378e+01
-4.758013966518592497e+01
-4.982947150661529889e+01
-9.791018328827369999e+01
-4.144187589144019768e+01
-6.047761717246788038e+01
-4.766854279208662604e+01
-6.353675738449322097e+01
-4.577594254034835330e+01
-1.219810544333177376e+02
-9.766245557392922194e+01
-4.091069896256313143e+01
-4.439805471293958306e+01
-3.148869027710847135e+01
-3.839161743727350995e+01
-3.499739247787903196e+01
-5.997663001990327558e+01
-1.223407932054408036e+02
-6.933275212610875826e+01
-1.203855866539900319e+02
-7.585168871004997015e+01
-7.815660438534037269e+01
-2.792013940874217326e+01
-9.952665843882508412e+00
-3.046856033864161972e+01
-4.078458265730719745e+01
-1.001571224543099703e+02
1.227426379741389155e+02
1.205595349013458275e+02
1.200033242661534842e+02
-1.758968967243789550e+01
-2.287991649468371591e+01
-2.099920103959306772e+01
-4.742967249275381647e+01
-4.739342198287538821e+01
-4.991360412962934134e+01
-1.098999891480442130e+02
7.693261868274541371e+01
8.032898296859416121e+01
-7.720173824382095518e+01
3.528271334940847481e+01
3.766893595660983607e+01
-8.497214132176560497e+01
-8.114849062956824355e+01
-1.191543462741348662e+02
-1.165072003324511769e+02
-1.148757854448599147e+02
-6.118542969074688642e+00
-1.231704676394365627e+01
-1.024633546807395845e+01
8.207389502948994675e+01
8.166293031038364347e+01
2.318983809957975151e+00
-3.911933345686585017e+00
-1.264185547990695824e+00
2.191802564959969502e+00
-5.273987566334696453e+00
-2.395666010673738189e+00
9.567377606035294946e+01
1.120789747737827469e+02
1.146603853928414907e+02
1.012180322966652213e+01
1.322541227948737230e+01
9.898742014492908936e+01
-6.538269720686393782e+01
-5.785921762155225423e+01
-1.078222057919810339e+02
-1.083372857814581209e+02
-1.558624128716688162e+01
-9.184909633215838198e+01
-8.921955047638587644e+01
-4.834920325146154596e+01
-5.156856786533683845e+01
-1.127758289492897035e+02
-3.899505564426729620e+01
-4.245964367099480796e+01
-4.526736436301720801e+01
-7.915885799164081504e+01
-7.407772999488359744e+01
-2.620403752872519476e+01
-9.608649778064714653e+00
-8.908349711379360159e+00
-1.057042049172350460e+02
-2.851193214547657462e+01
-2.710992482791218450e+01
2.579965036991187954e+00
-2.437877376396031526e+00
-6.327805814631100034e+00
-1.025795061996568158e+01
-4.287256789252371192e+01
-3.656717739502354014e+00
-7.431414928986447954e+00
-7.880723284418944274e+01
-1.156189971926095836e+02
-1.182692856605273306e+02
-1.180959797389178050e+02
-6.140716437479066769e+01
-1.055580839504535788e+02
-1.023043602545441075e+02
-1.055717061176639646e+02
1.079752683559770610e+01
-1.236437499021466380e+01
-7.527534945362476471e+00
-1.141358357197387718e+01
1.087981302376937549e+02
-9.786715464710368906e+00
1.120483133077132578e+02
1.091296415428649595e+02
-8.451095117357510844e+01
-8.116178564311698551e+01
-7.311088573950148373e+01
-7.522641348761577262e+01
-1.021314909225078509e+02
-9.841810307703435967e+01
-1.020105698714112776e+02
-1.089695433455345466e+02
-1.225680546681601299e+02
-4.106830559560793859e+01
-3.379264734836082340e+01
-2.964958111292211029e+01
-3.654545429450067218e+01
-9.947135795422890681e+01
-1.005648958731470941e+02
-9.839572209723336016e+01
-7.805426530961199205e+01
-7.881933941445085168e+01
-6.765554838907473822e+01
-6.277017898167141396e+01
-2.913143061410150025e+01
-3.102724540691062671e+01
-3.445113714500845958e+01
1.195618236730879005e+02
-6.972138605280143508e+01
-6.635828092717156323e+01
1.139622777274308731e+02
-6.228070456297367485e+01
-7.444120815093894805e+01
-4.523198154975366236e+01
-4.742778550857585884e+01
-5.184801220833514890e+01
-1.493241775791660686e+01
-1.835568577701055304e+01
-8.544182132188031176e+01
6.326049805562963968e+01
-8.261934005298391526e+01
-4.505353836648263410e+01
-8.956765224166883854e+01
-1.324210267676724406e+01
-1.628512763628939197e+01
-9.211156904505159559e+01
-6.250136041277379917e+01
-6.619781497037077145e+01
1.038673848194533207e+02
1.045886252331342803e+02
1.006944222373355586e+02
-1.387669081147529404e+01
-4.069323555476236010e+01
-3.681595858673988175e+01
-1.676343980908498210e+01
-3.719387231736115496e+01
-4.054587293037513973e+01
-4.201168955027920049e+01
2.247062817150072078e+01
-1.155774011734786058e+02
-6.790910381368256310e+01
2.603571297113116501e+01
-1.167267988959800675e+02
-9.336415673447194763e+01
-3.145963453998060189e+01
-6.285232761542120983e+01
-8.099971603508272722e+01
-5.937347296679628528e+01
-5.267450541054105884e+01
-5.499230345182457569e+01
-6.161309118951299268e+01
6.363018276872598733e+01
6.547459140244625075e+01
6.987638725433667730e+01
1.238188746702987402e+02
1.225230242474066529e+02
2.614833200726799589e+01
-9.433638591857520339e+01
-6.632638235019918227e+01
-9.726734635514013405e+01
-9.328115450816977727e+01
-6.732976195988827328e+01
-6.746766157354318239e+01
-4.934909142440197627e+01
-4.690371637383855585e+01
-4.895716239171895268e+01
-4.606769393517281941e+01
-4.190336849302281053e+01
-1.220172247736226012e+02
-1.173871755975725648e+02
-1.194910935941028214e+02
-3.945944315733097341e+01
-3.690700164077558298e+01
-3.522894470050817795e+00
-4.377589908999373591e+01
-1.212134041191409750e+02
-5.705509644392032342e+00
-1.230132948767309529e+02
5.026307698943026736e+01
-2.817671644943172993e+01
-1.798609977261118686e+01
-2.380355558718927256e+01
-2.028175934041593820e+01
-1.031961323037237150e+02
-1.567490168435537967e+01
-3.277365119480168687e+01
-1.202634959875418730e+01
-3.268397124673521859e+01
-3.001929192595983054e+01
4.116409553007852828e+00
-8.604988329057792384e+01
-8.281847916506025342e+01
-9.086271133231468866e+01
-5.832783030767615884e+01
-9.393443993570964778e+01
-9.116326791155545095e+01
-6.826843140192741544e+01
-6.492094685081619332e+01
-6.106339266645896657e+01
-1.291170269202702769e+01
-1.438469744685861507e+01
-1.059253625349294836e+01
-9.508006958544112308e+01
-8.905887927292906170e+01
-9.566943058042485859e+01
-8.567982766449374310e+01
-8.464603221339888250e+01
-1.042540440119353917e+02
-1.063836499695562026e+02
-1.054226717666347639e+02
-5.819462595432625562e+01
7.853026995697332424e+00
1.123907030122384043e+01
-5.281662612209787966e+01
-5.435135711789160951e+01
1.228027641930999607e+02
1.209314628162395877e+02
1.186777617258598951e+02
-7.295989817180067405e+01
8.563172352172624358e+01
-7.036703429896969908e+01
-9.524376362736865076e+01
-9.173388423363199706e+01
4.431809210714941116e+01
4.559948751407653589e+01
-2.124343408845176739e+01
4.948346745376409217e+01
-7.338941389169058027e+01
-7.236824357763609328e+01
-6.924306231959133129e+01
-1.047212223330366925e+02
-1.047935664665061637e+02
-1.075685833706012318e+02
-8.252981869690493966e+01
-8.224846091082793009e+01
-7.896012741064402007e+01
-8.018598503367604735e+01
-7.849472396949974495e+01
-7.927437651665914586e+01
-7.518622293879866447e+01
-4.257250821900840698e+00
-7.637406248611273707e-01
8.953261498081633363e+01
-7.491285916197866435e+00
-6.283840387570059960e+01
-5.956411244532322513e+01
1.131163332114684437e+02
1.153804748818602377e+02
1.148993700946967778e+02
-7.827006273973462669e+01
-8.274987265024354599e+01
-7.957204307085841322e+01
-2.162825360728256285e+01
-2.400021687293171624e+01
-1.774176127360078326e+01
-1.099892309868829017e+02
-1.083892813443229386e+02
-1.094836028917523123e+02
-8.099840993554818169e+01
-7.735288505719763918e+01
-6.993873603234455061e+01
-7.304417152643966915e+01
-1.095572908468588622e+02
-1.121112416579660191e+02
8.736959533760649776e+01
9.083824712072244267e+01
-3.605322242057978599e+01
-4.036077348497522621e+01
-1.207020641295186465e+02
-4.400070833999843956e+01
-4.144250957121687406e+01
-4.112611364699537830e+01
4.551295459292647649e+01
-6.346736834034039987e+01
-6.416348854605487873e+01
4.109495530582674405e+01
-6.713409702821857650e+01
-8.928608377605749524e+01
-9.585259404207563705e+01
-9.190079506175933943e+01
-1.188846517109502372e+02
9.496086055849653818e+00
6.967255636190003543e+00
1.301982984068557592e+01
-5.298239060677326506e+01
-1.014451303015766683e+02
-7.091646045099656703e+01
2.289910173266931537e+01
-7.403745871628629516e+01
-4.054080360048531162e+01
-3.698266570522954311e+01
-3.619553340268476660e+01
-4.351926127868836858e+01
2.206824303064421144e+01
-2.022059449087147343e+01
-2.645825614405238113e+01
2.251921468704696849e+01
1.020617926122825203e+01
-2.384782974817426648e+01
5.620434610653405372e+01
5.708131768347401902e+01
5.419488050094106057e+01
-2.038080999055447862e+01
-8.845087935850254723e+01
-2.001045170816642127e+01
1.146305270044079663e+02
1.115546843598471440e+02
-7.959970214983513870e+01
-7.847462310458993784e+01
-7.657934661568286572e+01
-6.581904708747619281e+01
-6.292372287667310360e+01
-6.964344758519094114e+01
-1.223948972810626543e+02
-1.224360986883280873e+02
-1.201059153832796653e+02
1.347667374363105131e+00
-5.368550697622982426e+01
2.166643226695218161e+01
-5.681991390959252186e+01
-9.037097666427976606e+01
-7.265786694401408852e+01
-6.961394263658496584e+01
-1.009150232068805622e+02
-1.009758831563287060e+02
-1.090323700799769284e+02
-1.123936077388731007e+02
-1.028538532853803105e+02
7.303768612353439948e+01
-8.035419844849847948e+01
-7.825804569527502963e+01
-6.423811571557037325e+01
7.134304648113270275e+01
7.293759523033469350e+01
-6.602355208346122595e+01
-6.988717060691248761e+00
-3.316112924215038227e+00
1.241208019404213587e+02
-9.686317481029587384e+01
-9.324913297023955749e+01
-6.635531134718820567e+01
-6.264029044140909264e+01
-6.872896448530349289e+01
5.266976750228464255e+01
4.895946851963697100e+01
-7.229895809889417535e+01
-1.173250704455852400e+02
5.358641946688906188e+01
-1.195266493976787672e+02
5.986934019507266669e+01
5.650866135557145498e+01
-5.793208932373562448e+01
-6.498289250996676003e+01
-6.246394266902900227e+01
-9.114308510929593865e+01
-1.232366613310456671e+02
-3.054139888767508637e+01
-3.293573722169740137e+01
-2.821059885393778188e+01
-2.900407264643937566e+01
-3.013008393454622436e+01
-9.299131981612397624e+01
-9.702873750215154303e+01
-8.977131649101495725e+01
-4.886583457190723401e+00
-2.901201687318069045e+00
-1.219447278737289793e+02
8.009359870009838289e+01
-8.782188435489166523e+01
-8.176949519459861904e+01
-8.464915750053671673e+01
4.273203233459490491e+00
-2.003982745309124791e+00
2.013369275685431781e+00
-2.740140116951751992e+01
-3.080084558968075825e+01
-3.625931663784686521e+01
-7.314829864328162046e+01
-7.010646057090883687e+01
-4.795062786472134064e+01
-6.583222292553115551e+01
-6.141302530403616089e+01
-1.235409155207985776e+02
-6.724028918542074962e+01
-6.455769558047192902e+01
-3.665648199038266597e+01
-4.029419105133064249e+01
6.219788938680581225e+01
-4.320775160803307813e+01
-3.270176795491425992e+01
-3.006856147145529690e+01
-3.588179579356446425e+01
-4.028764520778797475e+01
-3.685351341041539541e+01
-3.451039169370525883e+01
-7.536642939203298397e+01
4.002544924546006655e+01
3.572930093243831351e+01
-2.706641446233426862e+01
-2.988793536048640931e+01
-4.453769550468458505e+01
-8.964040338958321286e+01
-8.852192608204090618e+01
-6.788355388331370932e+01
-5.565016426653939874e+01
-6.170300688678294421e+01
6.787471474504940261e+01
7.182901522211456324e+01
-5.988805601343882756e+01
-1.052139500807755610e+02
-9.854267597472173179e+01
-9.086733991666154964e+01
-9.355193055854185502e+01
-1.016817258928311247e+02
-3.818010561985062168e+01
-9.618087689962278830e+01
-7.205054941590879025e+01
-1.111678895709228811e+02
-1.140496101229748547e+02
3.514178782284367486e+01
-1.907774503305093106e+01
-4.665049120958336459e+01
-4.262300651109001137e+01
3.004054469902960545e+00
1.137254831611500627e+01
-5.085029577407407686e+01
-7.826475029882507783e+01
-6.320508631317366621e+01
-9.286306248463458246e+01
-8.945941878311747075e+01
-6.659455374502927327e+01
-1.032303405320135568e+02
-4.562685670112411174e+01
-4.293106259788493873e+01
-3.975282566918586014e+01
-4.756511803191718002e+01
1.252989880318235834e+02
-3.070895182191752326e+01
-1.023013582348997801e+02
-1.126183985041512585e+02
4.880382546175425773e+00
-7.618134173577131207e+01
-1.351988514134686292e-01
-3.952234357976157852e+00
-7.278066305536181346e+01
-7.148541543375382901e+01
-1.105552366326617175e+02
-1.120561224268032703e+02
-7.777988691809841271e+01
-8.141673490486624587e+01
-8.449565170863066044e+01
-8.285105680356213043e+01
-7.984566391383765449e+01
-4.843488646225053706e+00
-9.594982239914703115e+00
-2.619133711369580197e+01
-2.259979397622079844e+01
-6.980922889367461437e+01
-1.151070186602812555e+02
-6.316020986188218167e+00
-3.383363912816565744e+01
-8.532731954647077544e+01
-8.157200604523356446e+01
-6.353733708206318198e+01
-5.974782749214043065e+01
1.833906045849462529e+01
-5.958699320679875200e+01
-7.109573381971259209e+01
1.054350632035546198e+02
5.862834616509098140e+01
1.089408081257688252e+02
-7.469018087911469195e+01
-9.866729472296721326e+01
2.214048865952823064e+01
2.240046018797951888e+01
-1.143172047974329644e+02
8.464797216999264684e-01
-1.171968029936472959e+02
-1.170144572306076469e+02
-1.192499935166208331e+02
-6.808265768038750387e+00
-5.400554452114503690e+00
-1.448116605991415451e+00
1.547747687756352075e+00
-4.396292222640492753e+01
-4.761577755553542346e+01
-3.473074454069858774e+01
-1.180912133899750387e+02
-1.180435359150336012e+02
-1.153369931149440504e+02
-7.835448878181389887e+01
-7.149072728049235081e+01
-9.956047282611140758e+01
-8.766333162513340937e+01
-9.174578042868992611e+01
-8.876704418358718840e+01
-8.651105942493978773e+01
1.471049483125601220e+01
1.875355163063107611e+01
-8.417289596011592323e+01
-7.965509621899464321e+01
-8.154799288348938546e+01
-6.047269963388858827e+01
4.369147813487435172e+01
1.856401876913352922e+01
4.857801548779073642e+01
1.500878807103521950e+01
-6.296206699610465307e+01
9.877909070959019289e+01
9.708949392967339520e+01
1.024184855394427274e+02
1.053656163295850519e+02
-1.745259834485779038e+01
1.182141978150369113e+02
1.154033408740871636e+02
-4.689100626947997341e+01
7.478045571006471448e+01
-6.453860782011371100e+01
7.759821989120423780e+01
-6.072997448076143456e+01
2.954268790490902674e+01
3.657338392225942414e+01
3.324207712502365553e+01
-6.674810011559742406e+01
-5.162031040114304403e+01
-5.403545953859870821e+01
8.948799634781768475e+01
-4.715040661197708971e+01
9.336073642659881955e+01
-5.116008856620208434e+01
-8.545720646610435267e+01
-2.104320689293163582e+01
-1.111545123165988613e+01
-6.922543240216469052e+00
-1.377189791819981579e+01
-8.139598209016449459e+01
-1.157328815623664582e+02
-6.921945675317597590e+01
-8.702441542165925625e+01
-8.358777801806506602e+01
-1.020645809026788839e+02
-5.686600468518160767e+01
-5.253538314817797072e+01
8.666606519862659397e+00
-4.949524794159319896e+01
-4.595820464019833196e+01
-5.134251940721862439e+01
-7.206850138931865501e+01
1.126757041056216195e+02
-9.355950878557317196e+01
-7.274183020791568310e+01
-1.252554307838443606e+02
-1.189270604972812606e+02
-1.256092925703643459e+02
-9.514622608182683905e+01
-9.775551052884247838e+01
-5.590158809218230118e+01
-1.240840201691738400e+02
-1.000688451705406550e+02
-4.534907091474468643e+01
-4.187619726226047590e+01
-7.397326363224748036e+01
-1.249145669210603131e+02
3.897971832937173531e+00
4.761070122690130191e+00
-7.738718712393399812e+01
-6.068403897315854323e+01
-5.674469965302845509e+01
-6.876758891454153400e+01
-7.857539819875306364e+01
4.671665499284306300e+00
-1.043079359788979588e+02
-5.653269306147458906e+01
1.181276748302107791e+02
1.876250416408788269e+01
1.151119999063284070e+02
3.924235644217356622e+01
-5.073679564486139526e+01
-5.401534171449813471e+01
-5.859106173696478237e+01
-5.952919905729874017e+01
-1.048287770723621293e+02
-1.082750638071646705e+02
-1.089506235591271235e+02
-8.839819127881509075e+01
-9.109125724739443797e+01
-8.996700642849634733e+01
6.888766600201164714e+00
-5.162101541885108702e+01
-4.838744259568966299e+01
-4.131041618862834497e+01
-2.853175121180865048e+01
-2.428054062937060564e+01
-8.059350386964564450e+01
-4.135667319750869098e+01
-7.990721241866914681e+00
-6.813022996752637539e+01
-6.360557130073634369e+01
-7.037250108150108474e+01
-3.596262219244987790e+01
-3.347210038551669697e+01
-3.327839519120129097e+01
-5.193755212513228514e+01
-2.706093628880330471e+01
-5.468445273465497536e+01
-9.095749577673791464e+01
-3.882011996563536371e+01
-3.619920705351533030e+01
-2.400065857888776577e+01
2.448494723040932186e+00
-9.872504874715733081e+01
-9.767384019786669569e+01
-1.022202603815497497e+02
-8.858394610626660892e+01
-9.215694751610980973e+01
-1.039868810026312076e+02
-1.062549468015804450e+02
-7.579217851600685663e+01
8.592398806385469356e+01
8.933218111001951911e+01
1.042165396379945292e+02
1.017917661539830192e+02
-7.573172150517214618e+01
2.783210987206878784e+01
-9.032004985621961168e+01
-1.124589428356926746e+01
-1.503242029894760634e+01
-1.012426058929345913e+02
-1.118160645383947553e+02
-9.731610726564285585e+01
-1.133956156227704639e+02
-1.142445025781557177e+02
-1.230193652662710946e+02
-1.246939181851521568e+02
-7.795855120429899898e+01
-9.317442278249541232e+01
-7.401275483207038519e+01
1.252373103364607658e+02
1.252139116622667245e+02
-9.195195516864968965e+01
-5.383283227445136276e+01
-8.785558217530906688e+01
-8.721525914688616865e+01
-2.884602947244276550e+01
-5.847506032922062502e+01
-5.426640875278634724e+01
-5.466661173142247776e+01
-5.256635384955932722e+01
-3.699791098323785832e+01
-7.017918176010473985e+01
2.590783781481340853e+01
-3.411372330666686992e+01
3.491245803516402901e+01
3.820417208683812760e+01
-3.134858288972702667e+01
-7.091147623151772450e+01
-6.035311137172129037e+01
-6.541286196627872584e+01
8.540130153626986953e+01
-5.964141045887746628e+01
-6.649907615198543454e+01
-6.356848879718367584e+01
-5.760386065854965665e+01
1.185463948191466610e+00
-6.028717332154707975e+01
1.161915377103375988e+02
1.251588656782733722e+02
-8.099124759506479165e+01
-9.201829235675320717e+01
-9.504111118317121054e+01
6.939371366952299525e+01
1.252204245143047530e+02
-1.043932084998894965e+02
6.843313787299267759e+00
-1.246166712713122422e+02
-7.506023472407544261e+01
-6.246693246898013996e+01
-5.973881182179879801e+01
-7.805814922284879742e+01
-1.088016896295444838e+02
-9.242297935753359184e+01
-4.261787525325038928e+01
-4.584616077678212065e+01
-1.110481803020728364e+02
-1.116907026504088805e+02
-3.556178133658765717e+01
-3.934774953242679629e+01
-3.183549215674702992e+01
-2.818755431614608753e+01
3.785663718804438105e+01
4.225115919079757987e+01
-6.864572860081179329e+01
-1.031308734644785261e+02
-7.974795410241075899e+01
-8.374727133045902860e+01
-8.617618795501799411e+01
-8.455528021941746886e+01
-3.489671921500404750e+01
-9.969528277407455619e+01
-8.563061519933035015e+01
9.271743657581758669e+01
-9.708760112599136960e+01
-9.940236898052204140e+01
-7.924850476024350598e+01
-8.267134810537692147e+01
-4.921252294192962751e+01
-5.289126936982363958e+01
-1.093756295508881351e+02
-1.077944261641423225e+02
-1.228363212409176128e+02
-4.950429108261874234e+01
-5.289187960012916534e+01
-6.032173403405723633e+01
-8.580280353056383547e+01
-8.470711344226504025e+01
-8.828666736577869756e+01
-6.396341207714218058e+01
5.616257360346452288e+01
5.777129517955562221e+01
5.483033963679459788e+01
8.141794218388210425e+01
8.413557671803853566e+01
-1.219526061022052801e+02
-1.142081880548459623e+02
7.066902563299397855e+01
-3.370041860899551978e+01
-2.987394411547901996e+01
9.073638531684039776e+01
8.615673819040812020e+01
4.164584452627664746e+01
4.755135291604401715e+01
4.402184314591149672e+01
-5.509346435138986209e+01
9.223258373146876465e+01
-1.131959518882117806e+02
1.591056635645591122e+01
7.843011233433865748e+00
1.192135989010462822e+02
1.200939784783858784e+02
2.701457728015787296e+01
1.953961571858486579e+01
2.209339439295420959e+01
3.273735397490809618e+01
2.867465993570164429e+01
7.008385465744765952e+01
6.697437521229734614e+01
6.239735981150799660e+01
-9.452879166759981899e+01
-1.113833550788436071e+02
5.379520573569114816e+01
5.702940495330448556e+01
-1.129252046386335024e+02
5.709068970238943308e+01
5.018096735014495380e+01
-1.306451549317525496e+00
-5.055486214584720805e+00
-1.043051830309364547e+01
-8.397883070482034640e+00
-4.960617784787737605e+01
-5.416529051293135666e+01
1.123335230921972716e+01
-6.367985456616379736e+01
7.226636123655504207e+01
7.367026006419390427e+00
8.167134514229658748e+01
7.866570898075956109e+01
-6.707034888706905917e+01
3.248619944120763847e+01
3.650078938245422222e+01
3.946661917993876045e+01
1.114140721406971579e+01
1.494305535609574243e+01
1.885765404258906131e+01
5.514093672366665544e+01
5.683639329332075363e+01
5.511002587194699487e+01
-8.644475941406044583e+00
-1.219849243167293373e+01
-1.477483999774578471e+01
-6.015672542918721000e+00
-2.442500819320036154e+00
-9.342535644580792109e+00
-1.095059196533093093e+01
-1.799554347968685164e+01
-2.058501659927960148e+01
-2.024464890173021914e+01
-7.347120893708775213e+01
-8.241196005019791926e+01
-7.452383172105308518e+01
5.276866772137978501e+01
5.868762141981340363e+01
5.614312270509656599e+01
-8.050946077381476584e+01
-1.084435294168551138e+02
-4.998881161914646043e+01
-1.029222364854846887e+02
-1.212160885220677926e+02
-1.053618591276207042e+02
-2.170679194529701039e+00
-8.996213675318269765e+00
-5.979937724563779256e+00
-1.116321436190119840e+02
4.126825158188282217e+01
-8.676996545141903994e+01
-9.058944375715537944e+01
6.895879802641661627e+01
6.239939679860469823e+01
6.518007139132085115e+01
3.096858796285989612e+01
-4.328161464984717099e+01
-5.033451818180569148e+01
-4.828915066410063872e+01
-8.094048148659564390e+01
6.764928681207672412e+01
6.611846859486918504e+01
7.201087787518684991e+01
7.483099153554654492e+01
4.384120349577513309e+01
4.409251622797398085e+01
4.782108437326767358e+01
2.215606743759464337e+01
2.171847373615701571e+01
1.801016677093509344e+01
1.117706166808845580e+02
1.112526599463222539e+02
8.833126514318298916e+01
8.254221044781006356e+01
8.566126713862173858e+01
2.488770043417636657e+01
2.236054390439570838e+01
2.340659475952454471e+01
1.060866618437124771e+02
1.087804292082086306e+02
3.507637507187697956e+00
-3.146455486632604348e+01
-5.446658367304051040e+01
-4.973269186823266352e+01
-5.467477626775714583e+01
-5.152613532310215305e+01
-4.811224391332604000e+01
-1.116721236401929929e+02
6.979983194957328863e+01
6.602703803533388793e+01
6.362455504528891481e+01
2.778175927800879563e+01
-1.097113691994818367e+02
-1.027019351110628520e+02
4.279993768949694299e+01
4.682350206035649620e+01
4.978681855062698958e+01
-4.444357967030601486e+01
-8.872019008360663861e+01
-8.871702136891431678e+01
1.151943303550116440e+02
2.132741892017876140e+01
2.325853639642421555e+01
5.921432668812750677e+01
5.950437247978122457e+01
5.801866041330577417e+01
-9.448645308535829201e+01
9.918903951357577853e+01
9.948118065783592101e+01
9.229876660225832552e+01
9.567486920749045964e+01
4.400127531693058103e+01
4.614888291628826522e+01
6.493003847773296400e+01
6.209934686156088191e+01
6.401509302128752665e+01
3.190203608750478370e+00
3.602907560440574031e+00
6.873632587328722821e+01
7.216191186915219191e+01
-1.816435756855136752e-01
-3.000547654614780058e+01
-8.381883104009665431e+01
6.665561787465072996e+00
2.536187155299749474e+00
-2.850832690428393690e+01
-4.821463286260314618e+00
7.040925245128011767e+00
-7.560133751832918847e+01
1.021665418665432554e+02
-6.553338364893461687e+01
1.176628356251727752e+02
-9.724940596112544711e+01
-1.122388869851150588e+02
-1.143262745530665114e+02
-1.522321461158625056e+01
-3.560680557093719045e+01
-3.259036106821408652e+01
-1.448572222703461865e+00
-9.799368573518825087e+01
1.222404793206325877e+02
-9.443764832404184517e+01
6.865876572634168440e+01
6.328443792547093238e+01
-5.085798577564806067e+01
-5.069498633267939880e+01
-5.404648945988734710e+01
1.539589845691333503e+00
-1.118950604678360428e+01
6.881698991061664827e+00
6.495182800195360429e+00
-4.785717940120152747e+01
-8.554079040377641263e+01
-8.262191321595061311e+01
-3.720261448359153178e+01
-5.365187543373192369e+01
1.126439193583059790e+02
7.174405367062391292e+01
1.102272712733884816e+02
3.004887054976421012e+01
2.669068671669730364e+01
5.418862403876259393e+00
1.137793405975905836e+00
8.927414932206320097e-01
1.548386680928924264e+01
1.970231805846833950e+01
-4.475612125884513404e+00
-1.088715013185761933e+02
-2.517943439671407546e+01
2.267922192900938327e+01
2.598542743428571811e+01
-2.902912224117920204e+01
-7.888718836786010513e+01
-2.743301765839761686e+01
-3.069086497079522502e+01
-3.489393332513281365e+01
-1.428293203021083357e+01
-1.735573628945807201e+01
-5.508894089838993580e+01
-7.878003343084705179e+00
-3.601205901634657369e+00
-9.144776029588719268e-02
-7.367281727612050801e+00
-1.364626913557004428e+01
8.526198255243668811e+00
2.562167396064863212e+01
5.518030386756167083e+00
4.992057038944042735e-01
-4.684012332413194457e+01
8.097436354229908773e+01
5.056643126873164817e+01
6.282325666612015880e+01
6.624332685683654631e+01
-9.657624526430680589e+01
-9.211107001251875204e+01
4.909787754392041847e+01
1.096404332496408358e+02
5.243254690506327620e+01
4.897167815934267310e+01
5.193603291668708266e+01
-9.917591806896446371e+01
4.535474230043173094e+01
-9.761035343186176760e+01
-1.129567737679050055e+01
9.174007569078489155e+01
9.343671679655138007e+01
5.770563805173468097e+01
6.124693185931108275e+01
-1.069482784562331261e+02
-1.206514659332389812e+02
6.937913936063351272e+00
1.005043356053006143e+01
1.487873277679380024e+01
3.899865221427968720e+01
3.677815284880011859e+01
-1.101317145096883934e+02
-1.443635456580962106e+01
-1.065508514422165405e+02
-9.628031440196127733e+01
-1.026451455702861182e+02
1.003317712630411052e+02
9.874444194695416854e+01
9.230075597025440004e+01
9.494557375287438106e+01
6.821860821696934352e+01
-4.274283631514953186e+01
-7.650381977240646947e+00
9.805304440829722523e+01
1.007083015379666335e+02
4.046370796576011486e+01
1.021964599232190238e+02
2.576446087890882097e+01
3.053157147260121462e+01
8.783994288555103935e+01
8.474651975966155248e+01
1.565041322274102598e+01
-1.055895483789434408e+01
-1.350461926397644241e+01
-4.060835407568420763e+00
-1.738396730870237050e+01
-3.449779752268825916e+01
-3.610624456033382756e+01
-3.685120082959566901e+01
-3.231893364083680353e+01
-3.536513086954401786e+01
2.057697941998045010e+01
2.294532399732239369e+01
2.766950862934728406e+01
9.011106860279663522e+01
1.313678022242400445e+01
8.661931908432596572e+01
-3.061593244975198402e+01
-2.897197987228830129e+01
-2.831139628543447273e+01
-1.234836670660129521e+01
-1.641534133750319313e+01
-1.329482334336687366e+01
4.291353945734530129e+01
5.519962324062531422e+01
-2.878343028115421376e+01
4.020589653570682032e+01
-1.834259105357689634e+01
-9.914211622386540057e+01
-1.023556658613320138e+02
-1.050368934071278773e+02
-8.228153606245645335e+01
3.254603908184972028e+01
-1.011866066310611956e+02
3.945824175882205509e+01
3.722514439780361073e+01
8.641315755953040423e+01
-1.006222436687890678e+02
-5.047044275558652515e+01
-4.926724002290847437e+01
9.194569686125505825e+01
9.507693381561526280e+01
1.203910665949751433e+02
-1.004401852027060897e+02
-3.091869313328130087e+00
1.227130244278391586e+02
1.226341039770117334e+02
1.237341591497566640e+02
-9.232996833411880289e+01
1.252264360553206757e+02
1.519498026292325044e+01
1.593218130763091089e+01
1.982012526065140534e+01
2.286690050803029806e+01
1.534852716750083523e+01
1.845605625529426774e+01
-7.558940466323187479e+01
4.594707285414932585e+01
4.992833014782826240e+01
5.753006322195282252e+01
7.129736723105602891e+01
8.385085474909003267e+01
8.151035525749131239e+01
7.791490802658007908e+01
7.581144746379744959e+01
3.571875440983694361e+00
4.468148908914868045e+00
7.167605584484677195e+01
6.861167831515129478e+01
6.494091539928268730e+01
-7.823879607066980668e+01
-8.447567442126972992e+01
1.078529207949663657e+02
1.081054359636380582e+02
3.245833633651569983e+01
2.984689559155182792e+01
-1.079431625424387420e+01
5.069350375751621840e+01
-8.746144211684215009e+01
-8.654981703161951145e+01
-9.090533465027945681e+01
-1.162133979534690837e+02
-3.915031983385703462e+00
-8.059243079492807160e-01
-6.208146305359890427e+00
-1.187632780714978082e+02
-1.191881444605566429e+02
4.751493021388023408e+01
-5.894261874481293262e+01
3.748660044408500625e+01
4.110005248195735561e+01
8.326071806622580285e-01
1.324891928514562345e+01
2.175393013586270285e+01
1.462437726570128405e+01
1.835114408631194038e+01
-3.236603053124945006e+01
-2.783637932331197717e+01
-5.732201176093815853e+00
9.653097606038976153e+00
1.045975183332319745e+02
9.500419738822533589e+01
9.272473307688142086e+01
9.557521287530551035e+01
1.079187127997286098e+02
1.076477410248384956e+02
4.455594497368274176e+01
-9.692933277272260284e+01
-1.157411683374744769e+02
-1.180357225202552343e+02
-9.630674065192928879e+01
-1.000548029968637707e+02
-1.062941989598039356e+02
-1.049834727156040657e+02
-7.873013601885595847e+01
5.105452254979498150e+01
4.870921587660369312e+01
1.151182488962090247e+02
1.172762421563525379e+02
4.493400845543557409e+01
8.354422364308751625e+00
1.417841777579721096e+01
1.274411154957190639e+01
1.137287583665383863e+02
1.102782720725863612e+02
2.933279778356436651e+01
2.561026489215300828e+01
2.881812610200097069e+01
-8.464989317532931068e+01
7.176312218674878807e+01
6.085668621646972554e+01
5.795430986867176415e+01
5.412362415286023776e+01
3.452137250633477805e+01
2.981215605188545226e+01
6.665856953713401367e+01
5.985161783331639640e+01
6.267442003833480868e+01
1.016717912700884625e+02
9.749252523844839402e+01
5.941463854356664598e+01
5.515593354302936291e+01
-1.059936686259552374e+02
-1.062114515375458410e+02
-1.085253412186187774e+02
4.116789710805821301e+01
4.413197272520181258e+01
4.297667685775908097e+01
4.700142978604164057e+01
-6.720987457227866457e+01
-1.198369065406414364e+02
4.678501789235991737e+01
-6.050285718410174951e+01
7.457082899060401360e+01
7.766993405400360473e+01
7.519379704610305737e+01
-6.333664702443084593e+01
8.524831573907894722e+01
8.075592824329930863e+01
1.014102286130507053e+02
3.254282260808737703e+01
3.635872265448909957e+01
2.955414675593467777e+01
5.662290839444003865e+01
5.371626233686565399e+01
5.105070107843801708e+01
5.995162963555434743e+01
5.681256677653120590e+01
2.458002409571061264e+01
2.843229945706440986e+01
1.066908371042355981e+02
-8.522013549540976385e+01
-6.892635665944951029e+01
7.853759525889378779e+01
7.549014518022133302e+01
1.107031336609636725e+02
9.647786457735655352e-01
-9.350300493573911353e+01
-8.406302135665887931e+01
3.805942799394040676e+00
-4.947287242709326449e+01
-4.808744047810174038e+01
5.922298891332781778e+01
6.570154959018294960e+01
6.264413620920247894e+01
-1.193294615700803307e+00
4.530005405115645090e+01
1.055335130257047496e+02
-9.658365467495558576e+00
-1.155992352488831720e+01
7.091884231366664437e+01
7.703460338983171951e+00
4.371081262837965831e+00
4.847882291877998284e+01
9.311136435380498710e+01
4.078751973774131301e+01
3.680495990379791493e+01
1.630985513494335848e+01
2.775379858669706934e+01
1.282926214256493047e+01
6.733671354945825271e+01
6.487103726479294608e+01
6.414701394203284224e+00
6.931284380527634070e+00
2.612952676372099958e+01
-4.218692415016253250e+01
-3.830466199368981961e+01
8.893446996793959158e+01
-2.703091053672558175e+01
-1.200064756911907295e+02
-4.789262247092949565e+01
-5.145316002398758570e+01
1.132362264179748053e+02
-2.907793212713915665e+01
-1.404802541868411225e+01
2.917531749170736433e+01
3.139464383386730972e+01
8.270822400174255051e+01
8.622029953495132304e+01
9.034172602481817194e+01
-4.301888866811417955e+01
-4.788074184018032042e+01
-2.667550672705909065e+01
5.453485401059018045e+01
5.776184935894679029e+01
-2.887941382729596995e+01
6.202146072513069441e+01
5.799286203602042633e+01
2.901019613334293812e+00
-5.168649734302739773e+01
-7.207146347772338402e+01
-8.441530502968891403e-01
2.837595939257111510e+00
5.603916678525007455e+01
1.101792367315715211e+02
-8.701772482118742857e+01
5.743096714378233258e+01
6.013336212981832318e+01
5.399278807163236138e+01
4.734545271347636231e+01
4.170866104173825306e+01
4.313493102573983862e+01
5.042507119843219243e+01
3.442248594773834469e+01
3.160445365943818175e+01
1.248132311581473353e+01
9.280062503753052638e+00
7.781560378912911347e+01
-8.504168628534115726e+01
-1.072353278470717584e+02
-1.024707900904151074e+02
2.156374355523771413e+01
2.495066717190902494e+01
1.164720077995847021e+02
-7.083133211487017888e+01
1.594013472574025059e+01
1.258572866739260476e+01
-4.436434196782369277e+00
3.294299378587763982e+01
6.055918904058717089e+01
6.450270999131747374e+01
-8.638228944053415148e+01
-8.282990485618944376e+01
-1.033952275958711908e+02
3.604579556336403812e+01
1.913527831935981283e+01
2.461218971976145298e+01
2.263692597646318205e+01
5.955785146362492810e+01
-4.267257788913552474e+01
1.906472993356145196e+01
-8.281662407273230997e+01
7.510689495515411984e+00
4.084810263132095720e+00
8.869103425083086734e+01
6.269152900763466363e+01
-9.084890068173693578e+01
1.707601688111157046e+01
1.390270001239053599e+01
2.117372801229955570e+01
9.757054719969393375e+01
9.358404819266154107e+01
9.045652381293227506e+01
8.524048807865398203e+00
1.412730191857018447e+01
1.244687293360896163e+01
-3.022846337873225764e+01
-2.785195691381113647e+01
-2.855576030047367198e+01
1.985004397707303170e+01
1.969601805964854790e+01
1.278480192282361294e+01
1.672082952444738169e+01
3.824142566748030703e+01
3.421046094311656560e+01
4.100533835993650911e+01
1.406128480243496881e+01
2.790404615471262062e+01
2.379693798587416254e+01
1.537480304488088478e+01
-1.132919698598946496e+02
9.103399255806094459e+01
8.836692563723427440e+01
3.715264400344560869e+01
6.833186679674719244e+01
7.231062812993019406e+01
-5.916527307715536210e+01
1.154224354509578632e+02
1.181239210031091602e+02
1.179908752556523268e+02
5.328425439991143264e+01
5.124876223756655236e+01
5.724748414495838489e+01
7.227702872022695146e+01
7.128257932964059762e+01
6.954091100246078838e+01
1.069666617502658141e+02
1.042329555900595608e+02
-7.601635200174072793e+00
2.531531633439940165e+01
-4.081627725852286837e+00
-4.172007897782699537e+00
8.916588499841573423e+01
1.602306382348137159e+00
6.561179706439764914e+01
8.960302670664862745e+00
-9.682976285952743467e+01
-9.954635538266137473e+01
5.298465183530605316e+01
4.757249186774225080e+01
4.954748130694366637e+01
1.013213861410522831e+01
7.740718652594041238e+00
1.149722515839550496e+01
7.061398649739950883e+01
-3.413029695973663991e+01
-1.321958157435276782e+00
-6.209651655018482153e+00
-5.881041141799568273e+00
1.051481619057610857e+02
7.672541555399629232e+00
9.853416176336881449e+01
8.848858805044173437e+01
8.508932785137412225e+01
-3.579420767581020235e-01
-2.244684002841636428e+01
-2.663282368087771346e+01
-2.169333781181904186e+01
-2.028905186797466342e+01
6.055254009637422996e+01
6.004195139394793301e+01
-5.580493221919998525e+00
-1.474016828405748569e+01
-1.251957643669601694e+01
8.862057920065383598e+01
2.940126296362024405e+01
2.513345837391831950e+01
8.497631795067822225e+01
6.002881132438292155e+01
1.028693698381502344e+02
-2.113447426072904989e+01
-1.783970484068336404e+01
-1.441664342886886629e+01
9.861956212224039575e+01
1.017748520290760439e+02
9.966195389753812606e+01
7.996599247073396555e+01
1.078058022630497703e+02
7.658766367576306777e+01
2.510954279227830810e+01
2.974653108563190429e+01
8.294056217285411492e+01
6.344853305799338017e+01
1.078037458237623412e+02
-2.571403431721343225e+01
8.394195569548058700e+01
8.738145900462471616e+01
-1.007534965720202251e+02
3.816416566612337302e+00
1.161384842548763885e+01
1.853863101261717938e+00
8.001231512256531175e+01
9.158743945867946934e+00
2.377519016816345143e+01
6.031890332643883745e+00
7.642392563571758046e+01
-3.141933957348241790e+01
-3.300266308059712372e+01
2.118651994119486126e+00
-8.661918537109215555e-01
-2.939485502006577633e+01
4.267131502179041291e+01
8.432059210209756372e+01
-2.527041755897935715e+01
7.301186934239886739e+01
7.695166138627347152e+01
8.243510104204310096e+01
8.498048800933420921e+01
6.760220111509785745e+00
4.025255735266208745e+01
2.410314632013533753e+01
4.575046015214107342e+01
-1.983714598492144177e+01
6.905797021821938664e+00
1.015299543902494150e+02
1.083990267297507160e+01
9.784482602527445749e+01
9.314386010659356430e+01
3.986034838038303718e+01
4.307715016759321003e+01
5.936140848252004076e+01
1.156179692461930699e+02
1.139810154733447263e+02
-6.077141182938829189e+01
-1.138276485557799056e+01
5.872605135808448296e+01
5.550043028723936800e+01
5.161645946728822310e+01
6.645988290523933983e+01
7.044743068598539537e+01
-1.836579255378222442e+01
4.086904055767647748e+01
4.380100998893913555e+01
4.183545654656929180e+00
-4.372004448258937259e+01
8.303251907022119838e+01
-4.045083540150287860e+01
4.998713541675154204e+01
4.402665180111306142e+01
4.698050410985370462e+01
2.171390036584748273e+00
1.176684961225679160e+02
-2.779070130632903712e+01
7.207535136431961575e+01
6.968508658388607557e+01
3.611377360690987359e+01
3.421539281124098153e+01
3.690967415122917572e+01
1.131161043263221586e+02
5.058457790065829585e+01
1.173955843875027796e+02
8.626315862394821465e+01
6.270898093710554377e+01
6.004041732969154310e+01
1.190191245903400841e+02
1.202650668749772649e+02
1.199661005544219989e+02
9.001132678563372735e+01
1.222454827715898347e+02
-2.697233882054528209e+01
6.092549902926876371e+01
8.220368920956632053e+01
1.135464843523003253e+02
3.902214262898804265e+01
3.560797577569618966e+01
1.109453859494653329e+02
1.101924923770027647e+02
-1.007985017038095776e+01
6.386232894124224657e+01
5.058983060218631778e+01
4.720475606184341189e+01
7.786354203656041761e+01
2.763006335248778811e+01
7.175854144667363244e+01
2.213532464361937002e+01
1.907766552391927561e+01
-3.553930216387907848e+01
4.406701351229143171e+01
8.009171284930681622e+01
-6.745943477409515765e+01
-1.672522225776944182e+01
-1.109937359772082210e+01
-1.296368823645548929e+01
-1.981247216308669579e+01
7.975890144279368599e+01
6.524501264958956881e+01
6.721850939270964886e+01
3.562259338751071169e+01
5.878349939642397004e+01
-3.615728567435893837e+01
-3.922954678247178606e+01
8.537627975935374991e+01
9.118940707609726815e+01
-3.920672774531572458e+01
-3.514177024360841273e+01
9.641068350224874450e+01
1.006942052467297088e+02
8.948822987239782378e+01
9.314250172327427890e+01
1.293869719687485542e+01
1.033176901992512775e+01
1.687665021294258239e+01
4.730150638809394081e+01
4.391255302054599241e+01
4.341088809408691418e+01
4.512547612009090869e+01
-7.108900054234399590e+01
4.788611433029208797e+01
5.268215506340099807e+01
9.156480177399228637e+01
3.637892534735743766e+01
3.277555807691707912e+01
-8.156262755293893107e+00
-3.449332185000385209e+01
3.613696145860472342e+01
3.407395122145675970e+01
2.972546489231412181e+01
-3.577018473948804456e+01
-3.374879007399078290e+01
3.032444917124667683e+01
5.027238406461619746e+01
-5.441274276199051485e+01
-5.632623632401807612e+01
4.203331946028058042e+01
9.334320008956886738e+01
3.793246726027354043e+01
-9.374379162562242129e+01
9.641362166260722688e+01
9.268478077519132796e+01
2.419080797757524692e+01
1.793373652639188975e+01
2.441466744742275807e+01
2.120224758662729769e+01
9.791330989256710193e-01
1.853635840418069947e+01
1.015887144680789049e+02
1.045406556009486110e+02
-6.540542929931450544e+01
1.119833190774982938e+02
-5.497280230015591229e+01
-1.207718983384628508e+01
7.395996161315956385e+01
-6.748856421734203082e+01
-1.433334404370963711e+01
-5.875487245853464913e+01
9.136823641521235118e+01
9.449484094842827631e+01
-4.831971209636273556e+01
7.537189677388431619e+01
-2.905687465024509919e+01
-2.611495834218365886e+01
-6.378572579954033728e+01
-9.050179479374104119e+01
4.138197972074463848e+01
4.023942481307504693e+01
9.095810089788525943e+01
8.800548205288255588e+01
3.373252076256380860e+01
3.590639464980962714e+01
8.448892622260660801e+01
7.289120062204277417e+01
7.576241080459446664e+01
-6.663137372048232976e+01
5.695023996752394346e+00
9.963909388607112305e+01
9.575571979743229178e+01
-5.877911900551606728e+00
-8.864231950511728542e+01
7.103308493517079114e+01
2.087454515637078956e+01
1.412539944234671374e+01
1.680145958680358831e+01
5.108472656351162300e+01
8.565209512668126024e+01
8.889247402093690198e+01
7.460394908776517120e+00
5.410213905826648073e+01
-2.322215396243219132e+01
1.580101261624089659e+01
1.905258523671441395e+01
1.767074115289151592e+01
2.005707748588000783e+01
3.417827548691185768e+00
3.736551196807621267e+01
3.972036582046928288e+01
4.299423241703092913e+01
1.522663972388525622e+01
-2.361994148717439401e+01
-2.168991249201751970e+01
-6.194091289579961312e+01
-5.543012842433534360e+01
-5.961180514900304672e+01
-5.660605367768069129e+01
6.609957152467050889e+01
6.841545763245082412e+01
-1.855971197859738453e+01
-2.218558789527331143e+01
-5.069176936872172856e-01
1.747738095811989467e+01
5.101979547816225846e+01
4.688077179044523035e+01
-4.660026315425798060e+01
-4.277444420738326869e+01
-4.923353535406106118e+01
2.077706640426127294e+01
6.886317465666215298e+01
7.648849659761063435e+01
7.501214477081582288e+01
6.202589117962181042e+00
-5.090716780195535307e+01
3.109963197816250613e+01
-7.654593015670967304e+01
4.913040806619189027e+01
-7.199165683774492663e+01
-1.162173948171767961e+02
7.710617849291383052e+00
4.992539587510251842e+00
1.714069186568990233e+01
8.454261427335474366e+01
7.290148787796411511e+01
7.711208974346669720e+01
7.613498381875014331e+01
8.335933766895685437e+01
1.280003293631972205e+01
-9.000423441643977185e+01
-2.515680835963527073e+01
-4.252071624502669067e+01
-4.588418908387399853e+01
6.594768619336390714e+01
8.016849426290252723e+01
7.390389683721609515e+01
7.739271703528932278e+01
6.256843473066954431e+01
9.434891078055466096e+01
-7.153979373354583338e+00
-5.377525691528767027e+00
5.516244306730131086e+01
5.122411336690701944e+01
8.850496792469067486e+01
9.134384944009116225e+01
-6.422631615099457747e+01
-1.239258278804592911e-01
-5.848068412047835807e+01
-6.101921020706164001e+01
1.054245013871348959e+02
7.468694198390721795e+01
-2.745377369194238071e+01
-3.307829902930783383e+00
-4.907313464329627450e+00
-7.128606766241807335e+00
8.510035954571122829e+01
-1.746788781507842359e+01
6.194935659847411813e+01
8.666235185474295122e+01
-6.877606228452518011e-02
-4.480640585448709245e+00
6.464319516415653766e+01
6.027461065582573951e+01
1.049437410953731700e+02
6.935394001015912124e+01
-2.780488868483848908e+00
6.525436930858344908e+01
6.583382617342194010e+01
1.040579649147909151e+02
9.916273094146021094e+01
1.033837964766737940e+02
1.580701248642778722e+00
8.187394488857468389e+01
-9.856352835576124960e+01
1.128656084146635408e+02
9.814277415853860020e+01
1.097858134756025095e+01
1.154644524903642804e+02
7.535080621858280381e+01
5.961217063663954008e+01
5.599960902622594006e+01
6.254555174862681355e+01
7.878617343261389294e+01
7.902821069693712275e+01
7.596462865952361199e+01
4.479118161314590907e+01
-4.746549083596636365e+01
-5.017881025786756766e+01
1.179569039299631044e+02
4.405708909505215587e+01
4.210680474540578899e+01
3.781681417515894594e+01
-4.985910077464507317e+00
-1.525266319087361389e+01
3.274554565850301469e+00
-8.037650815408015958e+00
8.826208297547171355e+01
-1.947077278773368647e+01
-1.721055778724879204e+01
1.174136946340875909e+02
2.356096685097697119e+01
-2.381107830428145533e+01
8.284560702384693798e+01
-1.159252049976786836e+01
-1.608539783753411001e+01
5.129733412182105212e+00
-4.182917982089984577e+01
-3.833440663926975844e+01
-1.051052166540591237e+01
1.821565364273813614e+01
5.890256475718310014e+01
6.208140169796960350e+01
7.989583187233378681e+01
7.665711674456818514e+01
5.236534158483023305e+01
5.769789521197682092e+01
5.597772680704083115e+01
6.280986957915662572e+01
1.460934109584090379e+01
4.784224740229206674e+01
-3.063648856374180340e+01
4.394209795005652808e+01
4.045903136926936128e+01
5.866785349102772784e+01
5.463139797202168779e+01
1.032486857610476250e+02
9.771152887639448181e+01
1.011049097664017467e+02
-5.591925969237941985e+01
-4.174169448616201095e+00
1.439150210643323291e+01
8.854340938269317007e+00
1.293320089786344163e+01
1.575165372849766854e+01
1.597105254209549763e+01
-6.827769407271011914e+01
-4.666912623038492569e+01
-7.517386501525051301e+01
-3.155517096375333708e+01
6.954208063009276941e+01
1.731618870314249037e+01
9.939177115754739589e+01
5.742064743070606170e+01
4.720402533740732309e+01
4.399559582754871201e+01
5.015937669203571758e+00
5.762313542840880842e+01
-2.470472158690336073e+01
9.384096595176187350e+01
9.753147785230028433e+01
-8.381614602156078897e-01
3.530886860225516788e+00
1.020206810492539091e+02
9.579428258574955635e+01
5.339479945261942362e+01
-3.359581358203275414e+01
-3.009390579332483640e+01
-4.575940276360415671e-01
-2.708763609851772713e+01
-4.626228475004161567e+01
-5.024566330013429649e+01
-5.356748065037488260e+01
9.719586825027383270e+01
-4.747278473883359595e+01
-3.776594480539843346e+01
-4.162438501903447019e+01
1.060077793552777479e+02
1.200848888105088861e+02
5.548520665592594270e+01
8.842027317537444731e+01
5.214503975773405386e+01
3.326146389550110882e+01
3.675188792169940655e+01
3.677570156141008795e+01
-3.579473727257433069e+01
-1.130669251105209661e+01
4.929986991149531406e+01
5.068477512587254097e+01
4.775007521034162039e+01
4.546260098776362923e+01
4.118577242110343661e+01
-4.389735020260348364e+01
4.049311963499982880e+01
3.750758267668753376e+01
1.178175423778122735e+02
1.146726631666920468e+02
7.309787449578395524e+01
-5.629485684555606184e+01
3.989760032587987126e+01
8.782066210988159582e+01
1.387464637128706890e+01
-3.887388268062056085e+01
7.288791438917287735e+01
-3.910331592232763853e+01
-4.245930085266834197e+01
6.620758606042674899e+01
3.570609139024323753e+01
-8.479078052775773244e+01
-1.763678618401507947e+01
-2.466438480567471458e+01
-2.688889072252455748e+01
2.714026737246575038e+01
-2.321179787872558720e+01
4.713659852449896448e+01
-1.510361796066731443e+01
3.121161419850971441e+01
8.632215481835075366e+01
1.071159346340747476e+02
-5.733098643064248989e+00
4.375950326143805746e+00
-1.718265394410821401e+01
-2.332281196329931205e+01
1.054332659463662907e+02
-1.928414095530035155e+01
3.859937534588461006e+01
3.120779267137008617e+01
3.409990071109951515e+01
-6.628279220375121383e+01
9.398079993217329786e+01
7.246782612398513379e+01
7.611921039331166128e+01
4.594469617951630624e+01
4.543838543579160216e+01
7.449653121805758360e+01
7.822387384740977723e+01
-2.586324313437224021e+01
-1.479727097418146542e+01
1.032858816347234523e+02
6.571776956611729759e+01
-2.076724285875590681e+01
-2.392046907917267262e+01
-3.307792539458115755e+01
-9.578697182060453841e+00
-1.177647667448892044e+01
-1.565681601743464846e+01
-1.581084231899952108e+01
-1.505398409259483117e+01
-2.346619565263131335e+01
-1.358400803488292041e+01
1.031808443954695775e+02
-1.172238467931078887e+01
8.140718793907902295e+01
2.575216239036452848e+01
2.559973572601833069e+01
-6.029074725284630887e+01
8.223795085871138610e+01
7.827459025080692356e+01
-4.362107669891157613e+00
4.860741410623051095e+00
2.912839352536368764e+01
4.980924530851724086e+01
4.781191785498226920e+01
2.865937251900502503e+01
2.885710219833864798e+01
2.565561466134157342e+01
7.929580715232097532e+01
9.807733072698891874e+01
-4.410369420308973076e+01
1.126209098296327937e+02
1.054933887970401827e+02
1.028618042323923873e+02
8.050332539835173407e+01
7.059904210329912644e+01
6.670962519767115850e+01
9.191347426739983462e+01
1.995562692209508171e+01
-3.168652523251967779e+01
9.442951798819703413e+01
2.765023793483551628e+01
3.152702371911275492e+01
3.229049471210377931e+01
9.729563506318841348e+01
9.812800161477380811e+01
-1.568100429837574517e+01
9.533000829893551042e+01
-3.382338358543405121e+01
1.000895914862029059e+02
-3.993387335853307007e+01
-3.528909431009866182e+01
-3.134385829555521497e+01
-3.120825338052718578e+01
-2.965875571281248924e+01
9.689187428208871466e+00
-2.978365542155560064e+01
1.660832806074634149e+01
1.390082520906271313e+01
1.182728490691440868e+02
8.483016961390917743e+01
8.208687616281247301e+01
1.148984251692134677e+02
1.160625707343987472e+02
-5.761176595693663360e-01
1.188994906807678831e+02
8.398258967905887573e+01
8.845660440853713169e+01
8.972780962997784115e+01
1.151964550402500009e+01
1.343307281469121506e+01
1.257065963653313823e+01
1.657103458046855593e+01
6.309371759346912967e+01
5.363919542251100125e+01
8.734174428232012177e-01
-3.181781704022121904e+00
-6.974673955217316745e+01
-7.223628927847650516e+01
-5.360396763301666567e+01
-4.717877141440714439e+01
5.706482160927814817e+01
6.044485521406446793e+01
5.297917020315839665e+01
2.204009346505283062e+01
-1.827734352408996088e+01
-1.269676134559805014e+01
-5.462004445185806389e+01
6.900627263020228952e+01
2.235753056132680783e+01
7.046878979179471969e+01
-4.966161058865968259e-01
7.691859152660325094e+01
2.065791861887676006e+01
1.198164575923632640e+02
-4.010565865328988622e+01
1.680428403735297493e+01
5.422619435413300160e+00
6.153279980885023548e+01
6.412299917599825960e+01
-3.577241741385866902e+01
-3.249683178529682692e+01
2.480791668514534365e+01
9.135266406031603026e+01
5.409794566095663981e+01
1.112207872267460829e+01
4.114647120006085856e+01
3.505217998277902325e+01
3.713645723345739924e+01
1.589959531282742944e+01
-6.123492762104125831e+01
4.032771734827284149e+01
4.311075377077806081e+01
3.898027497607347414e+01
3.508927105585109985e+01
7.921459326190583283e+01
4.850844334017671855e+01
-2.770422287437853370e+01
-1.588695471691514172e+01
-1.696731773442876445e+01
-3.056577850604050184e+01
-3.028714998306302775e+01
4.402838547355960941e+01
-6.574600116095669478e+01
3.810968766609610725e+01
1.987708190082818049e+01
9.041320282106161699e+01
-6.250455754895158123e+01
-1.315675347194648381e+01
7.705894568161801317e+01
7.132778037430662721e+01
8.913876105565398689e+01
9.230210660457497340e+01
9.556250067997898157e+01
8.668665359959368288e+01
9.849302577691283034e+01
7.289766857922793442e+00
-4.277929017839397119e+01
1.148120854195226599e+02
-8.779468692761581039e+00
-8.628053894170639282e+00
-6.273936819085997030e+01
7.314869904466589468e+00
-2.486346937765660670e+01
6.691217097745442288e+01
-7.043412206963726874e+01
2.235235054161626067e+01
5.576641560116380703e+01
1.765857348278434813e+01
2.515480880956826937e+01
2.265346793026110106e+01
2.892351262603617101e+01
-2.577068489139763940e+01
3.165172608291944201e+01
2.915385091860902733e+01
4.063855961928796034e+01
1.266630252762308650e+01
-1.381410883750894492e+01
9.433586125071279582e+00
-1.355629250809172248e+01
8.246114423305858310e+00
7.399229507075385470e+01
3.224832253214462696e+01
-2.184778357713964425e+01
6.632446433500967942e+01
4.415301121653183714e+01
2.967226148706935263e+01
3.423689141781352419e+01
3.201542242089464452e+01
3.835344227767560454e+01
4.251779259287211232e+01
6.456114679372046794e+01
-4.076138263894632630e+00
3.271944264301422578e+01
3.352353660143259617e+01
5.700846522632227931e+01
-5.775826303428500808e+01
5.034911080390081395e+01
6.962881623520721064e+01
-2.352390876067218528e+01
-3.322054933537837229e+01
-2.304626447955720181e+01
3.649022321885326647e+01
8.699184535040137689e+01
-1.825914869915221672e+01
9.302134518930806450e+01
-1.867252554565150646e+01
5.090522757983578828e+01
-2.256645123901383698e+01
-7.384825521125512182e+01
5.205500053156972484e+01
8.073978288695752781e+01
9.723463656762962160e+01
9.295786737558731261e+01
9.359275115789765209e+01
1.821641390981325515e+01
3.198102637884980837e+01
2.824932781865568643e+01
3.430481258527866828e+01
6.545590558249553226e+01
7.482787470000415908e+01
-4.679149209529963827e+01
-6.661266497835184985e+00
-3.340459998986445100e+01
5.498735720687568573e+01
-2.031960171955604011e+01
-2.380366203159068306e+01
6.901841149069134929e+01
7.052594733140897176e+01
7.398366103433157548e+01
-2.545171090814533699e+01
7.027356213706623578e+01
-4.089173541714109916e+01
1.094376452593454445e+02
5.858731598419763031e+01
8.374268498770925362e+01
4.757035414836577303e+01
4.187312934659079389e+01
1.200016431597697277e+02
3.834794904482453148e+01
6.187736309183431160e+01
6.468156726789106870e+01
3.798400970518361675e+01
7.006069082463073983e+01
6.984162294893231149e+01
6.647312920560317195e+01
6.274207333123022323e+01
5.232681436834764099e+01
7.516855188259680176e+01
7.184287999511315093e+01
6.864326239539904861e+01
3.362258002164072934e+01
3.330363327356188563e+01
2.988764170280296284e+01
1.016041664632068375e+02
4.374327197261947475e+01
5.639060402183854137e+01
5.450766996793360875e+01
4.711886127587733597e+01
-1.694982082867585049e+01
-1.240315527765884163e+01
6.539461345101351242e+01
6.463368166587248709e+01
3.946300625287589625e+00
8.588452899664288154e+00
5.583138706656697536e+01
9.634719444026025315e+01
-3.318817344071277375e+01
-2.891898871772857404e+01
1.893046469101532026e+01
2.179626073815877163e+01
2.182419880779560728e+01
6.345676143703712313e+01
6.005936810347513699e+01
8.425273806581579095e+01
8.729851246189519998e+01
-1.482191494285643607e+01
-1.746858635624577971e+01
-2.172396856992403968e+01
-2.517683938598882776e+01
2.053424353880492603e+01
2.500669780135643805e+01
-1.405579987573063683e+01
4.565532065447239773e+00
8.121734649399823525e+01
1.907392206806827062e+01
2.215327862843241391e+01
8.380945712312641405e+00
-3.541397979917422134e+01
-3.917030703675071379e+01
8.356212498475753137e+01
8.027437236885144500e+01
8.572120453495199399e+01
9.999291013499043856e+01
1.023890567738810233e+02
7.113038960485383200e+01
1.027736201279980044e+01
5.637232663870095450e+01
5.217801082659541834e+01
-1.768771344108821253e-01
-3.231459392454327428e+01
2.643823042049486105e+01
8.372009588629593679e+01
1.270393165586207651e+01
1.006874197234968271e+01
8.927471535669258884e+00
7.759310877933278228e+00
7.591447487102203695e+01
1.851705364180437385e+01
9.612882477924615898e+01
1.018071729597920978e+02
9.905523708043500619e+01
-3.578625110776253848e+01
-3.680459140192844814e+01
-3.243263590298692378e+01
-3.219309793270850406e+01
-2.806828135139458880e+01
-3.036181278276353268e+01
9.110670631293395161e+01
-7.462480775352621265e+01
-4.335698584364202190e+01
-4.306973693059884312e+01
-2.512178997512404521e+01
7.730313463391590290e+01
8.029198266563558661e+01
-2.713912098780321713e+01
7.535719704713397959e+01
-2.588043094560223167e+01
7.809846781842446717e+01
6.742575043476286112e+01
-5.573769771528892392e+01
9.866108613896164670e+00
5.925160930661481196e+00
5.381974202402856378e+01
-3.651061735958987242e+01
8.067141558102026977e+01
3.195697856431061368e+01
8.233087883805534091e+01
8.416647543422104150e+01
8.116806393824985832e+01
7.868667831320810535e+01
-9.166881154128674325e+00
4.851875716613746903e+01
1.058397172261289398e+02
1.088087270989279602e+02
9.844309247708798694e+01
1.042814162849207946e+02
1.011138794014410962e+02
5.266905791221253708e+01
-1.061468059322437654e+02
6.176078749503624010e+01
1.541617308859656355e+01
5.327654912623164307e+01
-1.036765409730463006e+01
5.628716910073364232e+01
1.181302422383243993e+02
-2.745646151540799451e+01
5.000472884014647690e+01
9.851261366252103358e+01
3.521806507115832829e+01
3.083300041859147100e+01
9.510264051920292161e+01
6.702086520552023785e+01
5.091968155457916367e+01
3.381411189176458976e+01
-6.452427401288909437e+01
2.197269281593271373e+01
1.094877135253316709e+02
8.569563983535761054e+01
-1.431720234016090210e+01
6.421960299148055640e+01
5.341336570998697653e+01
5.075513220031694317e+01
1.195719393550213283e+02
4.881795792387260491e+01
4.629199670342543982e+01
1.909968196148216180e+01
1.532400727080572800e+01
1.071536955282988970e+02
9.825316822093451208e+01
1.008848455435095843e+02
8.202215331279258237e+01
8.190700855792974266e+01
1.097340593714614414e+02
2.783682017747645077e+01
2.823985245344587014e+01
3.036432762360077930e+01
9.420955912144528099e+01
2.775342711628938375e+01
2.620305097245284998e+01
8.833073439182827258e+01
9.064247760842765445e+01
1.143843702956539055e+01
9.780433600853447729e+01
3.941821608676901434e+01
9.371107304962389151e+01
9.705941627711250419e+01
1.123284639884574574e+02
4.413307966211954181e+01
-1.064369835523383578e+01
4.762804591333034665e+01
3.108345653060863967e+01
-2.984175704614457558e+01
-1.910583574289636033e+01
2.798944671249076421e+01
1.071805054483796908e+02
7.830721932872950219e+01
-4.394309477181160162e+01
-4.568299655273480653e+01
1.031638323696742816e+02
3.728172251354394007e+01
1.036534703832975168e+02
-4.854303748273925834e+01
-4.994928318389956701e+01
7.459925267606820398e+01
7.682956156852981167e+01
-4.793144311656909196e+01
-3.552706715266289450e+01
-2.999656303161169291e+01
5.259985546166200265e+01
5.536874554303617657e+01
5.754185211466216288e+01
5.703584599154236656e+01
4.936363435316869186e+01
2.364009093932313021e+01
-5.981621448837496757e+01
1.150675796890292091e+01
-5.415853497586285670e+01
5.757001842590037199e+01
4.867034649747303376e+01
-6.948408630313626588e+01
-6.623874079776547319e+01
-4.076133114022992032e+01
-3.640771424802279199e+01
4.698790989077337343e+01
3.816162117987168045e+01
-5.622533207310264913e+01
9.214890213810622299e+01
-2.369752144885998035e+01
-2.513530517517902396e+01
4.133689887173527922e+01
6.337077217017062836e+00
4.403327756763377465e+01
8.357122114657653356e+01
7.260194487635706651e+01
3.262502974734675121e+01
-3.670684923968840963e+01
-3.392030010886793434e+01
7.837414037812445144e+01
7.534861557486800621e+01
-2.248680851784880019e+01
7.491340605812725428e+00
4.952975349872983202e+01
6.977271665471280926e+01
-3.988467159966719322e+01
1.904002881139171421e+01
3.572146715578230669e+01
3.330496703845288664e+01
4.244130286215463599e+01
5.926552901757871439e+01
4.582638720482147221e+01
-1.995303565354023689e+01
-1.012465209408943778e+01
-5.138776691203833025e+01
-4.742623239924183309e+01
2.981217744331534192e+01
-5.628833262472842591e+01
-5.251906334472093363e+01
-2.030747424262931489e+01
6.931286667410859081e+01
2.415035507870000586e+01
8.822218210138527184e+01
5.337321379513095820e+00
-2.294949565669171676e+01
-4.112552549073748764e+01
4.453031964333738557e+01
-1.662229819764992556e+01
-1.300353614561820947e+01
7.680484014789335845e+01
2.298085348926842908e+00
4.093128553675570203e+01
-4.331343408728576350e+01
8.584334627086501257e+01
1.097635045134289697e+02
1.091179398118010084e+02
8.276465247715087514e+01
2.744770847806311309e+01
4.192470171264371714e+01
-5.338289110653170866e+01
2.494116748602746014e+01
9.453805852680748956e+01
9.436466054633156375e+01
-2.060221831855780295e+01
-1.856187407955290780e+01
5.016192481636181100e+01
-5.809903739927523958e+01
1.099492145196179393e+02
1.985159323464180048e+01
1.517294162462849805e+01
8.152726104380394645e+01
5.188047643520617669e+01
5.025874206449146442e+01
7.775514644344143278e+01
-2.310385959118217514e+01
-1.977993075342583396e+01
-1.931739607464069763e+01
3.187609861300773062e+01
-1.208181380420882434e+01
8.198787128942346669e+01
7.844700102266186548e+01
3.703480166206087887e-01
-3.193623243564770231e+00
-4.144501679050694998e-01
2.801159161652023721e-01
2.977990289327669515e+00
1.967182318463502055e-01
3.904012343793199502e+00
-7.271102243122219422e-01
-2.406643714668895040e+00
3.945163899458312695e+00
6.165652194304892530e-01
2.637299689075696563e+00
-1.823391056653686393e+00
-2.672252067244759388e+00
