-2.675674831769129725e+01
-2.465110106098468279e+01
-3.247335164965674892e+01
-3.303188023040048193e+01
1.585486006087170496e+00
3.212185985942632982e+01
-8.294096386101294627e+00
3.349796422425836795e+01
3.564160059805293201e+01
-4.050701981091962445e+00
-2.139241733740715468e+00
4.340980532295677818e+00
2.315372958212515098e+00
3.361497951687299945e+01
3.487620991407145965e+01
9.279488434721878676e+00
5.494505718022041352e-01
4.467330501166724588e+00
-6.229416975460750017e+00
7.881269728030305899e+00
-1.887460273949372791e+01
-1.904072475080300464e+01
2.109959209647677980e+01
1.930565959847291424e+01
4.919806828181705782e+00
-1.616510276071491603e+01
-1.602232756214045040e+01
7.236987280904759068e+00
-1.764701719782808809e+01
-1.587524002114964006e+01
-3.509341079536137897e+01
-3.355116901858688294e+01
-2.661116756086624235e+00
-3.460785200615361212e+00
-2.156546181976883858e+01
-2.297059121702955409e+01
-7.865894624971919491e+00
-2.449024369651481337e+01
-2.516869617844784202e+01
-1.550608301575305958e+01
-1.685889727283936068e+01
-3.686461361217327237e+01
-3.643557964765886936e+01
2.954904104047634661e+01
2.781161418722761525e+01
3.095525233362467077e+01
2.920517224055204153e+01
2.801979578711506136e+01
2.905434925927323420e+01
2.976895050946619659e+00
5.756406843022499054e+00
6.512432330653702195e+00
6.616490716140959627e+00
9.865874884030846559e+00
-2.586566788681628637e+01
-2.337778154469890168e+01
2.008593593884771522e+01
1.767431238981636454e+01
-3.488273477183154370e+01
-3.588118604638169273e+01
-3.057785839817091045e+01
-3.309725160199712946e+01
2.896191212820796679e+01
2.714860050320301355e+01
-1.810839185689786390e+01
-1.612051258067162962e+01
-3.713262809613754456e+01
7.148522563879813774e+00
-3.833384031866225428e+01
-3.444870763385956280e+01
-2.954623682141397367e+01
-2.375112371819355062e+01
2.686610443859131081e+01
2.498601685161247943e+01
-2.495574918880843640e+01
-2.231832974743647213e+01
-1.518661844839708053e+01
-1.316229274985976261e+01
3.484054850932998448e+01
3.414127405666360460e+01
-2.077948160399991906e+01
-1.163943396140809838e+01
-1.453056502162565877e+01
1.792180138836821257e+01
2.091719758161163156e+01
-2.740758142973388800e+01
-3.006705478339799598e+01
-7.891491828144187259e+00
-6.411935924064245285e+00
-1.221331354902278754e+01
-2.640331990038237464e+01
-2.506884232621417041e+01
-9.166803689968578084e+00
2.114119767457149734e+01
2.153033723860681192e+01
-1.190826377437028327e+01
-1.418790410463649820e+01
-3.049724006692497369e+01
1.157710009287742636e+01
8.194263782842153176e+00
-3.147455163588008276e+01
-3.280478319297989742e+01
1.571237099827217953e+01
1.582087831164805891e+01
3.681345963852599823e+01
3.606332294254627868e+01
-8.364836710525786145e+00
-5.050710275103899249e+00
2.643741245710390686e+01
2.361503407360011408e+01
2.012067077842630880e+01
1.770695512553027129e+01
-9.231320545098444796e+00
-3.499617023376028158e+01
-3.346891888793871317e+01
-4.116670796060458493e+00
-4.757676490408366377e+00
-6.583411887822155251e+00
-6.161922457832460509e+00
1.406607636401296801e+01
1.690143317787770627e+01
-3.855492686267032099e+01
-3.947478599323626725e+01
1.095234181450072519e+01
1.330540457791505204e+01
-1.966050568786616282e+01
-1.730511895657533117e+01
2.628075407869608426e+01
-5.370017979418635345e-01
-1.681564488957424075e+01
1.613023651124453339e+00
-2.086873145336943836e+01
-2.411241209963991849e+01
1.139436470030510229e+01
1.054979544696034566e+01
1.415484907767532974e+01
-1.280569467793278093e+01
1.306309540629347410e+01
1.476408222435846973e+01
4.061267994513730173e+01
-6.799516308507882911e+00
-1.075206297592031923e+01
-2.796040847047291322e+01
-4.257731957319256821e+01
-4.308596988692418250e+01
-2.510725423002325840e+01
6.868849985383646661e+00
-4.454136854011219171e+00
4.926559315256674232e+00
5.120412391278282627e+00
-3.154672884101291785e+01
-1.970430330857736578e+01
-1.697410874726242369e+01
-2.821351201154408272e+01
7.527153932471827069e+00
7.422705201662659569e+00
1.410706378107662573e+01
1.668096476146116913e+01
1.847159807610245963e+01
-3.482189097013637991e+01
-1.787136152769208008e+00
-8.811273774596481090e+00
-3.122566727539087239e+01
3.713777487688999912e+01
3.792060457305475296e+01
-3.552466850026380030e+01
-3.868906688004700101e+01
-3.882873902039109737e+01
-3.769645476259741912e+01
-2.850849220041066090e+01
-2.705488888688356752e+01
3.105961735625570697e+01
3.299991248490037776e+01
3.582108127577522083e+01
3.423783077927845397e+01
3.501080940840954270e+01
-8.832618187802824039e+00
-1.991534862692141772e+01
-1.291464382796722710e+01
-1.448277060940997529e+01
-1.894402401414957637e+01
-1.519199590322562976e+01
-1.872537204988415382e+01
1.588844584915696423e+01
-2.718262347641891452e+01
-2.642724327657136385e+01
7.053956704292654756e+00
3.663865601496876678e+01
3.751406439305384311e+01
-3.861003118911591514e+01
-3.718326653722792940e+01
1.775005485821877116e+01
1.682528296043102145e+01
-2.093721455185865210e+01
-1.877297322005711422e+01
-2.235972399607037175e+01
2.132982733829142319e+01
2.078178374907150072e+01
1.923866532427425113e+01
-1.565751776708560783e+01
-1.549619025609014145e+01
-3.454416368675757809e+01
-3.332226148015043066e+01
-3.523627834261414193e+01
-3.028649796408697625e+01
-3.038895725658247216e+01
-3.267245602598041643e+01
-3.388274967483086897e+01
-3.027879471000701983e+01
-2.983783388044324525e+01
8.603536004039000318e+00
1.038841948059434372e+01
-2.827299451053250223e+01
4.135639428597996670e+01
4.241411195585730809e+01
4.159005500622136964e+01
-2.892156170542487814e+01
-2.605178060384278993e+01
3.614724458781341099e+01
-7.390426743421349975e-01
3.455244293962140745e+01
-3.327430696319890302e+00
-1.601674614370870442e+00
3.520340510140903234e+01
-3.358681415033868234e+01
-3.490881092043068890e+01
-3.466184574747096292e+01
3.275955654170819997e+01
-2.072678678528225760e+01
3.028218344953705099e+01
2.973778136078352574e+01
2.532064297978603662e+01
2.062168871981586094e+01
2.422935392349488737e+01
-3.210744327389530639e+00
-5.838126578703112912e+00
-2.582742478441075562e+01
-2.270193828583435192e+01
-1.085972856809860154e+01
-1.934882187039495349e+01
-4.112394457261473235e+01
-4.092200953395763463e+01
1.234164429895275106e+01
-4.013390095540212599e+01
-4.284717870249664884e+01
-4.253564726884069813e+01
3.882116926555876546e+01
3.827052083869744337e+01
2.848633429692248953e+01
2.962279359815277147e+01
3.188035984807953938e+01
3.056378206871773884e+01
3.933918870423084968e+01
3.283042521974699213e+01
-3.357271806259027613e+01
3.073193502207279693e+01
1.649723672960015364e+01
1.794747048874445738e+01
-7.994143590322114967e+00
3.323874373605832488e+01
3.221595000393343611e+01
1.925443142403510555e+00
-2.336793001297645134e+01
-3.996318821744957717e+01
-2.462469165733801191e+01
-8.360661794364885324e+00
3.990781332689478766e+00
4.000057826522014359e+00
2.353518725729052186e+00
3.452925000199267913e+01
3.533454814755283024e+01
3.376530201581419277e+01
-2.017932942353265702e+01
1.188912178457163904e+01
1.354783284734600279e+01
-2.005015137772216249e+01
-1.967289669972136323e+01
8.118756118717207926e+00
1.090470230175472643e+01
-1.635221445753662550e+01
-2.856269688560102793e+01
-2.999268577091631371e+01
-4.068985739113978894e+01
-4.112767449321995628e+01
-4.172151385684058766e+01
2.446126456975752461e+01
2.295415418908884675e+01
2.004911195771300214e+01
-3.035237854372807931e+01
-2.947733520468719703e+01
4.083500579798148777e+01
-2.731284584143157801e+01
-3.118511562073166488e+01
-2.924464798571710134e+01
-2.512028052266670741e+01
-2.262429154836020118e+01
3.652935202965500849e+01
3.260734823017646278e+01
3.501870585592368457e+01
3.533569422803110882e+01
3.707172380346844420e+01
3.668326179186817626e+01
2.837542464971748046e+01
2.932667643808903790e+01
2.512802195979791708e+00
4.285652377815723213e+01
3.223550715387967358e+01
3.327723187506904168e+01
3.180455958718284393e+01
2.492624247924468861e+01
2.318531921772382987e+01
2.298945028514557620e+01
3.580305656636609513e+01
-7.178217810017462064e+00
3.530697594615524082e+01
2.956875176593475985e+01
2.979371690654126326e+01
2.926739529373218218e+01
4.183521473399672175e+01
2.957422050264937141e+01
6.049024037662199760e+00
-1.825636608454508547e+01
2.388114445623494220e+01
-7.123958388645093009e+00
-1.752775451635776083e+00
-2.617129509372277241e+01
-3.549051875220766927e+00
-4.244115454237855545e+01
-4.275899502966849752e+01
-4.292287682926534842e+01
-3.380057320010851640e+01
-1.308875369972646396e+01
-9.142662995586327668e+00
-3.293627526710183417e+01
9.817913568260678403e+00
-2.077538119875509892e+01
-3.359892586766242317e+01
-1.151078084130062251e+01
-3.114924705175583242e+01
-3.152561043821473774e+01
2.958599170880651030e+01
3.696807553720081785e+01
3.671052143062988904e+01
2.793813593578890320e+01
-7.104958410121072987e+00
2.843350592018243717e+01
-2.242468843420460090e+01
-4.011233227009570079e+00
-3.628917355321937777e+01
-3.707954130997360664e+01
-1.798408652299673349e+01
-2.070844166093069205e+01
2.359187489617418088e+00
2.771113708555634769e+00
-2.775654047235251554e+01
-2.878190574913979560e+01
-2.598163436074041854e+01
3.478373897346579469e+01
3.023328988864627220e+01
3.230705088960283433e+01
3.004580340928789539e+01
-3.957210611615781914e+01
-3.758520545431738213e+01
-3.939123157428304722e+01
-1.010278925963212160e+01
-3.580705354112050998e+01
-1.299217968221297248e+01
-3.987314221457681995e+00
3.082255444502405695e+01
-2.243453000357143878e+01
-2.335446650364903931e+01
-4.230874207976301449e+01
3.913530157189556036e+01
-4.261005019119955506e+01
2.454786483766312699e+01
2.996906619317134712e+01
3.997190073193399229e+01
3.943207431750374781e+01
2.739668640983843773e+01
-3.492597979745999481e+01
-3.517669780830160420e+01
-3.391584054805993986e+01
-3.864117313678968912e+01
-3.701612274069093189e+01
-3.708641920500394207e+01
-3.851294202087414931e+01
-3.845438116391198946e+01
3.560741376671712288e+01
3.431953459535030504e+01
3.401430719347696652e+01
3.347899443611112247e+01
3.623415977120500742e+01
3.792449344032766589e+01
9.613119397947723854e+00
7.782617246940670697e+00
3.964623208097902562e+01
4.101337483689663088e+01
-1.699632538573671425e+01
2.270461315780962153e+01
4.324171827110623312e+00
1.817173651812662527e+01
2.578000455294015580e+01
2.443830360332344753e+01
3.586402249355911920e+01
3.422729998113545946e+01
4.778581656776176523e+00
4.556914781573688344e+00
2.430196365145941950e+00
5.058978959246450913e+00
8.527117584397434058e+00
2.554682532971140319e+01
-2.525905041162858566e+01
2.806126321766898712e+01
-3.036723344539268510e+01
-3.182000601087258929e+01
-2.190054096335312295e+01
7.425529067999692145e+00
1.926897460660363848e+01
1.076970983808859117e+01
9.950948042890205514e+00
-1.599499904188112787e+01
1.757931535572338788e+01
1.974448346284219014e+01
-1.528731833965730935e+01
1.724580477180077764e+01
-1.293396211820927100e+01
1.915011734704498636e+01
3.406632066735667053e+01
3.247234860253828970e+01
1.776838038553884047e+01
1.669089555922738910e+01
-3.083789048165865765e+01
-2.907726787221901432e+01
2.403381958721424994e+01
2.654107575871233138e+01
2.378666658109398924e+01
-3.297560599659115610e+01
-3.075466856024545592e+01
-2.808538320612143124e+01
4.387786642704951845e+01
4.398122301750577634e+01
4.389722911760561885e+01
3.570169936154515256e+01
3.214222219440846118e+01
1.398223593861887792e+01
-4.119033451666855683e+01
-9.227933632104383221e+00
-4.179363235909827523e+01
-4.069658616871102907e+01
3.964650593808524803e+01
-7.053085314018875174e+00
-1.022737037086279699e+01
1.375732764295261390e+01
1.394240086906057208e+01
-9.775793381737432952e+00
-3.136519534880470772e+01
-3.118888429949518937e+01
-2.986568827717315600e+01
-1.313365087552950428e+01
-9.672429866659664199e+00
-1.504003649026570777e+01
4.024286077083414881e+01
3.647136574240018092e+01
-1.053441291760371179e+01
3.494623362574245817e+01
3.630546450128858993e+01
-1.495388566372947636e+01
1.779627407406165673e+01
-2.231068022407573892e+01
3.819934575217662598e+01
3.975039176842076216e+01
-1.360763611568365583e+01
-1.722173516466506626e+01
-1.707636045444879613e+01
-4.071702211592775456e+01
-4.025205689894558958e+01
-1.857063369243488893e+01
3.788819347682105843e+01
3.437553575402962736e+01
3.402531183247123181e+01
3.905047285890078257e+01
3.805397192423690456e+01
3.147031868068338056e+01
3.066634959162095342e+01
2.943419183486349411e+01
-1.476459130792135355e+01
2.559204924681557713e+01
2.789558454160835765e+01
-1.368667163577066326e+01
-1.438944542828506812e+01
-1.595546624647292688e+01
2.731585468918125414e+01
2.722410034224572328e+01
2.545507115802251263e+01
2.041232490588958370e+01
2.005582607208785717e+01
-2.909593396193755055e+01
3.321264662504491838e+01
3.638929390641381190e+01
2.019168669096358570e+01
1.003258753975710782e+01
2.604286718480439689e+01
-2.367264697092416981e+01
-2.229610796190533506e+01
-2.794070739712631379e+01
-2.750359488411909581e+01
-2.648616528542532222e+01
-3.571695185771781667e+01
-4.417687242694609218e+00
-3.609093270204024861e+01
-6.002285818028836317e+00
3.388440059725465403e+01
3.393126329175799327e+01
-3.943492632511855334e+01
9.521228789516481550e-01
-4.009134717871319253e+01
-2.661825337825236559e+01
2.357836170902056949e+01
-9.002737056585200293e+00
-1.217427830548085410e+01
-1.314908264721012721e+01
-3.702420180474681644e+01
-3.509653334226203469e+01
-3.716054560722733413e+01
-4.007093913800300555e+01
-3.825527485216481693e+01
-3.889498705004137236e+01
1.391312271390986055e+01
-1.207527875493917868e+01
-1.304018557851163784e+01
3.465847620872784063e+01
1.920045829347319355e+01
1.663248423265195086e+01
3.238557593182411409e+01
3.361216163267503987e+01
-4.024414682498131945e+00
-6.694024290593752369e+00
-4.532453911742090114e+00
-2.292678307411694760e+01
-2.537593179484285955e+01
-2.256613975277284112e+01
7.640970082924535056e+00
3.928055845975118920e+00
3.655376052792083641e+01
3.608854542356161232e+01
3.746338574169853786e+01
-3.287461469401841896e+01
-3.412415428394920269e+01
-3.196921628277580751e+01
4.067090259726467316e+00
1.079161157530801596e+01
8.267135698762078988e+00
2.988454189884831180e+01
2.925803283760478024e+01
2.079901013334809701e+00
1.576637640838464094e+01
1.510927266179725592e+01
-1.872012089355469655e+01
1.657858049971888548e+01
-3.374996985412061434e+01
2.279475638360509748e+01
2.208887697404131245e+01
-3.659541891556401794e+01
-3.502953116961002422e+01
-1.512375035173697135e+01
-4.169658174930955852e+01
-4.138444644240740189e+01
-4.087877660952583625e+01
1.799749883776593506e+01
1.933874288807957598e+01
-3.549632907292330231e+01
-7.849942906821875122e-01
2.445551247806472261e+00
8.073428850719963634e+00
3.870909162934905368e+01
4.008467758621704036e+01
3.384703843860621930e+01
3.042754282065035909e+01
2.903402011365560753e+01
3.084060835041043802e+01
-3.909018006681996837e+01
-2.350944467661703641e+01
-2.166394130817883834e+01
3.234141631852396870e+01
-1.625829478566503639e+01
-1.283666106058463008e+01
-1.071975740988617254e+01
3.831164561480111530e+01
-2.266330568625719621e+01
-2.493398004473425900e+01
1.143756928090149749e+01
-1.761287570004709924e+00
-1.321202850279088015e+00
-5.039821155419636156e+00
-3.395528863387538365e+01
-7.477131898121154308e+00
-2.846678007751176764e+01
-2.151150944486252214e+00
-4.140509839346004917e+00
-2.351236993334547876e+01
-2.627556099333803630e+01
-3.055848050041081621e+01
-3.205362213080790212e+01
2.521437809120482498e+01
2.669770754599023732e+01
1.438126226077374170e+01
1.162159127097960187e+01
-7.957992936006642815e+00
2.468489361786029335e+01
4.044035003529931060e+01
4.083628750933291940e+01
2.552815197343477038e+01
-9.064690678750499941e+00
-1.251825855408011634e+01
-1.545499681258945834e+01
3.075884812425653081e+01
3.198761487244414070e+01
-3.658760886409277902e+01
-3.774791924990853431e+01
3.591959441316526380e+01
3.385625088643074321e+01
3.380645350661932014e+01
3.961447710334068617e+00
2.897061308460860829e+01
3.084396132486589792e+01
-1.009143812994678768e+01
4.810408027789604968e-01
3.085676127674204849e+01
2.616434732854872180e+01
2.318713447829967933e+01
2.280875671441923913e+01
3.710658768846401756e+01
3.722328740976520578e+01
3.182051561482628443e+01
1.000356711737370574e+01
3.233938428236489671e+01
-1.942371653390664576e+01
3.017454977924504078e+01
3.922726442955918458e+01
3.837339928295889280e+01
1.985620396047040659e+00
-3.052591528331906545e+01
-2.989947566286026159e+01
1.858661387480510996e+01
1.558689620195133152e+01
2.060663363685042171e+01
1.029724980759230490e+01
-4.031494818893053633e+01
-4.056579404022892277e+01
8.232170859839268218e+00
8.245671953401171095e+00
8.553324821879456863e+00
1.274478712395635860e+01
-4.093709714484648821e+00
-9.820249188257898609e+00
-2.727721995838664881e+01
-2.011623067933090425e+00
-6.359729577012792845e+00
-1.196785273475454403e+01
-3.234197528302974689e+01
-3.096922758359429650e+00
1.468254790508567531e+01
3.128674066461293179e+01
1.879368317691226409e+01
3.181709824205577419e+01
2.883612056164081139e+01
-9.007569578781390973e+00
-4.586196604314304537e+00
-2.416192126404967944e+00
7.678269155332494655e+00
9.513594767099824878e+00
1.668724961276545793e+00
4.789434649478915063e+00
-4.052582344277891657e+00
4.795221859037563483e+00
-1.346695464230246886e+00
-1.997320338743089607e+01
-1.629578269382112410e+01
3.511413076396735988e+01
3.401218147322104812e+01
3.908732899746939893e+01
3.857865022262809163e+01
3.931978593193503002e+01
-1.010171026318299248e+01
-1.480789264070450351e+01
-1.339467370785752109e+01
-3.068440763918068015e+01
-3.294260532730557856e+01
8.083460423704256215e+00
-3.157316536083531133e+01
-1.055972820566331372e+01
5.860625847808764277e+00
-6.862450414604293947e+00
1.686105391365637018e+01
-3.412633845327210480e+01
2.836545799383111088e+01
2.667433778255257693e+01
2.604118815631500894e+01
2.115961083937749976e+01
-3.479070127515887378e+01
3.788119591296220534e+01
-3.498945676539204186e+01
3.830162100160530514e+01
3.795443727018757585e+01
3.769248496303060847e+01
2.747039100401245904e+01
2.691035676819653588e+01
-3.867768025639253260e+00
2.484424176262398731e+01
-8.335300851118089938e+00
-7.205752707727975270e+00
-3.163701339253329081e+01
3.343256740546632955e+01
3.349429458554382677e+01
3.854304840936589471e+01
4.003335220066642108e+01
3.388704779639147091e+01
-9.920043857804338172e-01
-2.816241387236121341e+01
2.975267446822858375e+00
-2.951030722278792950e+01
-3.119494325492042108e+01
-1.227448170163899377e+01
-1.411004599578753904e+01
-1.675917769132886548e+01
3.557056420524001084e+01
3.038017259540485071e+01
2.940359721242941760e+01
3.438765946827344777e+01
3.594682503182855982e+01
-8.720028658938584698e+00
-1.164841514403137523e+01
-1.349552224138633427e+01
2.279503042963144921e+01
2.428708779354497693e+01
2.483705328073625296e+01
2.853082154346780541e+01
2.985416605896208253e+01
3.055713206512759683e+01
2.801564791132826215e+01
-3.007593254960625728e+01
2.759638255981204935e+01
1.881120148985310792e+01
1.545509369624331697e+01
1.390083478915972215e+01
2.310296231250197607e+01
2.386755338587420638e+01
2.267786257947998863e+01
-2.741063279100992389e+01
-2.942354466868214757e+01
-3.148647428884487098e+01
-2.407094103743312630e+01
-2.221187755741664560e+01
-2.655837536310945524e+01
-2.787907848671277833e+01
-1.345332403941293542e+01
-1.150851473384770962e+01
2.737699166012585295e+01
-1.166870398427126432e+01
-3.768915014724004919e+01
-3.802985549356208850e+01
-8.505797091616187799e+00
-6.271698319944833955e+00
-3.241857651801320905e+00
1.185950214070105524e+01
7.741747417136616072e+00
8.658884072660091746e+00
-3.892383281989290111e+01
-4.011878528985970149e+01
-3.281859544038859866e+01
-1.812498964063441687e+00
-5.162567375057587782e+00
-8.207806928177761918e+00
3.340259078420988459e+01
3.403001522551880953e+01
-1.696268912769252513e+00
-2.568535766825854605e+00
-2.093568353111309577e+01
-1.832742326657682597e+01
2.179155095313509705e+01
2.143162668675613958e+01
4.105084611831912866e+01
4.051468020220217170e+01
-5.523730826357132528e+00
-3.856869230160096862e+01
-3.589441485321941627e+01
-3.796455627375793540e+01
4.740502512009956426e+00
2.127134868485310903e+01
2.376033178367535115e+01
4.675999921046106067e+00
2.505617912924306978e+01
1.919149763494996819e+01
1.593695479251271685e+01
1.642590217002025099e+01
-3.579723424465898196e-01
3.497751275888499123e+01
3.311714486418661352e+01
3.411003022094362791e+01
3.821351992662921049e+01
9.102207749934192904e+00
-9.787551052091394865e+00
-8.111603861897993539e+00
-6.962077100775827532e+00
3.482913431025969686e+01
3.579072137526578246e+01
3.743641234917357252e+01
3.559119370784269165e+01
3.215081943947023735e+00
3.877555041063603625e+01
3.927816891787583842e+01
6.259110954257910642e+00
8.689635728220251210e+00
3.833995495086753635e+01
-3.932141035914888505e+01
-3.885737334455463809e+01
-3.891797995607261385e+01
4.030861565525985668e+01
3.079555598554265572e+01
3.904117185280592395e+01
1.657792435502255657e+01
1.874019530680278578e+01
-3.184930088080159294e+01
8.887822149731172683e-01
3.406468648406666411e+00
3.564490028917246178e+01
3.699312404938314813e+01
3.504918162694223582e+01
6.383397012017220540e+00
2.944981827587507262e+00
9.321195077987828981e+00
2.068621620075474610e+01
2.703357433688418254e+01
-4.194788975123522334e+00
2.549279271273021408e+01
2.543180290658646925e+01
6.681517454507662102e+00
4.980090296434189767e+00
-1.957673164845042280e+01
1.193218663111074029e+01
1.571442341390713793e+01
1.284909856960568675e+01
1.336653553636445757e+01
-1.388693143231682292e+01
-2.946832132157351847e+00
-6.765280209701182379e+00
-1.523852341263795829e+01
-1.686379567117224099e+01
-1.913350509939790456e+01
3.166315371539556001e+00
-3.096761201692214982e+01
-3.299536018886042399e+01
-7.054095419998587246e+00
2.429462387250995903e+01
2.600582550761457057e+01
1.073271423481451770e+01
1.244303093938016325e+01
1.660266576359595447e+01
3.915377111316868763e+01
3.974333331747393316e+01
1.693112213097717245e+01
1.568766188736366196e+01
-3.585997244930306493e+01
1.362880658356704799e+01
-3.520291101053575034e+01
-3.470053228702582260e+01
3.873843416452474031e+01
3.701284976437052876e+01
3.796434705085665229e+01
2.811025201532402562e+01
8.437390313619232529e+00
2.925005102704188076e+01
2.320678094328308205e+01
2.718788848213071674e+01
2.444651671815428884e+01
-2.767453784555928209e+01
-2.163577621222587766e+01
-2.108244619260398878e+01
-2.459410812593418072e+01
3.208579733549697011e+01
3.358546230489819351e+01
1.074071703083803087e+01
2.408745787190116516e+01
1.165113498210219234e+01
1.236682420090840218e+01
1.425356857358606888e+01
-3.577696618025654374e+01
-3.767932021555638045e+01
-3.764456023307042898e+01
-3.153887991736227292e+01
-3.043083598794071420e+01
3.443965600110837499e+01
3.601664905588526810e+00
1.333070288844448337e+00
3.691100715597983850e+01
7.266538446870824508e+00
1.333026955907102895e+01
-2.753890558640146313e-01
2.227748180705453507e+01
1.997027893500745677e+01
3.115800256534872403e+01
3.182739722690637052e+01
-2.169378533848596913e+00
3.041312005966821630e+01
-3.677476240093057669e+01
-3.817648064679307396e+01
-3.710419570479447060e+01
-2.131089329819386791e+01
-2.039479206453668070e+01
-2.297827601784021923e+01
-2.185073175917450428e+01
1.625820080402665369e+01
1.808283304543450498e+01
3.568431398479241778e+01
3.478595780847687280e+01
-3.568814338261852015e+01
-1.398819407014700644e+01
-1.739448596971490701e+01
3.170271510985472574e+01
-2.575625746410580774e+01
9.115791760710456160e+00
-3.013727545592835710e+01
3.599987089209788138e+01
-2.662288623430092827e+01
-2.122929808438781052e+01
-2.436946853902649224e+01
1.269280008551838712e+01
9.418618129024157071e+00
-2.188977802530211392e+01
-3.535576926018973865e+01
1.024177333480207430e+01
-3.398033784156113057e+01
2.023314725857995455e+01
1.851209948057143251e+01
2.174952118386119793e+01
3.129544620630668561e+01
2.046258455287665257e+01
2.097166418753663564e+01
-1.310879012378725506e+01
-1.276641163120274491e+01
-3.056543499414215148e+01
7.286576365023479163e+00
-2.384131514557645204e+01
5.568678173441306001e+00
4.693028432840257835e+00
-2.430359642176752644e+01
-1.520131456368727929e-01
3.915896065676928117e+01
3.853449476245346261e+01
3.933617891303973835e+01
3.686085430653196227e+01
-3.710205548936871267e+00
3.239201937324219926e+01
2.964533435385642512e+00
-1.326627037776410489e+01
-3.063785488440872840e+01
2.490875349719131648e+01
-1.418473027112132279e+01
-1.399153347394142521e+01
2.434855210272211679e+01
2.139381235205473430e+01
1.954789857932684427e+01
1.737415041707062002e+01
-1.905561074986101389e+01
-1.714081979829087388e+01
-1.868851205422514639e+01
-7.637049756350146268e+00
-1.065976315334629376e+01
-3.638191199382584529e+01
-3.325235147311708062e+01
3.772609966938667014e+01
3.800403967919535120e+01
2.658179887379014161e+01
1.499930877160685228e+01
-1.127189107480552188e+01
-3.787353616901795306e+01
-2.816802680104556345e+01
-2.828397438886316451e+01
3.014135403465460783e+01
3.147172783785379124e+01
-2.225918218931137726e+00
3.685248671289387090e+01
-1.358606287220147557e+01
-2.113937809111169130e+01
1.678817633993592295e+01
-1.886824837537721677e+01
-1.483845310095846948e+01
2.642270577146215871e+01
7.016433575959092117e+00
3.473837175158638324e+00
-1.777681708711498842e+01
-3.182382420592891492e+01
2.491909686335786134e+00
6.598437972110556160e+00
7.471113845511319518e+00
4.294211992046963644e+01
4.355737030043994196e+01
4.368026589636057366e+01
4.318718144242782131e+01
-2.818346633856507211e+01
-2.662417159904854813e+01
3.203860556959932637e+01
9.558528321318178200e+00
6.587891969882272214e+00
1.247135163340750807e+01
-2.561288380490584493e-01
3.236598701916541643e+01
-1.829023772157783156e+01
-1.820736115864006521e+01
-1.875441785937464800e+01
-2.647491178073209639e+01
-3.032569003686636933e+01
3.609128717084953308e+00
1.921076719037836167e+00
-3.030461017700913118e+01
-1.680368911132074672e+01
-1.389432534078904702e+01
-3.437868859634048846e+01
-3.118245126886655338e+00
1.804975167799120817e+00
1.729390259022080434e+00
3.730245991026636787e+00
-3.463653677915339557e+01
1.001757412655380541e+01
1.321345224891727632e+01
4.426521290508818041e+00
2.347196096537264243e+00
-3.931764823816347842e+01
-1.231063505180162210e+01
-1.440482758405438268e+01
-2.930676735028421476e+01
2.597103495419836428e+00
3.444643260403561413e+01
1.232911528776758914e+00
3.479207131368464445e+01
-3.532235705234975320e+00
-3.036397445060607936e+00
-1.520797000245672548e+00
3.283128879647707521e+01
1.621855726841164724e+01
1.324109126477613430e+01
2.999360531281139330e+01
2.849246421292171760e+01
2.816263202144076061e+01
2.806383670162259492e+01
1.954616979957682688e+01
3.633002873494717022e+01
4.146830648800428065e+01
4.127529385608630719e+01
4.063651055423964920e+01
8.635178024999666135e+00
-1.073418929896940632e+01
-2.205999181783892027e+01
7.493790784137939198e+00
6.376170150975642770e+00
-6.145955716886011722e+00
-3.274350964934113506e+01
-3.039608437243384742e+01
-3.636302083003197794e+01
-3.960474821312192262e+01
-4.025108325653912544e+01
-3.864782443731552775e+01
-2.634635722409194614e+01
1.540391735699288489e+01
2.531510262804417977e+01
-2.363744619146164894e+01
-2.575420428354092905e+00
-1.429169628061544728e+01
8.150338357851146798e-01
-1.809184365914291348e+01
-1.497926663187288909e+01
-3.885399175676406003e+01
-3.849172184978270739e+00
2.386420003365768849e+01
3.116084904733694927e+01
3.162908850751762202e+01
2.843131469582119664e+01
3.413041524109606595e+00
9.289010868067432369e+00
-1.756230355729328707e+01
1.807366874439503945e+01
-3.761398070131533444e+01
-3.845420309246174639e+01
-3.561545948616642221e+01
1.441314824664833516e+01
-3.306612724499299105e+01
-2.252577931946594703e+01
-3.675014053900059707e+01
1.408183172653220971e+01
-2.082235019239992990e+00
1.687597903230449603e+01
1.664174628509807574e+00
-3.755464894939633780e+01
-3.625890798282067351e+01
3.627472538834019389e+01
3.729576665369572908e+01
1.843437176448435721e+01
1.506400697743571993e+00
5.010739434606724885e+00
3.232472071757586107e-01
-2.770848226328424868e+00
-7.012905224515511904e+00
-1.086178438074659525e+01
3.779652160417591489e+01
3.804952055390332788e+01
2.645493482466010704e+01
-3.075057076606603346e+01
-3.194888401420728030e+01
-9.164307223471688246e+00
-2.492302943617889710e+01
3.682341422322975433e+01
-3.697385127110984371e+01
-3.791879305663572097e+01
-3.630652476659022199e+01
-3.084225868078624799e+01
-3.267977328885068999e+01
3.601037499775434725e+01
-2.317426228864678706e+01
2.508336907201606536e+01
-2.071300708141810887e+01
-1.922870226161179730e+01
-3.257336793144096276e+01
-3.478486377275712726e+01
-3.663667497232806625e+01
-1.154729493428209786e+01
-2.250874124354496075e+01
-2.473344203180225875e+01
-2.077954469686635619e+01
-2.258714076969721063e+01
8.265968329208941867e+00
-2.439550534917364999e+01
-2.258240374929056316e+01
9.466281400643689281e+00
-3.151841175259912475e+01
-3.041152118784182434e+01
1.338303068948410512e+01
1.539553944301198918e+01
1.286198312519305809e+01
4.285053903195586145e+01
-2.402629540355165361e+01
-3.851557881834816754e+01
-3.770874647252501433e+01
2.580993797701813008e+01
8.510842866018981212e+00
1.300885878685268260e+01
1.234772236278064561e+01
9.124050835534175619e+00
-9.105012293355741804e+00
-5.688907980989752033e+00
-3.075076042770383467e+01
-9.356785151319181537e+00
-3.143174086992913630e+01
3.969141178940373216e+00
2.024493141256136219e+00
-1.273914356924347224e+01
1.988706198119142243e+01
-3.083707912381664329e+01
-3.161473775183473123e+01
3.163079081516142210e+01
3.354418321153364957e+01
3.427875221123264993e+01
3.683638289176957414e+01
3.607298975393989338e+01
-2.806657370188656486e+01
-3.638599500130706588e+01
8.837906920284579471e+00
-2.651707838728447797e+01
-3.460598386564232243e+01
-3.337509349484458454e+01
-2.189896744431941400e+01
-2.414334874328860892e+01
2.137998593406083359e+01
2.830551938115119270e+01
-2.876349273597444167e+01
2.700825959232577844e+01
2.559327176075758459e+01
2.726993788613284408e+01
1.894797558172444241e+01
-1.694610355568695681e+01
-3.269757543346464956e+01
-7.197642474505802745e+00
-1.798636467285633422e+00
2.851089791100684323e+01
1.415118666245338552e+01
1.603098000386035338e+01
-3.654906816970239447e+01
-1.910061843339650345e+00
6.161950536914266863e+00
-1.197418267996537367e+01
5.793684934989574487e+00
4.533400149051574068e+00
-3.603886996261529418e+01
-3.704307771726492149e+01
-2.623780486869928197e+01
-2.140105643444530159e+01
-2.795105423561126656e+01
4.080365470856998655e+01
4.012456981841479120e+01
-1.773163648346610088e+01
-1.897869541222511458e+01
3.891818971938209160e+01
3.831298295721106228e+01
4.054180307617879464e+01
4.101899832249991107e+01
2.942003267783871934e+01
2.903167501993976529e+01
1.623405857764497862e+00
-1.700654858492164934e+01
1.948968990785970945e+01
1.770386510794505242e+01
2.504514751786282645e+01
2.750752771689970544e+01
2.879453224606477235e+01
-9.352194329183375343e-01
9.664439898887364322e+00
1.863916215534716514e+01
-2.765819522210183568e+00
2.305889864975388726e+00
2.269905839951801596e+01
2.271028431041793283e+01
3.009577777194458648e+01
2.986953722247260856e+01
-1.497553267830067814e+00
6.176063574741089468e+00
-2.227807283291826757e+00
2.276160243242559389e+01
2.142036788838436578e+01
2.625579547714219686e+01
-2.493149013675365566e+01
-1.820021474521721139e+00
1.554945627854285917e+01
-2.204545041922303383e+01
-7.231977559661619814e+00
-3.842385635747175510e+00
-1.672948344611946858e+00
3.053636106690360918e+01
3.086426615673833851e+01
9.087978341628270007e-01
1.764492424729284803e+00
-1.094394773129646836e+01
-4.132973757241215651e+01
-4.116128486161981215e+01
-2.034845494149611156e+01
-2.061483075219931749e+01
4.104443644278870806e+01
4.054351157742615186e+01
4.110950387838570919e+01
-2.305087071414105893e+01
-6.843111785822219240e+00
-1.804110404437635484e+00
-1.119063723054641812e+01
-1.523164993537551126e+01
-6.794618071560387662e+00
-3.260220481338099940e+00
-4.044943314599990458e+01
-4.065174375882386926e+01
-4.146553756999531970e+01
-4.187829783195197564e+01
-4.241453380719925548e+01
-3.582468315822735150e+01
-3.582466280058494590e+01
-3.706170079799824890e+01
-1.535295780344809202e+01
-1.337954495102157537e+01
2.465716389101384109e+01
2.290069587573524146e+01
-1.053346761041296809e+01
1.988664993280319493e+01
2.358364901374191192e+01
-4.393909544611915408e+01
-4.375322778915770527e+01
-4.384824379410072481e+01
-4.379809538776676447e+01
-4.025428119301002994e+01
-3.957449098993598824e+01
1.842643959368408701e+01
-2.492504979095073381e+01
1.774906106523668470e+01
1.893553333252922144e+01
-3.324470663503059598e+01
-3.425862114100586808e+01
-2.619319140610289409e+01
-2.130730332014409711e+01
-2.002498025673063253e+01
-2.251540273558084237e+01
-1.645113761696251942e+01
-1.828967187902093627e+01
-1.720572331758730655e+01
-2.628110054446978694e+01
-2.322122554694820451e+01
-2.052144629814109678e+01
1.531451096086723851e+01
1.623573584074269149e+01
1.388633281188643664e+01
-4.335402610325974848e+01
-4.367884233443708553e+01
-4.347485733627628690e+01
-4.373459698043802746e+01
1.488184802554502184e+01
1.244988664411179613e+01
9.386324208882445674e+00
3.570811514277743015e+01
-1.424213344340319765e+01
-1.834964184637364326e+01
1.066044918345900605e+01
1.291107440597926903e+01
1.010954025834026204e+01
-3.247837964241983144e+01
-1.409021210711068228e+01
-8.465283543702664559e+00
3.542072019989742859e+00
-1.156404038913442633e+01
1.186999826281080805e+00
-4.196769029330716450e+01
-4.164216610266819174e+01
-4.229134914661005951e+01
5.258841351965636512e+00
-4.120542880267335306e+01
2.789928305483516979e+01
2.551645240413656168e+01
4.472913780613265722e+00
2.401076387591225547e+00
5.509658709299409374e+00
3.242900415260174185e+01
-4.003709266415585688e+01
-1.111348910351617114e+01
-1.399186409902115003e+01
-1.958514350000130477e+01
-3.693456347871517664e+01
-3.689948765592008328e+01
-3.598286378007922792e+01
-3.509698987505601053e+01
3.815653765820144372e+01
3.653454109055572019e+01
3.536900647220604554e+01
-1.399836008956651234e+01
-1.734836822434235870e+01
-1.850355805178979196e+01
-2.012720933685230662e+01
-2.041575070445230011e+01
-2.385325876174696447e+01
-2.503903301470833753e+01
-2.555575757331849118e+01
4.300189902186392032e+01
4.293813953568718489e+01
4.217356951502649309e+01
2.086761781979665642e+01
2.043961101005102066e+01
1.553985281642341620e+00
-3.467590760576139530e+01
3.931538941343417548e+01
4.019250857040683655e+01
-1.739838192292903685e+01
-1.492970445897125309e+01
-1.598085241377310695e+01
-5.199936511294829700e+00
-7.998609297498494364e+00
-8.037541251924514185e+00
-1.073878655214339695e+01
-2.788432806773276340e+01
-8.457133351535826904e+00
6.929097317112505650e+00
-3.760712760928680609e+01
-3.725214186637077063e+01
-3.546783029939431486e+01
-3.433342862711845100e+01
7.627153302415957015e+00
3.598227144814392542e+00
-3.659128632402125714e+00
-4.333829510086629000e+01
-4.321411978144896437e+01
-3.880871154008751489e+01
-3.815921866076859459e+01
-3.883885067952134307e+01
-2.279183611072914317e+01
2.665330109406378156e+01
2.689765120733154546e+01
2.988106856550743373e+01
2.849573042233983600e+01
-3.043783498482930483e+01
-2.814819102571652465e+01
8.342435104614544628e+00
4.461788552446945388e+00
1.478884084249805664e+00
2.302683381771887028e+01
1.964061617167468299e+01
-3.150057941694987207e+01
-3.128557422361397400e+01
1.759686595534865816e+01
-3.794126866417635568e+01
2.430542971111942308e+01
4.178192275859627358e+01
4.151270175300212628e+01
-3.641177244500405408e+01
4.350854747512936882e+01
-7.685507570638482555e+00
-1.645972061911650286e+01
2.329073565930801593e+01
1.833594512291680445e+01
-1.508674348283280509e+00
2.309513999701312414e+01
-8.074841275738524615e+00
-5.021797535137128676e+00
-4.180983531339371950e+01
-6.008305598037436468e+00
-4.590599191389755696e+00
1.305092057510977277e+01
2.184719620835961962e+01
-7.802445988757296114e+00
-2.615872060266998034e+01
7.673455671186753868e+00
1.180621633680563676e+01
2.049495810985933364e+00
6.636474571518646393e+00
9.030682908449938040e+00
-2.198508417958886696e+01
-4.844600820949102271e+00
-2.165776113568222883e+01
-1.824382396025460551e+01
-3.725951239871795195e+01
2.081251298803458827e+00
4.187010517589968117e+00
3.886068506139772438e+01
2.535362042764114321e+01
-1.840082983103845748e+01
-3.332319348738799647e+01
-2.069884117914735455e+01
4.163885986295628783e+01
4.154897948040012068e+01
-4.244198025925985007e+01
-4.269142804092614796e+01
-4.336517869771747513e+01
-9.923219147900022463e+00
-1.099839601295679969e+01
1.095327148008740537e+01
2.169115402703924289e+01
-2.528281280264576836e+01
1.182541723578591331e+01
1.188551438359018064e+01
-2.532184468370981278e+01
-1.263491790963076689e+01
-4.066099848621603741e+01
-3.972529631318092669e+01
-3.985421730600602075e+01
-4.366986698366535080e+01
-4.357149108855922748e+01
-3.805533420295590474e+01
1.195055168189546535e+01
1.226551645777816901e+01
1.434403476998737936e+01
1.386688759273616967e+01
-1.740336416269490627e+01
-4.331415569374759400e+01
1.294409342926614137e+00
-4.276831884597687861e+01
7.482056521935264826e+00
3.183726387892547294e+01
2.235073577820139334e+01
1.372546495878040673e+01
-3.366321931596937134e+01
-3.340951283918118975e+01
-7.580617025712581558e+00
2.882610228050240408e+01
3.343854330454340840e+01
2.092378390041719527e+01
-2.918841674564455602e+01
-3.375565504108399750e+01
-3.209757349821099837e+01
7.942397570599466938e+00
-3.286626903036972891e+01
1.062273829324199603e+01
-3.703882682321229680e+01
1.986279673835429582e+00
-2.573889306540620581e+01
-1.682881717722791493e+01
-1.721229953152747427e+01
2.123838984023475973e+01
-8.706195831744677704e+00
4.378212044535631264e+01
4.384266177942328113e+01
4.365887574100898405e+01
2.653350166096544527e+01
2.869562269523540721e+01
-1.185310126252091756e+01
2.800859095376155139e+01
2.335116568902056500e+01
-2.824777694540532735e+01
2.537812879976802094e+01
-2.637990654332020668e+01
-2.661107433172183789e+01
-2.969912235847179360e+01
-2.820563485118275793e+01
2.449833686761654761e+01
4.084802935073489749e+01
-4.102371871714958473e+01
-1.187699445446330415e+01
-1.187931174108957322e+01
-1.515735978219620916e+00
-1.428754474084631099e+01
-4.227083642194211421e+01
-2.540932607052155845e+01
-3.864578827682144890e+00
-2.053686311661619968e+00
3.744930668158828269e+01
-1.254038572753433733e+01
-1.071203268670101139e+01
-4.026635908103818906e+01
-1.156154452435924718e+01
2.780143909267325686e+00
5.569147874004554133e+00
-9.838190990917353163e-02
-1.196761765107062381e+01
-9.735812720629802186e+00
4.218196830575750056e+01
4.121834681930785393e+01
4.102884930856935597e+01
2.637063891018936701e+01
3.863679820456892600e+01
2.651771546987257011e+01
1.030340178983070132e+01
1.538033184622844374e+01
1.191988340831491300e+01
-7.784068011530717257e+00
-1.189738025673208810e+01
-1.091948926776645479e+01
2.596029879232456850e+01
2.523651404988974178e+01
-4.260541613796629434e+01
-3.907352261489145917e+01
2.368490255629955143e+01
-2.706675518914087419e+01
-2.550148539079318155e+01
-2.418857486881973173e+01
-4.456173147981193239e+00
-2.825344831779246491e+01
1.644168921833750119e+01
-3.061825559219274595e+01
-2.809468915424870872e+01
-2.467681200007182341e+01
-2.569001268941913807e+01
4.021116882753314314e+01
3.995797225195636315e+01
8.228079848994791945e+00
1.088657090414802830e+01
1.193517096528831800e+01
-2.472817627981213562e+01
8.935952580113170285e+00
8.978471929452650713e+00
7.272433281080361134e+00
3.948940737696418513e+00
-2.896331988168998350e+01
1.945954018392896057e+00
2.635483656971783617e+01
3.113989377852222162e+01
2.980823928953445545e+01
2.110530876094109942e+01
1.936856381240130531e+01
2.203157392226098565e+01
2.807158771877915271e+01
3.629532219413455607e+01
3.614343811288863151e+01
-1.402940449579245907e+01
3.448020003236297981e+01
3.245794259990780972e+01
3.342495199995660471e+01
3.448336000646953181e+01
3.489570961489029344e+01
-2.337601973113489606e+01
-2.673470402645483546e+01
1.086279635746675964e+01
1.332219898089141985e+01
1.302551539339367892e+01
2.895151710078479823e+01
2.415194290454628145e+01
-1.581538027593014206e+01
-1.296538248832640328e+01
2.526696757998006859e+01
2.321141706575565777e+01
-2.296832457162141239e+01
3.732580998894509605e+01
-9.218372118205889976e+00
-1.237272531924459429e+01
-2.846345708331854496e+01
-4.205468454313261439e-01
2.339188751776915254e+01
2.334031134092782978e+01
2.063944260404371178e+01
-4.276357987919201520e+00
-4.735900830528862182e-02
3.832044544176301315e+01
3.195976976954685966e+00
2.199169879746125389e+01
2.119522485416029056e+01
-2.538470425797491359e+01
4.156355414657740965e+01
4.006043065504059797e+01
4.033852490475351260e+01
3.968506507470672773e+01
2.105767710880099131e+01
2.224482887736142089e+01
-6.468885569378772793e+00
-3.175411451734994372e+01
-2.294793199254664628e+01
-1.269017362323487674e+01
-7.392302333105682521e+00
-9.156663294010746412e+00
-2.235302553587083807e+01
-2.177190830770700458e+01
-2.087237100245754107e+01
-2.021354538814089352e+01
-1.257882415006354826e+01
-1.226595871721231568e+01
2.829140583021658983e+01
2.663755701372281592e+01
-2.073501257196554093e+00
-6.023844672182050886e+00
-2.172239170354148641e+01
-2.158111092384781315e+01
-1.946631598155037324e+01
-1.762395586453545349e+01
-1.587042063234426337e+01
-3.292174777719312573e+01
2.526281392715627305e+01
2.102023028202039256e+01
2.419099060640831311e+01
-1.359829027953564662e+01
-1.625413223790024375e+01
2.295202633267801318e+01
1.942678857601829279e+01
2.019022880471115400e+01
-2.039837708961513485e+01
-1.036381300013702855e+01
3.813980734940287931e+01
3.896767517008991888e+01
3.955193886519912638e+01
4.139686935844586202e+01
4.183115565002443503e+01
2.766561273051482672e+01
2.763850302493203870e+01
2.907582533685136283e+01
-2.492739856474359428e+01
-2.499708232049611567e+01
-3.673555605556339998e+01
-3.789070872521623556e+01
1.284879648415203413e+01
1.564051576025367751e+01
9.937109650310169684e+00
1.808813724435623271e+01
1.679204356737684734e+01
4.017139006302101478e+01
1.853590154776249932e+01
-4.184352523171779303e+00
1.127493572843382630e+01
3.945943824307841652e+01
-3.390237203052092241e+01
4.263138977336523361e+00
1.953194622491121413e+00
7.889205230920451228e+00
-3.231500117788736759e+01
-1.775130924163519808e+01
-1.732695224001352940e+01
1.474165190446810314e+01
-1.259430668539187792e+01
-1.300340613963729730e+01
-1.443886974543639923e+01
-3.802928058821641599e+01
-3.880930644772796256e+01
-3.865558027821921883e+01
-3.602376107511138059e+01
-3.699188723800481426e+01
3.865245108135646035e+01
3.859293559819415975e+01
1.872971257459131067e+01
1.341011541354188985e+01
1.243337858110922234e+01
9.999258847505206660e+00
1.209197637901845468e+01
-9.893525551862017764e+00
4.385258861550530440e+01
1.094989829344435250e+01
-2.311407558537349871e+01
4.393114963522780414e+01
-5.555420674835290562e+00
-8.545817238514070269e+00
-4.036562227238271738e+00
-4.154388226350730129e+00
-2.435413876039570269e+00
-4.080082627396213013e+01
-3.768719889400313150e+01
-2.187500654941183509e+00
8.046932814870523032e+00
5.337705763312994733e+00
1.364614210879019351e+00
2.803900097754799248e+01
-3.932727213400733746e+01
1.432594539231536324e+01
1.317131766701505668e+01
3.573385243638801256e+01
3.715972394816788693e+01
1.342719603985509025e+01
-4.032349224322071990e+01
1.478260731558510521e+01
3.654555801603645904e+01
3.743209738990920954e+01
-4.375674537848934165e+01
-4.392779997654331936e+01
-3.910326602528865436e+01
-1.753404633089944298e+01
-1.827252381437159201e+01
-7.513362522185388137e+00
4.184696604922585550e+01
2.911417906283528367e+00
-2.366407281353207637e+01
-2.213075576547810996e+01
-1.168878009385172412e+01
-6.703420419062527280e+00
-2.070274300549591828e+01
4.263624844622415111e+01
4.215169835766892703e+01
-3.088247638023001684e+01
-2.857252380496984756e+01
-2.796057348699930500e+01
4.134369769383589954e+01
4.068421014582701645e+01
-4.533737992865600752e+00
1.523892366254870367e+01
1.413720927647774950e+01
4.231311538404778361e+01
3.518072520411558912e+01
3.544581237505834537e+01
-4.061214870710175973e+01
-2.777359317306880726e+01
2.988909598788351119e+01
-1.853347494030149178e+01
-1.679455136413595184e+01
2.808315737442924842e+01
-1.943629011648251037e+01
-4.092011122862911243e+00
3.897469184741837012e+01
3.808036856021145411e+01
3.951529174786317355e+01
1.835534530429741551e+01
2.317685848908525514e+01
1.940881571761714142e+01
2.053668577834532272e+01
-3.447020753971801099e+01
-3.132948414490220301e+01
-2.653821862390010367e+01
-2.828553814727247939e+01
-2.360356801710147501e+00
-7.619187285017560818e+00
-1.137524519676379242e+01
-1.842094385416875468e+01
-1.924541948092010912e+01
-1.795433668081517808e+01
9.579593098289180375e+00
-2.078553937703809851e+01
-4.315785667970080652e+01
-4.294135710717814192e+01
-4.295575696609212457e+01
-1.724333421559069102e+00
3.639024476951508547e+01
3.539755058109198416e+01
2.950931373544606728e+01
3.125199097401035431e+01
-2.016682491326506010e+00
-3.569129166731511038e+00
1.334414822349682694e+01
1.801435475323279434e+01
1.475205402856181713e+01
1.712634837556569778e+01
-1.889827516793080875e+01
3.467999265621253357e+01
-2.143743148316893254e+01
-2.548650135226059987e+01
-2.727562681068693351e+01
3.117593257476501734e+01
1.684007381518058466e+01
-2.630522360597307241e+01
4.350845805092865959e+01
4.322572952660716084e+01
4.325914380765463818e+01
-2.147153902607136189e+01
-2.355310449873768519e+01
-2.318538533105092014e+01
-4.305917330842952850e+01
-4.216046465369381480e+01
-4.291078772723916046e+01
3.295114005406136304e+00
1.019136366312904940e+00
-3.171067277669643136e+00
-2.820914647257864516e+01
-3.079916539668267106e+01
-3.233556713180165332e+01
-3.214163728264577458e+01
-4.017281981018768988e+01
-4.094086038730868893e+01
-4.036565593511336658e+01
-6.369571066172497353e+00
-3.589062250377783414e+01
-3.590043597431697009e+01
-3.431132776322692646e+00
1.646950804830762749e+01
2.792387936702041529e+01
2.963569078884778918e+01
4.170351230557708533e+01
-3.423707285572444192e+01
-3.286868915017088710e+01
2.085102189596784328e+01
-1.685911204882960135e+01
-1.413098958891298373e+01
-1.297214239038611083e+01
9.550380655421408349e+00
7.344042824165725847e+00
8.315627004936331446e+00
1.283022183977081632e+01
1.857675217210565677e+01
1.535527736387830444e+01
-2.253038714257411712e+01
-2.449524043764963466e+01
2.545454576034709859e+01
3.812959269806200524e+01
2.293904665874987359e+01
1.942187873032044365e+01
1.388384708010205415e+01
4.018769256711379967e+01
-2.550148621303312879e+01
-3.117971062061353216e+00
-1.246467766968387103e+01
-8.746876742446326958e+00
2.787284869613708693e+01
3.156413442978616857e+01
2.884620726769388810e+01
-6.057039913729048486e+00
7.570356665214687197e+00
-1.349019321551653938e+00
3.789087570369626956e+00
-3.919344172361690681e+01
-7.893078978234155940e+00
-3.036757750978747783e+00
6.969686804944782210e+00
-2.223323564166099686e+01
3.858058249444209942e+00
1.533797914775127325e+01
1.059484861834007319e+01
9.312144120781136181e+00
4.350870949161996748e+01
4.320175977125300903e+01
4.288293620650291871e+01
4.321546422610479965e+01
4.342032300804329736e+01
-1.625883361686032913e+01
-1.927161681320968611e+01
3.680080251965753391e+00
4.328407749383985959e+01
4.371896596413087366e+01
3.960427038705511382e+00
-1.847977048720138171e+01
-2.001950780731143809e+01
1.974535332327159498e+00
2.851393036744789455e+01
-4.110351494894472602e+00
-4.304233187074822098e+01
-4.293935412613335245e+01
-4.337231991966076095e+01
-7.427843284539142665e+00
-7.680318436510566116e+00
-3.856047014154752706e+00
3.116768116518209197e+01
2.203579503580848353e+01
3.139658941422599980e+01
-3.131642755592693206e+01
-3.128633408078977141e+01
-3.072560163124716226e+01
2.609051401945108140e+01
7.983499139209879303e+00
4.066877501507824633e+01
-3.150167217600700198e+01
-3.057711730510122550e+01
2.468817668267714538e+01
1.282454058614986536e+01
9.402967793756031867e+00
4.297693426320500976e+01
2.146025441220690411e+01
4.343445942048526831e+01
-2.880409165306928543e+01
-6.453251384339350416e+00
3.488235908791561712e+01
-1.012982836594565894e+00
1.244948715633590774e+00
-8.271937834266502421e+00
-6.665688292721184460e+00
1.803244459175668624e+01
-2.907395123994691133e+01
-2.781425010402512754e+01
-4.258611297489466097e+01
-4.127036939212480604e+00
-1.711119063727825962e+00
-5.117894205742339331e+00
-2.104605769445778485e+00
-3.413873235583911647e+00
-1.844881786723630013e+00
4.318277203553703458e+01
-7.765312484858977626e+00
-8.460877780700464257e+00
3.241515193167996856e+00
-1.696835489056720903e+01
1.687608902892392626e+00
-1.933934780072961823e+00
4.237162853921249805e+00
-7.675225948026579204e+00
-6.085444145716278896e+00
3.878333138492989463e+01
-1.189066554966033706e+01
-1.802911044010510722e+01
-3.849497748391804919e+01
-4.332414997971669379e+01
-2.536043083729451553e+01
-2.348325531791057230e+01
-2.449626796952943053e+01
3.734304205330055026e+01
3.644695501373953306e+01
-4.345715680982364404e+01
3.342709456904033516e+01
3.158057159239240974e+01
-6.056034347174221288e+00
-8.596271846225803870e+00
-3.196500761118315737e+01
4.155035835430064850e+01
2.249494303331960765e+01
2.301054277805410919e+01
2.165263413000309711e+01
-4.368806267341972926e+01
2.126970741914918861e+00
-4.290285430158964175e+01
-2.559731654412940216e+01
-2.386246942659600734e+01
2.714658873305021558e+01
3.332664424838280581e+01
3.214549072734625668e+01
-1.761685124906415467e+01
4.024840374673709675e+01
1.647440648016585740e+00
-3.200558030899667727e+01
-2.439973686194023017e+01
-2.271360637783975278e+01
7.865836580589555815e+00
9.067772418749083130e+00
4.128462837242192762e+00
-3.064291911285459591e+01
2.003325694232620524e+00
-3.754238532347198998e+01
-3.809809936570754729e+01
2.515418374675566326e+01
1.874576462661163490e+01
-3.057130763496663306e+01
-2.962278768294142139e+01
2.057730690872270429e+01
2.102792611586542648e+01
2.149036274755207643e+01
3.787540203443298736e+01
-9.315335660524292294e+00
-7.798415615467346740e+00
1.879901382467799209e+01
-4.253341348359845142e+01
-3.458200428218842859e+01
-4.296032689653451797e+01
-4.292282820045409863e+01
-4.219883704022520732e+01
-1.007133301643040113e+01
-3.327962289350808334e+01
-3.382987395064458980e+01
4.212075744179655601e+01
4.295926961726010518e+01
4.237861250015554759e+01
4.247016232285808712e+01
3.264229678580647942e+01
-2.036587780707851891e+01
-1.760989991348301231e+01
4.183532292828754606e+01
-9.984126222969587516e+00
4.132763144282471757e+01
4.063934705985861484e+01
-3.222908841961753268e+01
-1.811831870289648094e+00
2.336217743667990732e+01
2.362810026725889401e+01
2.758274393821268688e+01
2.531558084998455982e+01
-2.905856585289475191e+01
-2.794812516523732526e+01
-3.467797406803695281e+01
-3.619362671092488881e+01
-3.448902145490623639e+01
-1.780963189768175425e+01
-1.856163164651563946e+01
-2.126494195266189990e+01
-4.093669709861927686e+01
-3.338409396093810955e+01
-4.031322302538995928e+01
-3.751021747309434318e+01
-2.905340033794096044e+01
4.036449324024397356e+01
4.076421323130337271e+01
4.379390392334181570e+01
1.141926744512732839e+01
-4.091592383635610020e+01
-4.168391757736809211e+01
-4.189744124920824930e+01
4.207516327737660333e+01
4.189956575137463801e+01
3.980631433606537684e+01
-2.747674264853962711e+01
-3.944355778364266030e+01
-3.933292241893988006e+01
4.053148888116875526e+01
2.668053607555266282e+01
4.097950502796448546e+01
-2.932137310302547206e+01
2.264635679932053236e+01
2.380534285339786038e+01
-2.675158625399483725e+01
-2.358063143507419568e+01
-2.389991477207194137e+01
-2.222998032180332473e+01
-5.866929263414442097e+00
1.987453928654138124e+01
1.127179614503034344e+01
8.188486798535832278e+00
1.333438691476630744e+00
-1.760348370342564417e+00
3.953081426834766177e+01
4.118264618951137379e+01
-1.558207965588635169e+01
3.688514109486936832e+01
4.200201923389623460e+01
-1.269766771494737512e+01
-2.437289332352029092e+01
-2.223740037239131340e+01
-4.057709659940789493e+01
-3.289358022620093180e+01
-1.035774596272105441e+01
-1.343855838731979091e+01
3.750140685893573789e+01
-3.054109935478181015e+01
-3.434658049092958976e+01
-3.643425336997158581e+01
-1.847056285524109143e+01
-2.071439393474199875e+01
-4.016487966183665748e+01
-3.907426858486545029e+01
2.736412514536399598e+01
-3.582932175624507209e+01
-3.500067760100790792e+01
-3.238899728409346324e+01
-3.077797202421972855e+00
2.318161893615290836e+01
2.468151679996493186e+01
-2.346125895224068447e+00
3.120241834813755588e+01
-1.373122945695805086e+01
-3.774382565938547174e+01
-3.882067691140014887e+01
-3.747671334466913606e+01
2.503982062362800320e+01
9.854855990915815767e+00
8.127783335958245203e+00
1.832718932253296273e+01
-3.937622687304888558e+01
4.184666836265667200e+01
3.549806931844766922e+01
3.444581973880377035e+01
3.046015571378218212e+01
3.223312704472868262e+01
4.396068618410385653e+01
-2.215139859649520915e+01
-1.875930154545694606e+01
-1.810024767487568909e+01
7.495374095727204811e+00
1.443021886512254159e+00
4.095699212123392385e+00
-2.806614696933682040e+00
-5.257653050712803200e+00
-6.796460488852986703e-01
-2.114774704405284034e+00
-3.536471030904041157e+01
-3.570877675675106389e+01
-2.665486464563985969e+00
-1.877597417938382751e+00
2.451146914966841805e+01
9.549504915654214443e+00
3.190237093918512556e+01
3.243737836118282303e+01
3.619646872806472793e+00
4.338037688895358457e+00
5.055160572129897112e+00
8.966250319394280410e+00
1.478916284197860920e+00
2.111092012730795275e+01
1.874110763928091217e+01
-4.150968652771828005e+01
-3.999942121161386410e+01
-3.368190898627398155e+01
-3.360449842662118414e+01
-2.267921346264909488e+01
-3.446503943723912045e+01
-1.670187373798174235e+01
-2.219568174997699828e+01
-2.061139987269980267e+01
-3.019326987731708911e+01
-2.690586111431804994e+01
3.467142105523616635e+01
3.206867644839540787e+01
3.365016008467491559e+01
3.197799181442917416e+01
-2.931216919869533655e+01
3.065032163606921500e+01
4.241093128457499262e+01
1.314850794510638288e+01
1.337610464499075213e+01
-3.746026844347504436e+01
-1.693610933862901646e+01
-1.902367239988883441e+01
-2.001127687854268800e+01
-3.813547864904121099e+01
-2.628057403376047318e+01
4.303852900177067653e+01
4.220934255083185604e+01
3.722765737943513642e+01
3.754680964857285375e+01
-2.801900431550656378e+01
-2.628310768553893695e+01
4.646064065047629477e+00
6.804917757737150019e+00
2.139908260336325085e+00
5.738423389017427212e+00
1.637148739087438187e+00
-3.443427469870530899e+01
-4.163096130351313207e+01
-2.608884109203370016e+01
-2.881662199196838259e+01
1.208534750989532919e-01
1.327065233089858687e+01
4.690476077003100208e+00
2.329966234762943955e+01
3.034041847475611320e+01
4.228360277501963793e+01
4.218652781808569330e+01
2.093181303301183149e+01
2.428933830250929660e+01
-2.420463553051693850e+01
2.906275457646603755e+01
-1.704989225082427451e+00
3.117976614827973592e+01
3.323784018921361394e+01
1.844383624816368439e+01
2.331357666227145486e+01
2.088393181595589709e+01
2.560298097084815794e+01
1.389835500204530661e+01
1.374375520190769429e+01
-1.687350602561236101e+01
-1.874056135752814356e+01
-2.326459036760713062e+01
-1.416453850656863445e+01
-8.838303574939349261e+00
3.774528368278613044e+01
3.820419049564130631e+01
-3.741677117699835264e+01
9.298404407890011214e+00
1.212503411195345926e+01
1.373263130208111882e+01
3.446568479536585272e+01
1.727750980528618285e+01
1.698173362894890559e+01
7.134024241560047663e+00
4.096136411811340849e+01
4.144605917963711050e+01
4.192177721959984638e+01
-7.974165227032548486e+00
3.044296951193848244e+00
-1.308819174030872778e+00
4.119723486212090080e+01
-3.595959251368497700e+00
1.806238665382732478e+01
2.035452957961481602e+01
-1.482797096405515491e+00
3.184673705326938276e+01
1.406757663859714391e+01
2.841974963048989622e+01
-3.070666614718625809e+01
-3.046672260438966617e+01
2.125604516276765921e+01
-1.493399472993295518e+01
-1.351195584351210499e+01
3.508479345936906668e+01
3.989791876926243219e+01
3.308062664454483581e+01
3.194664378015178130e+01
-2.718790700178628583e+01
-2.743076613133123942e+01
1.918631931401173318e+01
2.287955052720987936e+01
1.937708527735612307e+01
-3.632517982504744936e+01
4.018965116878713673e+01
1.740137084828620617e+00
-1.839950998036399454e+01
3.550235773828558372e+00
8.794217125782115119e+00
3.774057623114757831e+01
3.826457016014986579e+01
-9.999335293894059618e+00
-1.433622518781972488e+01
-1.310990787176768890e+01
3.839980548050340303e+01
-1.679486504042327866e+01
-2.168836607572401931e+01
4.271178581352691594e+01
4.235013393927690828e+01
1.537920696776843776e+01
4.261882572632827504e+01
-3.446703226025455535e+01
-6.622426518983852428e-02
3.240402808925805234e-01
-3.474648696415960814e+01
-2.834231829113914358e+01
4.326022026984128388e+01
-4.707905353491658396e+00
-2.831333989934168471e+01
1.230507990657593531e+01
1.368433681779266031e+01
1.658876909301152835e+01
-3.260048029032164862e+01
-4.281586890845371585e+01
-3.385478165467497913e+00
-1.894323940079554847e+00
4.213455980126302336e+01
-4.394075882435650016e+01
8.637032203509772188e+00
7.790319188304522413e+00
3.916895076717140967e+01
2.702830316178010150e+01
2.733346146415640021e+01
-4.397505029568797852e+01
-1.792604307218097404e+01
-3.599260466972380890e+00
-2.295864009195563771e+00
-2.368053933882507400e-01
2.036697741902666792e+01
-4.072474189082959128e+01
-1.209371136909839883e+01
-1.143170602553827031e+01
2.102774206700894055e+01
-8.859672635441315336e+00
1.983742143813390646e+00
-3.096552940321369363e+01
3.712720705064205262e+00
1.759241688627309230e+00
3.569487549087918765e+00
6.995680737013572958e+00
5.254440564772298927e+00
3.768928790474604718e+00
-6.471036533489032294e+00
-3.275285296299700555e+00
-1.602587875854086574e+00
1.172460436061180822e+01
1.259325923941928771e+01
-2.187856969353703551e+00
-1.109166499374079784e+01
-1.319560964351017418e+01
1.030830341396469940e+01
1.241072584511936405e+01
-7.820352211682450871e+00
2.254944133776361070e+01
-2.561468813367073238e+01
3.120108416249227545e+01
3.126460321205713555e+01
-3.960904267321152084e+00
3.571685674724335513e+01
9.241625401698025377e-02
-5.526070944832305543e+00
-2.263354261949576696e+01
-4.198625580200161522e+01
3.181502454355970499e+01
-5.878830480007701809e+00
1.071557064803856640e+01
8.577085293921243192e+00
4.255446599637796368e+01
7.116492617765220352e+00
-3.957451030460067898e+01
-5.286651991253123128e+00
3.986886039415349359e+01
-1.013782140126135900e+01
-1.013928022464346590e+01
1.775435639420138756e+01
-3.919475896316471619e+01
4.105569620988761415e+01
4.072948309849100923e+01
-1.246664056473911053e+01
4.302167496297303728e+01
-2.471522776224684392e+01
-2.360242308181727466e+01
-2.182018270004352800e+01
-3.650698913797563705e+01
-3.745248881219128467e+00
3.075232327754835993e+01
3.000261812342112222e+01
-1.286494609027883662e+01
-1.566459960585286737e+01
-3.166825354514510593e+01
-3.088877097750761180e+01
1.652403022834506174e+01
2.899613789241660200e+01
4.196736450021702147e+00
1.498831952755077701e+01
-4.333548456626372314e+01
-4.319653800378531372e+01
4.129314691897874212e+01
-4.034139111390700094e+01
4.350086538962323601e+01
4.365745576129187810e+01
-4.343467681797621793e+01
4.352762125291016559e+01
-2.205731850808332695e+01
-7.104797759035680116e+00
-8.691854784837062198e+00
2.525714252716358033e+01
1.955929508297781538e+01
-1.264553100817266440e+01
2.399754300481036751e+01
-6.273428672740970491e+00
2.656867080661175962e+01
2.795782093545076208e+01
-3.526535359289813698e+01
3.777487559031077069e+01
-3.759328066446892791e+01
3.961448791870980557e+01
4.044202433272720754e+01
-7.281289457969577050e+00
-3.693199183095245086e+00
-1.968989024147565603e+00
-3.186012369105965547e+01
1.983619119100816164e+01
3.713862901352911905e+01
1.754719268395654197e+01
-1.988351456365177183e+00
-4.801407626333372036e+00
-2.481220248288542862e+01
3.252455857332105182e+01
3.348371693869199817e+01
-1.316593021625761750e+01
4.182143370638004143e+01
-4.816906840442148230e+00
-1.947996591930245813e+01
1.457725743351400638e+01
1.429432071286364270e+01
1.715174809604690509e+01
-1.748156244226946754e+01
-2.608149070307879569e+01
-3.690784869220295472e-01
-2.793103538555380894e+01
1.370700208234328699e+01
4.726717167989834323e+00
1.005347059974346813e+01
1.097711938123570974e+01
-4.256059951721557155e+01
-4.178774754929737867e+01
-4.243614230372112672e+01
-4.384295198546904970e+01
6.604815710000475626e+00
-4.357525450461204031e+01
-4.370685685148436050e+01
-9.087521939927471593e+00
-2.016718446373037921e+01
-2.280267190881052741e+01
1.284646757630326341e+01
1.402960434915121901e+01
4.361683112806937324e+00
1.196476500091863926e+01
2.358430010084008543e+01
2.185272602333026271e+01
1.887184837152092953e+01
3.902457321843348836e+01
3.750283639676835890e+01
2.636471870542406037e+01
2.541012580530279408e+01
1.794315736362887037e+01
-7.010421619676032279e+00
-2.842767924296919091e+01
-2.686874371721092203e+01
-2.307912890656287352e+00
-5.184804448301014723e+00
-4.159073410754190903e+00
4.016375873901995419e+01
3.342023131120218693e+01
3.105909635314724326e+01
3.382534260677341109e+01
2.162280627385835174e+01
1.717758927278968528e+01
-4.201730927504502233e+01
-8.804309843908038336e-02
2.119708435351165576e+01
3.368861613200242289e+01
-2.080191072253773399e+01
-2.170928437791032195e+01
1.641218375592837120e+01
-1.444508836391658235e+01
-9.808410221357641845e+00
6.476037783195697450e+00
-2.670757875985486862e+01
2.396420733268539038e+01
-3.195062245335315865e+01
-3.034985438540893909e+01
1.512627473993929428e+01
1.744840255653597083e+01
3.518218194360988349e+01
-1.492332676585407469e+00
1.859344864780403483e+01
-2.076122412794506644e+01
3.943738296575727986e+01
3.912773949676655860e+01
3.995591827559632492e+01
4.237849834479224853e+01
-6.606576710423582632e+00
-4.019564942407275510e+01
-4.042121181721414303e+01
-4.175403664746790611e+01
-4.211606558084727681e+01
-4.724332050661444349e+00
3.899352883306784179e+01
4.280919563300080455e+01
4.816986597629311362e+00
1.119221180896443890e+01
4.239620500928501912e+01
4.197228276441637007e+01
-1.109566522258565691e+01
-3.538526010157671919e+01
2.374531058510948967e+01
-2.807377826635242357e+01
2.070066402832023922e+00
-3.620195896664682778e+01
1.952026407439521805e+01
-1.975678564149707483e+01
3.570816746488550564e+01
3.034731260357894556e+01
2.952902634920887337e+01
2.795105290389980368e+01
2.919553816997787621e+01
9.451809085170621572e+00
-4.358943197746339138e+01
-4.069576791966587592e+01
7.172390516432167296e+00
-3.763733037388133340e+01
-3.565270467220981487e+01
-9.422823529863697090e+00
3.923768166874832275e+01
1.978373075631397171e+01
-1.919805607045528717e+01
-1.236557093184421419e+01
-3.371861724911448022e+01
2.944998194182869256e+01
3.798032736558771205e+01
1.664061292768729317e+01
4.273799702175900705e+01
-3.713447647471797808e+01
1.965536266116798814e+01
1.951326063800000554e+01
1.721485069730635331e+01
1.810264771523445226e+00
-4.123973042898758479e+01
1.306103993035983279e+01
-4.093025011438229654e+01
2.246779600940897836e+01
-3.952143203986995701e+01
3.165315493886578579e+01
2.359609366410465014e+01
-2.677128292820042788e+01
-1.167290382988265129e+01
-2.619073503471919295e+01
3.427724692753277402e+00
8.610827545886055034e+00
1.099406520723838199e+01
9.179036062016473707e+00
-2.409219356195934481e+01
-1.536069415031568752e+01
3.844737664440123215e+00
2.679833151227213506e+01
3.875095716449713734e+01
-2.809180179732738480e+01
-7.624858009733807229e+00
7.401730062086757655e+00
-1.719401190906619359e+00
-3.853845943869377066e+01
-4.204509373592539845e+01
1.776180217167993902e+01
2.437579572855824139e+01
-1.378750673923489600e+01
4.013729729797888268e+01
-2.960446886525550525e+01
-4.213502051885427591e+01
3.877337868738238047e+00
-4.148523522154015097e+01
-3.547114795513279972e+01
1.317383699388673257e+01
-2.878611634162140831e+01
1.751129721158748964e+01
1.407769674890162293e+01
1.686287217121282467e+01
-4.219721830250215788e+01
4.099757766855991470e+00
3.729970168347644499e+00
1.663984751614526525e+00
3.215312178518632180e+01
-2.938554394864814867e+01
8.316820667705554726e+00
2.580412432819508695e+01
8.158864168818793061e+00
2.137415036120117851e+00
-4.233585562340149266e+01
-4.237070193757082848e+01
-2.656048253730191178e+01
-2.809743306696313070e+01
-2.753182581003885332e+01
2.260218701069779002e+01
3.606291398067295972e+01
4.145614682581346244e+01
1.615974083143110107e+01
4.384341318048178948e+00
-1.690169668945463144e+01
-3.956332790542683853e+01
-1.562937226728858775e+01
1.297893209704947104e+01
-1.581188061667868361e+01
-2.697557629140197832e+01
-2.811634912764998617e+01
-3.327764844146195600e+01
3.334718891087374004e+01
3.473452215959724043e+01
3.598750249981698346e+01
3.646864456948312494e+01
2.959738851935969350e+01
2.706340613772016468e+01
2.908868584485955111e+01
2.949873229936365249e+01
1.226350473305001998e+01
8.811238754542136675e+00
1.401100383042129138e+01
1.808645937555761662e+01
7.108444549521858669e+00
-3.444204327316327152e+01
-3.617449672841126329e+01
8.826020225361233429e+00
-1.845059624306394852e+01
-1.873578027227247844e+01
1.928587179071038449e+01
2.255127829365856229e+01
-4.367749829012072382e+01
-3.949749170617470639e+01
-3.274747494595474251e+01
1.822726904663726444e+01
4.243964926500899537e+01
4.282040173919356363e+01
3.824932107328443465e+01
3.551979988240773878e+01
3.736534943388082297e+01
-3.285252219297814236e+01
-3.446574978108269960e+01
1.698605476196593500e+01
1.665080989972608450e+01
-3.824197061749548254e+01
9.230884017338364389e-01
-2.724184886825771201e-01
1.514695651025192102e+00
-4.142433338654972630e+01
-4.142208015230041696e+01
-3.974774220056691831e+01
3.942250376367813658e+01
-3.288036895923692526e+01
1.593138713067249412e+01
1.491799212893356774e+01
3.711957473898367965e+01
-4.096628343513110337e+01
-4.101784982173914074e+01
4.785059894229170219e+00
3.946360866997209449e+00
2.070167468850941273e+00
-1.799789032902590336e+01
-1.551646311447933080e+01
-2.405664037346999251e+01
-3.838117500351741285e+01
-1.355664119467965989e+01
-1.387961597316639129e+01
4.395701711578021076e+01
4.741123618040193222e+00
-2.596757630658331450e+01
-2.329386762493666296e+01
4.113615478370149958e+01
3.856572441018163033e+01
4.090321609161551208e+01
3.985780146304821159e+01
-2.294788420038266707e+01
9.110986449188542835e+00
-2.825504131684647646e+01
-2.561274698935997662e+01
-2.708655421741656610e+01
-1.657813824482445142e+01
-9.730066057855273343e+00
-8.902875607173834638e+00
-1.578944324006746669e+01
-8.791954851350695099e-01
-1.189492185640807342e+01
-1.482478718517507765e+01
1.276040780763004001e+01
5.857352766168526514e+00
2.061334799184382227e+00
4.288859166975297654e+01
-2.490068771838830486e+01
2.767727235888064996e+01
1.246163531117778867e+01
5.559984218642324727e+00
-4.185846116362849045e+01
-3.324208959615751979e+01
-1.557239562670099176e+01
4.705217051389742444e+00
1.235944524371772602e+01
1.367125226015529371e+01
3.740815289278796030e+01
1.760870313964032263e+00
1.649065345798242532e+01
-8.849470481558277868e+00
1.917588507609672988e+01
-3.255700539098439350e+01
-3.345612387407800981e+01
-3.430190280574657180e+01
3.873088772069470309e+01
-2.508228473483790566e+01
2.370559476706226221e+01
2.205618981013692803e+01
-2.224177589986977210e+01
-1.900410566542146285e+01
-2.000702715949150345e+01
-3.995186326408263966e+01
-8.706952117909477096e+00
-2.036491559275158991e+01
-4.332016477891870920e+01
-1.878271419626520000e+01
-1.301969864019870649e+01
-2.063714143730448569e+01
-6.647623943155631210e+00
4.190446437484011000e+01
-1.981241225041702236e+01
2.519151897431681419e+01
4.222224796436830019e+01
4.265686750594299070e+01
2.706891965007948286e+01
3.576246565884010664e+01
-2.710459115459634916e+01
-1.855204474622102140e+01
-1.659156353710434573e+00
-3.923139793347635162e+01
1.864895454940895192e+01
1.911326038946970129e+01
-2.726856026496929530e+01
-1.423139336079099060e+01
3.491793558611792037e+01
3.600889272434222477e+01
-3.620335053374475365e+00
-1.726022802230600561e+00
-3.892501465112146342e+00
-4.041518893500924037e+01
-4.026820599537830958e+01
1.380935133250253699e+01
-2.435468816894573507e+01
-2.443956315333767293e+01
1.156853234244251993e+01
1.456220692431933550e+01
1.090831885324294070e+01
-2.219675332627918607e+01
3.507725643439551533e+01
3.282769628280694008e+01
2.286142729377541016e+01
9.532738912643958784e+00
6.771085121712165922e+00
2.613010516573463349e+01
2.362688082505041010e+01
-2.636475045413182627e+01
2.166168653008915257e+00
-4.172167062233649659e+01
-9.247824075636437158e+00
-8.595573635503182430e+00
1.375351990724251472e+01
2.620637805979187362e+01
1.162266353998278845e+01
2.601614836627741312e+01
-1.736036534050929347e+01
7.069000358642774096e+00
-2.201340204427717850e+01
-1.921621345651841395e+01
1.617644587874585582e+01
6.902302768381917808e+00
-1.425585797146031908e+01
1.259397647353880956e+01
2.515292351428681883e+01
-1.666372998237028469e+01
2.448975530414451640e+01
1.122782437488753438e+01
8.326542707146105116e+00
-3.431622707506642911e+01
-3.423702791055809769e+01
1.612501405091004969e+01
-3.261352543429906881e+00
1.453376180371158810e+01
3.334768009819367762e+01
3.199462521138636006e+01
3.603863268357752503e+01
3.483901662895256379e+01
-1.647038943077668449e+01
2.714242934242041727e+01
9.957343049124585121e+00
-3.829305375137828804e+01
7.939713258475512347e+00
-7.713433693143609382e+00
-3.833960239760676103e+01
-8.823025905407678948e+00
-7.843472303121465927e+00
-4.139761194266544919e+01
-4.196738562698055830e+01
8.362555521825498772e+00
-9.385471864984294754e+00
1.065777957992125202e+01
9.876997371303234630e+00
-8.159284449586285959e+00
-4.792180674035098065e+00
-8.014488572803710298e+00
4.333453664654723525e+01
-1.318466048061262796e+01
2.935115845296541792e+01
3.311909065767695637e+01
2.800862156523080060e+01
4.185168599382117804e+01
4.225854299246702084e+01
1.602014041750062034e+01
1.510478892857963729e+01
-4.319055432631913760e+01
4.383240126625275224e+01
-4.033198281847975153e+01
-2.214448999011489860e+01
1.612528257814859600e+01
2.765191674805591759e+01
-3.766001988904574915e+01
-3.677499052296005289e+01
-4.122032912127711768e+01
1.084080146754435958e+01
-4.095129461777152358e+01
-6.506665850480557012e+00
-1.614511951922258248e+01
-5.399862863042898198e+00
-7.861192601235388322e-01
-4.086132312528278021e+01
-1.066042187137954933e+01
-1.135118703895194159e+01
-9.977537880609437693e+00
1.718940707916870991e+01
-3.431256116643482557e+01
-1.392816043850226748e+01
-3.566521534854130948e+01
-4.201569926101612396e+00
5.537070375208762441e-01
-3.933410830179864348e+01
-4.293598797819257840e+01
-4.280449645128385328e+01
-8.410848171530307837e+00
-3.748305129418225334e+01
3.174985976045893921e+01
-4.127031168953124762e+01
3.171911418189302978e+01
-7.663592506572740604e+00
-3.948279198050301808e+00
3.221997569177641196e+01
4.032075049697925806e+01
-3.473392839066709570e+01
2.708077015268746113e+00
3.974223569731307748e+01
-1.486511121929372869e+01
-1.796933743220075641e+01
2.007235976901104380e+01
2.289903773751107963e+01
-3.974894756188130174e+01
6.673823467176696056e+00
1.623034546399724221e+01
-3.562521731092871846e+01
-3.883995335198223842e+01
-4.413714049007995577e+00
-8.262210771214808958e+00
-1.132835845445211653e+01
-1.425263476974965471e+01
1.357981445100841000e+01
1.394904665338947680e+01
4.311262284624181262e+01
-4.012829042564556659e+01
4.287695890152858880e+01
-8.845799414752001155e+00
-1.087863003025269037e+01
-2.029600417745385244e+00
-2.204113852236457838e+00
-3.606055475064867011e+00
2.376366777439668621e+00
-7.955049600558458112e-01
-3.877093824887173579e+00
-2.447878892621931701e+00
-2.227260062632240523e+00
-6.253534300270729984e-01
2.733304190713786941e+00
4.635794725392718973e+00
8.009439174671119099e-01
8.967002715460490325e-01
2.803584142948693625e+00
