-1.353226283709880384e+01
-1.462897029047117670e+01
2.402664445332186816e+01
2.429613915659996337e+01
-4.393969180468833713e+01
-2.879919608323922731e+01
4.311088711688945807e+01
-2.852495323182920473e+01
-2.577328776354088546e+01
-7.108300146980080392e+00
-1.039963997187373757e+01
-6.984073906693645917e+00
-1.031418429820482707e+01
-2.774631748094617834e+01
-2.635769580798674383e+01
-4.285223682850289606e+01
-4.398921460270974393e+01
2.688434965939535104e+01
4.163303372543668956e+01
2.619117596185806107e+01
3.023252972971381070e+01
3.121758850069747027e+01
-2.190065684323062811e+01
-2.162878215691624817e+01
4.278431275845453285e+01
3.421555861593948578e+01
3.337689321895985728e+01
-4.310972546079262457e+01
-3.412409848462765183e+01
-3.562482773139394965e+01
-2.055730277400942541e+01
-2.211970446806519419e+01
2.622559780111112460e+01
2.762437597491367924e+01
3.600846086764262566e+01
3.550625175313113147e+01
-4.262413632364873450e+01
3.547465320814836076e+01
3.467720385759235313e+01
-4.084666427633642627e+01
-4.044238814123652048e+01
1.926956151208165124e+01
2.098212585713195111e+01
-2.230270031633016359e+01
-2.329387925704267204e+01
1.116681280828637135e+01
1.322325786303614592e+01
6.208124195990460947e+00
2.636732072443056740e+00
-3.388073161048910009e+01
-3.404803995081460499e+01
1.658669872895142205e+01
-4.343754784392285018e+01
1.730430688587430765e+01
-3.204402766575081074e+01
-3.363468800767149247e+01
1.623974322302990814e+01
1.795078194621695999e+01
1.876147802614811511e+01
1.600532133102488785e+01
-2.442668768178231531e+01
-2.090671510716407155e+01
-9.906636068455949129e+00
-1.115892309470907762e+01
4.001275150698841543e+01
4.077348531484174288e+01
1.297586227039463758e+01
-3.661045344733407347e+01
1.058974017334691986e+01
-1.966920556118236973e+01
-2.036190148497720998e+01
-2.531002945078321531e+01
-3.418163472568473082e+01
-3.534377765018926709e+01
-2.533663321500025134e+01
-3.201447471574691406e+01
-3.672026665954586377e+01
-3.803241653157379432e+01
-8.524971694002056566e+00
-7.581627366490950592e+00
-3.234227799683208815e+01
-2.179616111931798628e+01
-2.139394526103790284e+01
2.109211966708942754e+01
1.932549409851802480e+01
-2.239030663192464132e+01
-2.117253689373627523e+01
-3.632127555664249741e+01
-2.709912020571917068e+01
-3.610544009930627851e+01
-2.808714159304019375e+01
-2.996926083876381952e+01
-3.677019157379989167e+01
-9.607442190834273532e+00
-1.245968058597288675e+01
4.067887978542333371e+01
4.023154346410395021e+01
-4.515715456841449260e+00
-4.244008419509400909e+01
-4.321792738651831911e+01
-6.325280591319880408e+00
-4.427818844898779638e+00
2.600753733213019814e+01
2.740958410654663524e+01
-2.159233576954103384e+01
-2.218054410794869469e+01
-2.393848827609211227e+01
-2.377635655900143163e+01
-2.107904822428211844e+01
-2.559091214166033623e+01
1.235211396344518064e+01
1.303881275876874213e+01
-4.208994467965690944e+01
2.483924811076465033e+01
2.635697167324113366e+01
-3.586261781158863471e+01
-3.493876529686063037e+01
-4.134994706677165510e+01
-4.092044440237150837e+01
-4.923389535784806093e+00
-6.055638301983125693e+00
1.585721620110857799e+01
1.461031313958001476e+01
-1.033990532230812853e+01
-1.174563529687769226e+01
-1.246148519114273512e+01
-1.229943904677171140e+01
-2.274336654135699476e+01
4.517915662739226512e+00
-1.623113418737911573e+01
2.219775431290665679e+00
-3.180475240589234076e+01
-2.955819124131786779e+01
6.465453414676467503e+00
-3.442247608828093064e+01
6.169280215104001819e+00
3.615196235124408730e+01
4.182169607773860065e+01
4.136401925728276296e+01
1.529724781338655326e+01
3.873660583704484139e+01
3.817959326289721389e+01
-3.334490690546314795e+01
1.109379538040769120e+01
8.895287688330139275e+00
-3.566171093036999906e+01
4.639413875647801611e+00
3.439939082138887549e+00
2.368762100193452014e+00
3.872333350496859339e+01
3.043817735713128059e+01
-3.934040760593897090e+01
-4.053707008160139935e+01
3.367789130034402945e+01
4.286051870130799557e+01
4.261761702769862126e+01
1.788212685636154431e+00
3.055834053222229674e+00
8.551887151126861264e-01
2.577276518494015889e+01
4.369604722159102295e+01
-4.299488644360236833e+01
3.082035413030577331e+01
5.029676978059394177e-01
-6.357054521547335080e-01
2.525376398553010304e+01
1.881691702355559315e+01
1.923105830040091391e+01
2.169023179319430739e+01
4.539818079278213681e+00
4.110247062699516007e+00
2.822557429725411282e+01
2.645122798286203647e+01
-2.541388388962893075e+01
-1.279055311574875553e+01
-1.334068311557243014e+01
3.078130925444218846e+01
-3.920619688890982246e+01
2.965303069062434460e+01
2.796550250392123615e+01
-3.830357521521713693e+01
-4.043368167938437097e+01
-3.875793973922881008e+01
-3.480949582891569349e+01
3.229961416607572033e+01
3.342401680288942600e+01
4.216987583940969131e+01
-6.819262220349358472e+00
-5.118774503125509412e+00
2.103525788320985157e+01
2.351338576976564809e+01
-3.460772664109858709e+01
-3.567746153895061667e+01
1.086347077159450336e+00
-4.588053726026348200e-01
-1.319683339317084814e+00
-2.475347016727202032e+01
-2.664081172578320889e+01
-2.499308953147565049e+01
3.911882369741543641e+01
3.954142627910611196e+01
-2.696121936164259125e+01
-2.801259032490293421e+01
-2.577625244142710415e+01
-2.434907887811164073e+01
-2.295761237334623317e+01
-1.786603369977580869e+01
-1.496967425027353826e+01
-2.038449855471075267e+01
-1.943933624619791090e+01
2.071818178716080894e+01
2.220382503722390055e+01
-2.461964979853015834e+01
-1.352461459076140216e+01
-8.877980514872213291e+00
-1.220165596382228124e+01
-2.722994553283507813e+01
-2.996346410221492462e+01
-2.345691500337008151e+01
3.249682828984106919e+01
-2.600787226550779607e+01
-3.979875412846622140e+01
-3.938904584789146668e+01
-2.547682752785530980e+01
6.573362379296611380e+00
8.590348503661685342e+00
6.523464713354369060e+00
2.313160066186087960e+01
3.786169076888013763e+01
2.587306200707786630e+01
2.550387239265904071e+01
3.591984633031413665e+01
3.867665286775712019e+01
3.655691577490979682e+01
3.434835228654583972e+01
3.468303607622168983e+01
-3.186267654693403273e+01
-3.370113581476270070e+01
-4.208894384312915804e+01
-3.603230384052032775e+01
-1.400502534146812827e+01
-1.517686673588769253e+01
4.125901760114568617e+01
-1.607403727656658177e+01
5.637848653028214585e+00
8.617092044341646329e+00
-9.644009211556557659e+00
-8.949830527939225178e+00
-3.353177105856853757e+01
-3.249960967461102257e+01
-3.028172714132454146e+01
3.131619981111533235e+01
1.211607201470575390e+01
2.914615695456507893e+01
1.635037562597091565e+01
3.129994617792281275e+01
-4.078455496429123173e+01
-4.017111902587659955e+01
-4.302355389227619753e+01
1.053572845941435743e+00
1.979354779479298054e+00
4.377873953741151070e+01
-3.631767907769226866e+01
-3.341722699584922296e+00
-3.578872962413367276e+01
4.158157384920715316e+01
-2.173545212529867143e+01
-1.769132755996350070e+01
-2.005799117620760441e+01
-2.709138517934729151e+01
-2.585952727119054018e+01
-2.765993109343965273e+01
3.338571554084898452e+01
3.990791572223314176e+01
3.977876334516209056e+01
3.263206890038873098e+01
3.868314654105832062e+01
-6.447849441194914100e+00
-8.389823147959576843e+00
4.023989338799971449e+01
-2.399081010615774900e+01
-2.340373921602285989e+01
1.581390761760740915e+01
1.529019321209217708e+01
1.323706071607350232e+01
-2.504001994795642716e+01
-2.756672686998699007e+01
-2.940406382377560490e+01
2.765598704338438552e+01
2.779820873063039599e+01
-1.626159872653899541e+01
1.981084962801214644e+01
1.428244299006383855e+01
1.815543384116082493e+01
-2.462391131987646276e+01
-2.596364702937305680e+01
2.378553606302104129e+01
2.900506448490690303e+01
2.612981940318449858e+01
2.308529425899292775e+01
2.079681032030444143e+01
2.213463405661915573e+01
3.353799031571829659e+01
3.277151891202738909e+01
3.314878970183001172e+01
-9.703877557190887515e+00
1.701798427807419856e+01
1.386511325088169322e+01
1.449917557913529365e+01
7.362424368368809091e+00
7.481017164977082246e+00
4.918025904869427478e+00
6.755185984642649188e+00
4.214468270682834117e+01
4.740119220372112530e+00
3.130991960061420798e+01
3.064415077746186711e+01
2.976072315942605684e+01
-1.329648480564658897e+01
3.002739279496048042e+01
-4.346043540821089124e+01
1.360343375879213568e+01
-1.957498402036466345e+01
7.010343281471620891e+00
1.013223971795116363e+01
3.517087761506709143e+01
7.149090496000825468e+00
8.418728295599765543e-01
1.485021600972287859e+00
-1.631671837726070384e+00
2.395556624124190570e+00
-3.894821354951153580e+01
-3.994136247144785301e+01
3.507907490921434723e-01
3.476514647441091910e+01
1.249075821132220554e+01
2.270767765438784025e+01
-4.147957948290804353e+01
2.420474399189879477e+01
2.482329187469714071e+01
3.256209527649357227e+01
-2.242593065547628939e+01
-2.324543563012760572e+01
3.399022776942255319e+01
-4.163419207546102285e+01
3.352908279535736114e+01
1.451048155495391079e+01
-4.119858407811687329e+01
-1.806234709595406684e+01
-1.530015835349995967e+01
1.664867405727052585e+01
1.405720662388679898e+01
2.083242357413430312e+01
1.820830081249668808e+01
-5.896947376837995414e+00
-7.363654168652020715e+00
-8.070970573309706353e+00
2.565586774034780859e+01
3.036238367988550380e+01
2.881827051568562226e+01
3.093947372831597065e+01
-1.919216868436694412e+01
-2.268569749387969736e+01
-1.942869438489414691e+01
3.335951665657727716e+01
1.121320035446193586e+01
3.301270007241249260e+01
-4.353455692548497069e+01
-3.075655461851703620e+01
-3.736327501407333784e+01
-3.697625554963351391e+01
1.177230460152677871e+01
2.190483036207283796e+00
1.022487824868335338e+01
-3.567205380463533260e+01
-3.126842319544039484e+01
1.829005071890681222e+01
1.951314862441255116e+01
-3.339436900799514518e+01
5.818801984869929056e-01
-3.019074582849508914e+00
-5.985000724898284830e+00
-1.646454521349744837e+01
-1.872548383948187478e+01
-2.058036548519156028e+01
-1.648920172490627678e+01
-1.762085559414372682e+01
2.032659243047865516e+01
2.376790614362505494e+01
3.683107571808613478e+00
7.040329602405423159e+00
2.038994417808952164e+01
-2.230901124589729534e+01
3.541589283902034424e+01
3.506718816504707092e+01
-1.906826564393955792e+01
-1.593071041637066187e+01
1.193297997113089615e+01
-6.416081532865621107e+00
-9.505648519097164240e+00
-1.111407741541123606e+01
-3.528497479153106298e+01
-3.640501500790041689e+01
2.152513639680101321e+01
2.355801711539686494e+01
2.152250125061057417e+01
1.720598555105196326e+01
1.989253853235558012e+01
-6.697863890219781347e+00
-5.771597318628309381e+00
-3.458628959182856732e+01
3.547494702362559593e+01
-3.233689836027259190e+01
3.030876714419949280e+01
2.919157259865558984e+01
3.766099059941940652e+01
-3.536029215522012947e+01
-3.444965493772756293e+00
-1.857310358500516401e+01
-1.649519150092108077e+01
3.577515549190239508e+00
-3.781204540357618527e+01
-3.758615880083954153e+01
4.084903812963635517e+01
-3.844984569496531890e+01
4.129279474843085040e+01
3.939484571198904916e+01
2.782335433920314927e+01
2.968971684224246133e+01
4.015892051589552381e+01
4.039048591835386048e+01
2.440439935410778460e+01
2.555645810209344049e+01
2.724665666032515077e+01
2.579237054666986850e+01
2.620831127795801763e+01
-2.813936869509279148e+01
-3.031962060757787825e+01
-3.291990483596944017e+01
-2.663653463242714459e+00
-1.087444502941703917e+00
-7.813436597296729014e-01
-2.565313096122261527e+01
-2.990650857458839695e+01
-1.761028914633167020e+01
1.546953212963768287e+01
2.196079203273777125e+01
1.359076525110268108e+01
1.669757735065444848e+01
-1.502559618829958410e+01
3.028715866238832177e+01
3.014261038619495636e+01
-3.717596431922889622e+01
-3.770358192811942644e+01
3.141995074671658017e+01
2.693356383675054389e+01
3.043698403317184642e+01
3.192242875446953931e+01
4.088388019526673389e+01
4.189872511723255855e+01
4.043986420065178322e+01
-1.686134781276280581e+00
-1.928266965334021199e+00
-3.735799377206383554e+01
-9.245563997152963509e+00
-5.946491257999143798e+00
-4.083177978766983784e+01
-1.864724602456806934e+01
-3.631770449625420127e+01
-2.159760262596662628e+01
-1.872173331318252210e+01
3.674244209363835978e+01
3.667576779056219749e+01
3.551636424479896448e+01
1.585495320147218834e+01
1.736203063855669981e+01
3.550470803470712866e+01
1.753568724566890324e+01
2.566480090312767715e+01
2.653247101821843401e+01
1.553238521958463814e+01
1.611589298929492386e+01
-2.967225107248521354e+01
-3.003682857461056344e+01
2.003176684595329249e+01
-3.798095269089841963e+01
2.374017072490142510e+01
2.088670598717726890e+01
-1.819246361168730886e+01
-1.545291459954755986e+01
-1.818575333301975050e+01
-3.088495619839199335e+01
-3.029326372011515289e+01
-3.136953157539097958e+01
-1.859218798990006505e+01
3.637991567653432412e+01
-2.533045942691672181e+01
2.355255127953606831e+01
-1.084331612366678677e+01
3.566161173411643404e+01
3.695757516424625688e+00
-9.488579126884172155e+00
3.421543189980953770e+01
3.460563929174233522e+01
-3.215466523133505206e+01
-3.160854421222688160e+01
-3.293217455480760947e+01
-1.482879253922976126e+01
9.167050539208739579e+00
6.702072518553771729e+00
1.120831828708674038e+01
-9.134907906088537644e+00
-6.067012324548147539e+00
1.689520293921242811e+01
-4.385163677443430430e+01
1.466382128759095593e+01
3.199718730754514340e+01
-1.232502531495572740e+01
-3.231699312199058038e+00
-2.882616829680602066e+00
7.610551767324581773e-02
-2.296364194559659921e+01
-2.530103104747294296e+01
-2.238540015141242279e+01
7.409693032666550216e+00
1.405483905293301028e+01
1.087017701876482256e+01
-1.623913120284558786e+01
3.264303156614017354e+01
3.124005714111179799e+01
-2.256415244264358577e+00
3.761558788819383636e+01
3.854397447156551237e+01
-1.787279002490335333e+00
9.345532553449609203e-02
1.347466058367481523e+01
1.514358827113660944e+01
1.731503184880740775e+01
-3.749372271253901090e+01
-3.568596656054860006e+01
-3.760207022980692670e+01
3.244855938219475178e+01
3.322803270840755374e+01
2.447783076342871666e+01
2.513450435438283392e+01
2.307160732876058873e+01
-2.923476617201421845e+01
-2.771527915825169686e+01
-3.022030038967420396e+01
2.826296796520843557e+01
1.678115722984820835e+01
1.606428185581791013e+01
-3.209939326448392194e+01
-3.253541180171743008e+01
2.705620676996454677e+01
3.411808753046419440e+01
3.602569745099749809e+01
-1.273681520644046472e+01
-1.497293300104679759e+01
2.769832844772830427e+01
1.958429455011841469e+01
2.176050592466079436e+01
1.762317741721587083e+01
1.957934129972449355e+01
-1.225375642336515547e+01
-3.350463233456842715e+00
-1.614746244706263045e+00
-3.748231276345787233e+00
-2.906760565487433468e+01
-2.983579761020976662e+01
-2.432989057939271049e+01
4.386433920501767858e+01
4.382126607254615180e+01
-2.242449972859366270e+01
1.838691992357753691e+01
1.546734049893701446e+01
-2.809916484748511678e+01
-3.177163835462655683e+01
-3.298671586894761987e+01
-3.117649863930153131e+01
1.352492915985986421e+01
3.717080739204595119e+01
3.820879889563740051e+01
1.138722236352988482e+01
5.920151820838070122e+00
7.662203143341791645e+00
1.065791743720797413e+01
2.559741692033149718e+00
-7.628396015685916076e+00
-5.737376431162904744e+00
-2.099161127426382834e+01
-4.380210178261041420e+01
-4.376685426719457439e+01
-4.363098476577260243e+01
2.769637838217940029e+01
2.075763647405029033e+01
-3.337538119963757310e+01
1.985648555505140322e+01
2.146620837000645565e+01
-2.255566444272751525e+01
-2.095511496662146200e+01
1.864843027012648946e+01
1.468774636006792278e+01
-4.814848109798995246e+00
-6.111974448179617880e+00
-2.133422425628262076e+01
-1.863210879460374514e+01
-5.779865904372319285e+00
-3.346885369130696120e+01
1.267949201190816133e+01
1.267948422511509676e+01
-3.347833661969394825e+01
2.534634626042780425e+01
2.326193826680776766e+01
2.262313385662756815e+01
-1.562017158297292241e+01
-1.233672976642525043e+01
-6.078598531584579412e+00
-5.357894392878539414e+00
-2.327838801858182194e+01
-2.592087446408153895e+01
-2.545217812925358558e+01
-1.304455207960802099e+01
2.239554632188063721e+01
2.110775402647720966e+01
1.562401525779936406e+01
3.822139334624886686e+01
-1.747606562007727860e+01
3.163767660183089347e+01
3.351063149660136276e+01
3.296424029291939917e+01
-2.306083191167175528e+01
-2.256493393643140521e+01
-5.447508200629069819e+00
-3.668753830272090966e+01
-7.379674341734390630e+00
3.619678638203270538e+01
-6.581417200397297051e+00
1.938435317355131460e+01
2.076085304591221004e+01
-2.988797939507637125e+01
2.293259295111402452e+01
2.248361116946563953e+01
-1.642270515850773194e+01
-1.880981370864575553e+01
-1.643166624116170027e+01
-4.250166033658913278e+01
1.039074499902071302e+01
1.115671725170006034e+01
-4.282320436103172057e+01
4.121456760419926013e+01
4.076234724245077246e+01
3.946495779025423900e+01
4.309782884950638504e+01
-1.428707275238907215e+01
2.504690467973539825e+01
4.299956842983417005e+01
-1.508049877241270664e+01
-2.693623767728117713e+01
2.772771514669565107e+01
3.798365519607065721e+01
-3.028468895454719600e+01
-2.292481141380421050e+01
-3.525764566534470390e+01
-2.352496251804325311e+01
-2.529251010566616031e+01
3.686688699136933423e+01
3.728427407782668013e+01
3.650164113151890888e+01
2.222100842353925132e-01
-2.753039433465175545e+00
4.300587583205101794e+01
-2.869685763067105810e+01
3.716156599896407187e+01
-2.747179149249548757e+01
-2.947666025690963565e+01
-3.133779947950738531e+01
-3.336402548590401551e+01
-2.012061088026279165e+01
-2.257940740232414001e+01
1.071162940275138276e+01
1.370627317240468734e+01
1.322799269147345136e+01
-3.344604055481207983e+00
-5.446628037200933470e+00
-2.916539938864476156e+00
-2.835202141070935156e+01
-2.615375674055471933e+01
-4.323353108192810623e+01
-2.654276189224748705e+01
5.065560704256290236e+00
-4.356222683152785180e+01
6.021329033009592102e+00
3.663876985253039464e+01
-2.596521055224387098e+01
3.304231492893413247e+01
3.398690174431266797e+01
3.474902577413811855e+01
1.358142730827468192e+01
-2.637282005130510498e+01
1.922266836213306007e+01
-2.634445719489606219e+01
-1.839022857200571437e+01
-1.962476869098163590e+01
-2.265396245308616585e+01
1.657804055247951069e+01
1.928975324204426656e+01
-3.017036304512912537e+01
3.003728870378979821e+01
-2.803989957155514645e+01
-2.943789232440867210e+01
1.909195480684913448e+01
-1.738540543983260989e+01
-1.891087656920176840e+01
-2.073699085630020988e+01
-1.754985658725649600e+01
-2.781961671817046877e+01
2.877877645302919518e+01
1.310814524668375469e+01
2.840046061629539409e+01
1.289868117792831548e+01
9.255675582427327797e+00
2.132257793679918123e+01
1.874306721673383436e+01
1.715941645461444764e+01
-1.600344658992291969e+01
3.170953838480651399e+01
3.249559144333533567e+01
-2.029673487113548802e+01
-1.679755086360605887e+01
3.694147669877832385e+00
3.136971979779467290e+00
5.432348079666971863e+00
-2.765269348899887447e+01
2.117499702749128687e+01
-2.670026467698248140e+01
-3.373420210753820037e+00
-3.803130830367138948e+00
2.760066845740881902e+01
2.994248254317876246e+01
3.124399863164225621e+01
2.957456451165982259e+01
3.037643286069892312e+01
3.249541527464975132e+01
3.399649481134793660e+01
7.721116377346578297e+00
4.674045657209446425e+00
2.252122985636114461e+00
1.872865816603702527e+01
1.555752302570328283e+01
1.346420219060405188e+01
2.386184383274986232e+01
2.623522449865731332e+01
2.147667671101719122e+01
2.160235357271943712e+01
4.186632442224847495e+01
4.246743075562849867e+01
-1.432086267293333037e+01
4.234348390869393342e+01
5.664911072758600952e+00
7.440510668373374159e+00
-1.723707562101318658e+01
-1.633376513290132337e+01
-1.758352508661906555e+01
-3.233138709699164082e+01
-3.221362947509165764e+01
-3.295193106002641770e+01
1.906999128232312657e+01
1.599880827446687803e+01
-2.864266671065997372e+01
-2.125080521131427602e+01
-2.170267968956326143e+01
-2.002748322317913932e+01
4.127036647072399589e+00
6.737909030991922954e+00
-3.652756765022499508e+01
-3.572367672254408433e+01
5.309352512784983880e+00
7.828539000766258305e+00
2.294694375574253442e+01
2.159722291134702488e+01
9.575421512644393118e+00
9.753076279622877820e+00
-1.103634611511031416e+01
-1.454039322420189606e+01
-2.091217291675379997e+01
-1.695933015165212154e+01
-4.074213658859936515e+01
-3.147009505377999972e+01
-2.945176202074564742e+01
-4.132039554617909261e+01
-2.750264614248647987e+01
2.432427736230495086e+01
2.360417361615493803e+01
2.514303492073753077e+01
1.433506240522898167e+01
2.648647499738468269e+01
2.886713734550645682e+01
2.741809486059751677e+01
1.149122771770680984e+01
2.435578519222426763e+01
-3.499262137532741690e+01
4.249709612591369989e+01
-3.487723540533435340e+01
-2.284097298877095739e+01
-2.208107827329196482e+01
-1.934210150119263361e+01
-2.091393670102512914e+01
-4.319767042378138200e+01
-1.955500607489553389e+01
-1.753622917144491211e+01
-4.283383265825849406e+01
-4.298531297278334762e+01
-1.991028242226643030e+01
1.754342742632139851e+00
5.214624832261123721e+00
7.861441055633926034e+00
1.613569550434882416e+01
5.458220840200715074e+00
1.904635219015045422e+01
7.239979176074855083e+00
7.824707113623748711e+00
-1.207845445596786860e+01
3.436933037148119041e+01
3.473349136780162638e+01
1.162129423372771519e+01
9.097162372319584023e+00
1.066497115037102361e+01
7.821885526018339085e+00
9.592795744352788034e+00
9.110633946964139085e+00
-3.883114858272070080e+01
-2.919460571594769149e+01
-4.313850605955115469e+01
-2.984711987041836068e+01
1.701013521897209557e+01
-3.528493758497076982e+01
-3.630273382198056709e+01
-1.749112519919703956e+01
2.335179851092776460e+01
1.528387741358405627e+01
1.497731467557707496e+01
2.149778189771922854e+01
3.301586861657725791e+01
-3.371657958174013459e+01
-3.377021851573144318e+01
-3.462042602346793529e+01
3.206964762763546162e+01
3.030828655267520944e+01
3.731335975905202673e+01
3.116130996433111733e+01
2.908538957907510181e+01
2.825264554849138965e-01
1.403819331562382366e+01
1.396837154265184999e+01
-3.580145703293929671e+01
-3.606629641595091584e+01
-3.289423177690655820e+01
-7.959109200724300948e+00
-7.937134472258104090e+00
-3.177068144953319617e+01
2.149733624885852290e+00
1.727723562944925462e+01
-1.067074975375293278e+00
1.605998244055511037e+01
1.846414610264007194e+01
-4.943850604269206528e+00
-7.003759196028381595e+00
-4.125063780562814308e+00
1.134797714289639892e+01
-2.329358921102350433e+00
-3.108430830057313798e+01
-3.556173992815284635e+01
-3.315695925699895952e+01
-3.514790049456804866e+01
3.254189491635756326e+01
2.022844724039920550e+01
1.840923440504186814e+01
1.856008051320843322e+01
3.005957634695275971e+01
2.840750302968038454e+01
1.824503815706986776e-01
2.388315458366567867e+01
2.925720308269255199e+01
3.105577517914890961e+01
2.925000889955185102e+01
-2.556898665926692260e+01
-2.271072772953775498e+01
-2.276819698706449202e+01
-2.914401799601516174e+01
-2.989674636420554421e+01
2.426821283135345197e+01
3.560818382050140229e+01
3.650325574529356487e+01
1.709028478917434057e+01
3.677768950786193614e+01
3.600764155500378649e+01
8.206532258032687821e+00
2.976868220161308898e+01
3.204582889585558547e+01
-2.829610213264992780e+01
-2.691163448980530504e+01
3.817934267308947227e+01
-2.797276467690269186e+01
-2.127649083746945990e+01
-1.917979991203609558e+01
-2.004118473501716124e+01
-3.582079969945675657e+01
-3.679360978732363208e+01
-3.552728832794603875e+01
2.762478258272723508e+01
-3.841266565288781720e+01
-3.811454516977433116e+01
2.393613025735656663e+01
2.483085629756746826e+01
2.048176389600898162e+01
-2.750550373053121689e+01
-2.596249105740455221e+01
-1.915089524961802070e+01
2.989072461207069153e+01
3.723946484585236760e+01
2.153393779836535771e+01
-2.888051135609898346e+00
2.807339483895740884e+01
-1.140241627247257128e+01
-1.237937288756057441e+01
2.764055497016446594e+01
2.785288091012436951e+01
-1.382057170696226578e+01
-2.252776598950464404e+01
2.642974548185088679e+01
1.207335109017680352e+01
3.686168955734602903e+00
9.006739304519619793e-01
-3.621827512954651240e+01
3.019992094146435946e+01
-3.536723302264000779e+01
-3.568987827710584781e+01
4.198874572178376496e+01
4.191878114241442432e+01
-2.617593150439083161e+01
3.365967911983657501e+01
2.963944107055656474e+01
2.914112404266960965e+01
3.056413406055250093e+01
2.832625119841182482e+01
2.512561740763117868e+01
-1.215314386680869951e+01
-1.501479651582990016e+01
-1.397103423268663214e+01
-1.732875841400876737e+01
3.109571956176510610e-01
2.777229419270756239e+01
2.541471210112847956e+01
1.439558099386640855e+01
-3.153420022423024349e+01
2.459709655964376651e+01
-4.165082459283224381e+01
-4.169322017572340400e+01
2.635585298112899721e+01
2.920043072779089499e+01
7.581465377713286102e+00
9.840330578402221917e+00
-2.884813718601340682e+01
-2.882081874473609417e+01
-2.669542330040588496e+01
3.220677848785105368e+01
3.227746996495363874e+01
-2.468773658067284771e+01
-2.861834595688207372e+01
2.070641995771621069e+01
2.071621449676839077e+01
2.515480640226861198e+01
9.426738240642832167e+00
-4.247423292023949415e+01
1.901176726791941718e+01
-1.584855681593584364e+01
-1.792667530832124712e+01
2.309216260425107947e+01
2.254945350613125044e+01
-4.347262756448498067e+01
-1.196626728698498709e+01
-3.365385037628836074e+01
1.131911718909555020e+01
3.511878573716950314e+01
1.126821582509648501e+01
-3.213762743030150659e+01
6.778763322875356323e+00
4.274054413312253331e+01
4.315668244822617083e+01
-4.473491136216473762e+00
3.038349038689847958e+01
-1.575428100543639509e+01
-1.470021391802340638e+01
-1.179631734128461851e+01
9.289746092372224595e+00
5.931668238100218815e+00
5.270448701118942481e+00
8.400837706191850884e+00
3.008431852020177288e+01
3.081511962824464135e+01
2.760161513144076650e+01
1.171651678102860217e+01
1.366090290117294082e+01
1.232151346646390522e+01
-3.441339651555032475e+01
-1.620833933521630144e+01
1.969521715186894539e+01
2.576104308486085870e+01
2.353167261036701774e+01
-1.644316586063875008e+01
-1.000315949225074696e+01
-4.354859825182516886e+01
-4.346551747688863543e+01
-1.225567903556960658e+01
2.961119733578011193e+01
3.047582946276872207e+01
1.750383207181242184e+01
4.114077737612801400e+01
4.348045249109239307e+01
-4.054744133519809424e+01
4.352592481972900629e+01
1.584199927132305774e+01
2.531909806684619468e+01
2.464407013030500693e+01
2.514291724208406720e+01
2.390143728746235396e+01
1.878379787786593624e+01
8.575105524327838680e+00
9.898532607604147771e+00
-2.842388905446897951e+01
-3.527902823946450894e+01
1.547553421684072106e+01
-3.460154769118481966e+01
1.655211364200416213e+01
4.262240791873229995e+01
4.198828207189534822e+01
4.240751330244820849e+01
1.768166018882262591e+01
3.669772980237284088e+01
3.745927600327431861e+01
-7.479863127418285629e+00
2.918898680767215126e+01
-8.702571339315461785e+00
2.877459330222975709e+01
2.568746578926887381e+01
2.370474197025037810e+01
1.418636243266543850e+01
1.504935395702146117e+01
1.616951520225252636e+01
3.240824999271706019e+01
1.345108947679207212e+01
2.937263676368732490e+01
3.086498019994612818e+01
3.224799628913903149e+01
2.495691469537591445e+01
2.163224678364957754e+01
2.596486431361671876e+01
-2.458729261873644134e+01
-8.218050826675215248e+00
-7.566905884551403894e+00
-1.093674594380737375e+01
2.461669906336049252e+01
-1.201521368719926386e+01
-1.494875641480334494e+01
2.700825751903855121e+01
-2.926716402159498465e+00
3.671885722417151388e-01
-1.914641974433190841e+00
-2.236842616293806429e+01
-2.327357485748037647e+01
6.616174357093989933e+00
-6.011794641940502615e+00
1.185366415855668620e+01
2.670615344613193543e+01
2.684967069522999594e+01
-2.139429110505885845e+01
-3.740284521027108067e+00
4.298667289523500301e+01
-4.030868723614872096e+01
2.959956086645601658e+01
-8.386415733219928725e+00
-7.940596366948330598e+00
-9.411049133783585319e+00
3.118275626412871304e+01
2.898205050081809375e+01
9.824886847711512772e+00
-1.393363595886071771e+01
-5.412002003758342283e+00
4.345762214706404336e+01
-5.376205791825503510e+00
-4.176951341584420874e+01
-1.450810772426703465e+01
-1.625058710449662414e+01
1.413687913180922529e+01
1.054352679599535669e+01
-1.583594312639245594e+01
-2.232529807550201895e+01
-2.139191747232894869e+01
3.129208751939851041e+01
3.020664805315337631e+01
2.993091479326219329e+01
4.257007976556462836e+01
-1.346027547276797165e+01
-1.419796342750994533e+01
3.205000340284807692e+01
2.984521037914443298e+01
2.903602256493620715e+01
-3.250833036299461298e+01
-3.324816886324251897e+01
2.392109493917157081e+01
8.034616074703253563e-01
1.688841349728887886e+00
3.394909692402470647e+00
2.874742700780409876e+01
-2.703448966419783162e+01
2.244252930236152466e+01
-3.269092149797038616e+01
3.488795630600604625e+01
-3.377657011814947197e+01
-2.352355229357985422e+01
2.627684984322744555e+01
2.378197955661525498e+01
2.287422677394166470e+01
-4.244909885748229073e+01
1.536462978658845380e+01
1.249994583275352866e+01
1.499790769682141445e+01
-2.156606979877059160e+01
-2.877297389266318106e+01
4.121392652225718045e+00
6.616766057774003507e+00
3.380966605113473378e+01
6.220468972520798445e+00
5.840835462452598215e+00
2.066801756253424216e+01
2.074624540678212270e+01
3.268631117689766086e+01
-2.234607530708994982e+00
-1.897327160323501971e+01
2.090613295693187013e+01
2.205412405188375402e+01
3.863577704393216461e+00
-1.824386069815717448e+01
2.464348687844197983e+01
-1.446561666161479387e+01
-1.596287770182331123e+01
-5.152946599619123713e-01
1.336415232062244662e-01
-1.569443975598935914e+01
2.802809509292293200e+01
-1.665489453236708073e+01
-9.708538756887272539e-03
-3.517537990629635569e+00
2.717618657323600573e+01
3.443406149643421088e+01
6.331085844887049952e+00
2.289352792513100532e+00
-2.887246992950179347e+01
1.980296470874111137e+01
2.001071576019750253e+01
1.460154444829975340e+01
1.721734631263603887e+01
3.131579651240425832e+01
-3.012494138178996028e+00
4.213922320299298008e+01
3.302069985990170409e+01
-2.427339932744626694e+01
-2.536550277148860388e+01
3.655295780378013148e+01
-2.715630615593613584e+01
3.213944007300214878e+01
-2.471714092109172256e+01
-1.468773546604950297e+01
2.776791142374801069e+01
2.719524822936565656e+01
2.641240074848857944e+01
3.421585881031013088e+01
-4.060366387122520848e+01
2.053995801516226294e+01
1.520937902486830851e+01
3.863145214595910204e+00
-1.788955700246520664e+01
-2.644013355133582621e+01
-2.393985268909129616e+01
3.256289861653308026e+00
-3.552973488127437740e+00
2.374427660171831533e+01
-4.227156747399475023e+01
-1.082853685065058746e+00
-3.500957726739250830e+01
1.262782324873201212e+01
1.126453675030349721e+01
-2.239642518354099110e+01
-5.356018270635383161e+00
1.043728822942413181e+01
-6.978067272400875432e+00
-8.287701637282797407e+00
-1.057421243167710756e+01
-6.965086234621447048e+00
1.632617706507685540e+01
1.669020646186697121e+01
-1.297224504011949087e+01
-1.249664446891603831e+01
-2.991661032853895819e+01
-2.957370264855330433e+01
-3.682992640901640158e+01
-1.856367657607668775e+01
2.788416698321534071e+01
2.763864046765423765e+01
-1.998827587774861669e+01
-1.743582223257981667e+01
-3.094804457448395496e+01
-2.680057937636902921e+01
-3.073865600577803292e+01
2.315395525121931186e+01
-2.782661950837665188e+01
-2.685085687266954579e+01
2.553134959074345645e+01
2.415545257370606791e+01
-2.708751161637719207e+01
-2.648232039640340929e+01
2.165914730255717657e+01
2.180043472548038608e+01
-9.149498182916952160e+00
-3.343459715962992362e+01
-3.368475150345575031e+01
-2.830449059705245674e+01
2.032420152586808015e+01
-3.246864764879492071e+01
-2.720158231619596378e+01
-3.080740648270338156e+01
3.869785784023498820e+01
3.889243835057774845e+01
3.956173090112818613e+01
1.385474218631673970e+01
1.080449649134764378e+01
-1.069276061124056554e+01
-1.832932175271055897e+01
3.471021235089113333e+01
9.423710830935570826e+00
1.151022515075113262e+01
2.267067391556500766e+01
2.454036891303016787e+01
-6.246102571678266102e+00
-3.923316733489000896e+00
-2.957700065563511060e+00
3.214102565495514341e+01
2.911485189657244987e+01
-1.907890223550404230e+01
-4.218740156131674723e+01
-4.118817547266298362e+01
1.224199159590247632e+01
1.263369814550548575e+01
1.450845190402653984e+01
1.538480453594679176e+01
1.252392468041835905e+01
-7.141097728797856981e+00
-6.028316684200189179e+00
7.158549501865829612e+00
1.016974229460742052e+01
9.260452066938903215e+00
2.462287636780499156e+01
-1.543000545325101136e+01
-3.120448520855719110e+01
-3.183349112253476676e+01
-1.624194512851944694e+01
-3.378576514676942111e+01
-3.273401640889969144e+01
2.268683584650303064e+00
4.304182664225404409e+00
1.077527147991396705e-01
3.015377765124285681e+00
3.784094366884874550e+00
3.265522963274792634e+00
-3.976200508201456074e+01
-2.860544255076246145e+01
-3.133028671859015546e+01
-3.963333069514539631e+01
-3.762045858383167740e+00
-2.170582086662940391e+00
-2.644185712900062768e+01
-3.678031385850376722e+01
-3.703896831346640539e+01
-3.519030105492988270e+01
4.062219424492042208e+01
3.967555685943931820e+01
3.995529331901202852e+01
2.954744042619126176e+01
3.164298371656763109e+01
3.380880004254749593e+01
-4.113777947159423576e+01
-4.067164663722422802e+01
-4.142998553075281620e+01
-7.210954834582357975e+00
-5.237206853327715628e+00
-5.937228982675300415e+00
-2.933210767102496952e+00
-4.092533177062713179e+01
-4.158270430331180734e+01
-4.239952028352065128e+01
-2.208976823326596617e-01
-3.002743889381387277e+01
-3.032055991550749852e+01
3.848952252914290284e+01
3.671000900384866839e+01
3.805115424468374385e+01
9.358877267117483356e+00
-1.725352747707160006e+01
-3.947657369356659274e+01
-2.503097739203216321e+01
1.833319345332002248e+00
-2.398908083059997054e+01
-1.319606372599079158e+01
-1.385718153194998870e+01
-1.196092460856736928e+01
-1.956141574302921171e+01
-5.441068096575805590e+00
-1.535734428178836808e+01
-1.673893079178337828e+01
-3.652119512718245176e+01
-3.812517996996176350e+01
-3.722237401198749751e+01
2.769372432671718798e+01
-1.018246118824477087e+01
3.875958037503830411e+01
3.814104505127126288e+01
2.739226460964838594e+01
-3.397679920875018578e+00
-6.261357806442883422e+00
-2.522377339103454741e+00
-4.316296724497976633e+00
-1.564484238953417972e+01
-1.905791681880216615e+01
-2.012591886588864654e+01
-4.098714286424042541e+01
-3.971504317490853708e+01
-3.941961514656632914e+01
-1.188454847371265499e+00
1.963880596974875603e+00
-2.029210096389113005e+01
-2.179224213110108366e+01
-1.960935527405842294e+01
3.317161980001376076e+00
5.576890123515280351e+00
9.503380342738127595e+00
-1.107537787939966556e+01
-8.335514343444058838e+00
-4.395541837390067741e+01
2.474617301315124962e+01
5.205475937888246918e+00
4.213087129351268167e+00
-3.559931481061195058e+01
-3.725665262713154391e+01
-3.737929734818657579e+01
1.954922083475258177e+01
-3.571469140434000167e+01
-3.657395169713930017e+01
-3.640150832913901269e+01
3.261854139872291825e+01
1.976948929838403402e+01
-2.442600509514387852e+01
1.724620688471976848e+01
1.672891263378489057e+01
1.935358806513677976e+01
-2.270214105453061748e+01
-3.023480315495887538e+01
-3.097480245267980337e+01
1.726243331541302695e+01
1.450386410646258506e+00
-1.519850934391158814e+00
-7.756508232478647180e-01
-6.809993004187495202e+00
-3.927169934366828929e+00
-1.798642062689903653e+01
4.590642395041395041e+00
9.396730805483815008e-01
3.595846985359497094e-01
-1.817778874268338285e+00
-2.779386899531120747e+01
-2.971425392517204855e+01
3.674572255502325646e+01
3.799947960110269918e+01
3.784311455571949523e+01
3.747691157251379934e+01
3.935297871840575112e+01
1.911200144859830630e+01
1.787947977842931024e+01
4.032798369658959103e+01
1.965279914132263173e+01
-2.202497019777077725e+01
1.359527056474106921e+01
1.455706325557647141e+01
2.259824317729908216e+01
-6.337208902028121926e+00
4.325347998081729628e+01
3.106958110545917506e+01
-1.075232778175550763e+01
-3.277194561064426637e+01
1.545090933197855598e+01
-1.564401595960089786e+01
-1.812377815569422523e+01
-1.762257101778302015e+01
1.263189918545398882e+01
4.176933692618207061e+01
4.224794869713291234e+01
-4.201686053061143866e+01
1.682348679160783078e+01
-6.758434045975697302e+00
1.264236187113548837e+01
3.605520554126108124e+01
3.614262273788759217e+01
4.018866775692143278e+01
3.971540324379144238e+01
3.868881839929122179e+01
-3.810991829245453744e+01
-4.355687013143571562e+01
3.822490482946793122e+01
3.997496549020839041e+01
-1.635008104506984949e+01
-3.218411387463334705e+01
-3.290459322886976423e+01
-1.601247070977757758e+01
3.067205633487556682e+01
-6.628144895294790118e+00
-1.397818833434952346e+01
-4.474594571123489573e+00
9.573853859999756466e+00
1.106633427961043203e+01
-1.144915962258105857e+01
-1.064347107848630536e+01
-7.440678800368497825e+00
4.252266467068959344e+01
4.204176587833689638e+01
-4.258607081279094331e+01
-3.784906356697900431e+00
-3.491644320841469806e+01
-4.163157180593272955e+01
-4.137709907008049726e+01
-3.452004189666882183e+01
-3.185045090916679911e+01
-1.380382842979543234e+01
-1.557498119469569176e+01
-1.409154772244488640e+01
1.991644431028168238e+00
8.040381098994888731e-01
-1.078149940697692877e+01
-4.225619389671972925e+01
4.223706126739835298e+01
4.159624553573713968e+01
4.167810326497576767e+01
4.012884050989896423e+01
7.140287616683112404e+00
-4.305754963045133366e+01
1.015593721483701017e+01
4.335883208487621943e+01
-2.556905589961219505e+01
-2.517313969798582463e+01
3.787560454803598731e+01
1.787691132500332358e+01
1.680945866709243930e+01
2.714091342548737984e+01
8.142547721643509817e+00
-2.286335146212802272e+01
5.143548155120162058e+00
-2.733960548469645602e+01
-2.242632401906464423e+01
-2.398974524139085318e+01
-2.585941692726114383e+01
-2.457564902610270607e+01
-2.562551696044899074e+01
-2.342016490946488005e+01
3.002749824430078007e+01
1.430525520210430557e+01
3.528604333036584961e+01
3.435807559539477296e+01
9.196717711274802198e+00
-8.832316732144855465e+00
3.637689316534813866e+00
1.205886355718807534e+00
1.673118758626242153e+00
3.233835926766650459e+01
3.077268041255057440e+01
1.762231554542578493e+01
3.355597281392090991e+01
-8.718611002685392464e-01
-1.773529960570080943e+00
-1.421416096735564683e+00
-2.767490075266332283e+00
-5.839276363097491540e+00
-3.305257932637892360e+00
-6.064094685875722313e+00
-2.767792259523221787e+01
6.615453270815798703e+00
1.568084348490111779e+01
2.485642695175048189e+01
2.351962424326051604e+01
4.163226846901782352e+01
2.128822276070382458e+01
-8.240519345188751288e+00
-3.429634583596204322e+01
-3.124755247935787494e+01
-3.244210838276751474e+01
2.244018447337203170e+01
-4.201295955383687186e+01
-4.241372582288530424e+01
1.768053736657316932e+01
-4.201585330674944174e+01
-4.222045225873263519e+01
-4.177770734824966326e+01
-4.206814060036519720e+01
4.080313587237880313e+01
4.108638625691603607e+01
-1.023928843672481825e+01
-1.313734172856281468e+01
-1.260557734219908710e+01
1.569884580534501062e+01
2.054432754203969225e+01
1.772644139172410505e+01
4.141354304769672723e+01
3.995848191177085340e+01
4.117989906958970181e+01
4.308990402793408236e+01
4.196977269392104404e+01
4.236891420732027314e+01
3.219624909329487394e+01
3.043144823304054825e+01
4.398481323013005095e+00
1.453785803867980597e+01
-3.652168663204700039e+01
5.099787338707419820e-02
-1.734804668571340081e+00
4.106987638527362372e-01
3.297359209816793424e+01
-3.174994301954419740e+01
2.030120302173757452e+01
-2.842365251960501737e+01
-3.125756237155135153e+01
2.031842326890287609e+01
6.036162614091458600e+00
-2.683111339726795830e+00
-6.495372147818708974e+00
-2.886642515542495957e+01
-2.666003797167452305e+01
4.363941803650665641e+00
9.455733135335567141e+00
4.306945969866116997e+01
3.430760936362501567e+00
6.470347889983017353e+00
6.780753763426181635e+00
7.309471376096086104e+00
3.507262756009702720e+00
-3.483037386020436088e+01
-3.058152973999709090e+01
-3.161287117502945065e+01
3.776966596071200399e+01
3.914098757075453960e+01
3.753540678109577300e+01
2.117659361572746235e+01
1.897847753898679102e+01
1.801256897642570109e+01
-3.652351055445018346e+01
-1.116975514218864163e+01
-4.655943433884171867e+00
-2.313528314386140039e+00
-1.911925760517221962e+00
-3.825676877210823168e+00
3.725586796898269171e+01
3.491147885929569128e+01
-3.448214902566339646e+01
-3.438270113926893146e+01
-3.535544305405131382e+01
1.866481060202404407e+01
2.188613800322317715e+01
1.617813644605027434e+01
1.835975870892097106e+01
3.418471231972358026e+01
3.589100920235996739e+01
3.733886457859033925e+01
-1.510491183303196649e+01
-3.024052891474169869e+01
-2.942456713798851808e+01
-1.068145635667716142e+01
1.680275003812236889e+01
-3.724168429312012307e+01
-3.729812791861215970e+01
-3.879812892436005711e+01
-1.381543802184873648e+01
-1.402761222801948549e+01
-1.382519910895048554e+01
-3.873543578326475512e+01
3.578156525396488519e+01
3.577640581425602306e+01
-3.593788970866877008e+01
-1.367407331168837281e+01
-1.652948029956602127e+01
-1.681127353588006557e+01
-1.788478095110661670e+01
3.693671648322054324e+01
3.669196990957529891e+01
4.347563322772921879e+01
-3.026991680225092196e+01
8.362121936192743021e+00
-2.588295279637424073e+01
-2.878736211961700420e+01
-2.708874167737969429e+01
3.234590123350074897e+00
6.576913457083887415e+00
3.545830365471883283e+01
-1.942015790652001428e+01
-1.173426470777097919e+01
-8.932674750710770439e+00
2.357441092558208995e-01
8.910690267676281140e-01
2.341849068760110697e+01
2.345938454063128731e+01
-2.655674558596876622e+01
3.392834911091200212e+01
3.558912213897708909e+01
-1.709472213490588421e+00
5.062625574584235233e-01
2.459600614446076250e+01
-3.590605844006182679e+01
-3.833455402638782061e+01
-3.648166329110443939e+01
1.294384549026059439e+01
1.352369625395688502e+01
-3.610905361199586139e+01
-3.844866087392914267e+01
-3.777139263739021402e+01
2.534991521135647119e+01
-3.461331140399728667e+01
5.284843287406693513e+00
2.512561758101556020e+00
3.605622835132219706e+00
-8.740468334148681961e+00
-8.794463101034594388e+00
-2.503219545783848332e+01
-2.708396011393551106e+01
-2.469168907633085652e+01
7.003051049623553403e+00
1.214372555424573896e+01
1.242205130334543028e+01
1.130659813668762048e+01
1.988578573763641444e+01
1.761397834189767053e+01
1.988212574490898277e+01
3.743427203459529551e+01
3.762416743392245166e+01
-9.804644988130425176e+00
3.635870026351118156e+01
-3.695202941973117561e+01
-7.118050153105001776e+00
-1.053434260341067130e+01
-1.839730608927748179e+01
3.517120243037494731e+01
3.454864614599640049e+01
3.437332818336575713e+01
-2.001517578499466410e+01
2.703988526082800803e+01
2.893690121433618501e+01
-2.143839929050506043e+01
-4.059218267505109878e+01
-4.006324629151087180e+01
-4.025645884429344079e+01
-9.861188745736312100e+00
-8.750569560125253332e+00
-1.107569893278836126e+01
-1.408010843448251670e+01
-1.313147125332342036e+01
-1.918380320781970028e+01
-1.864438512526874803e+01
-1.384125370275985745e+01
-2.944522568763811776e+01
-3.463760098447684754e+01
-3.287620884760387696e+01
-3.304666757341630756e+01
1.837690838142774297e+01
-3.582808080608367529e+00
-2.730775578582050400e+01
2.316406020321627324e+01
-2.068976178713867409e+00
4.006845216806173227e+01
3.974746093725082829e+01
-3.860438169240529760e+01
-3.728600828586827021e+01
-3.807382994368342111e+01
-1.646566853502033112e+01
-1.626149391240569742e+01
-2.382577812183201260e+01
4.312570079903674269e+01
4.348733487917570528e+01
-3.630945019450956579e+01
-3.380161236470736696e+01
-1.967298827655460158e+01
-3.798725779347414999e+01
2.647787964441306485e+01
-2.134042797619623499e+01
-1.973094113363698909e+01
-4.151075186307235043e+01
-1.468710589561918844e+01
-4.119858857942302421e+01
6.730089621022171009e+00
4.429453499338950273e+00
4.038492097507732304e+00
6.830084480880453945e-01
-1.798179485828951485e+01
3.755879804354135842e+01
3.771576832315325589e+01
-3.018618083585839784e+01
9.766021547603386921e+00
1.281932951567424261e+01
3.309369402404283989e+01
3.349782003911845862e+01
-1.514976061463105950e+01
4.227938065298933878e+01
3.851279206021257551e+01
3.733315232382593774e+00
6.209991904995575851e+00
1.203199529254405320e+01
1.447309316533265644e+01
1.244888718423506724e+01
-3.547928949526067965e-01
3.395265901424084354e-01
4.275892714673108230e+01
-3.660137915571583989e+01
-3.643704997775886767e+01
6.594753594738419267e+00
1.507873176427439432e+01
1.636581174286238038e+01
-1.690038500587786885e+01
2.894054887480251637e+01
2.016685598848950889e+01
3.990517589741545379e+01
4.065657684446900078e+01
2.761986967235682400e+01
8.484741337155323748e+00
-3.149923668445648772e+01
-3.627555579222350612e+00
-6.570730886087000400e+00
-4.198802818388638336e+00
-3.639563497647478840e+01
-3.443619810975758355e+01
-3.648973954655441787e+01
-3.468345690017694238e+01
2.455068340779124014e+01
2.884744065903506183e+01
3.482312910636363767e+01
3.354675360111534133e+01
-3.448303413295513309e+01
-3.150429035411455914e+01
-1.996811052061179836e+01
1.763851361914727534e+01
3.884178533491948571e+01
3.921000473400715691e+01
1.354154517767165977e+01
-2.982814772888537647e+01
6.503177471767869200e+00
8.523309262890828464e+00
9.401769733299078169e+00
-4.242829450326703977e+01
-1.275722750490635349e+01
-1.317685190599390843e+01
-1.231408971541489805e+01
-1.092443243727495528e+01
-2.496160170088763408e+01
-4.200223254635567827e+01
4.138966924812418569e+01
3.920866717303701421e+01
4.068955427260528523e+01
-3.476220088401860409e+01
-3.682275985265911800e+01
-2.624498171827928417e+01
-2.523362898866668758e+01
-3.577054504056648909e+01
-3.449633817924462420e+01
-1.005632940315089430e+00
-3.422327341911325504e+01
1.528243739646668509e+01
-2.704541837783054792e+00
-6.623619362303990954e+00
-3.123722210770600416e+00
1.759073372944501301e+01
1.757864498141345067e+01
1.991645792041709129e+01
-8.544698450538769308e+00
-1.157844871933354192e+01
-8.700391142260544441e+00
-4.258251045426685977e+01
-4.289508388512313530e+01
-4.273301664813058665e+01
3.304547621789603795e+01
3.065805917350477117e+01
2.950253722759499908e+01
2.947346776651773226e+01
-1.196250303751962818e+01
-1.079624054066103156e+01
-1.003766285792314505e+01
4.325761959877416274e+01
-2.350605248718684592e+01
-2.403803338227104902e+01
4.353489019285563444e+01
-9.661891425581670134e+00
1.190180729411163973e+01
1.008472581198373952e+01
-5.274848019182112324e+00
1.386236997734072673e+01
1.467929686813493539e+01
-3.275154284118266901e+01
-4.550904504932572259e+00
-5.292585458645412189e+00
-7.953985627575782758e+00
-3.869346610601149195e+01
-3.950328338546100326e+01
-3.828331538781974075e+01
3.364242358820118994e+01
3.112571352406437342e+01
3.328887898189471173e+01
-5.248716220341430372e+00
-2.415928806914116489e+00
3.579094124647036779e+01
2.009160907742892377e+01
3.752013440869265537e+01
3.945452629837055269e+01
-2.774615176754230106e+01
1.790628493008536992e+01
-2.754310231615692928e+01
4.377726215515542663e+01
-2.515400085928893859e+01
-2.542185396442001277e+01
-2.855514645300885590e+01
-2.574156128845590530e+01
-2.834317189485374655e+01
4.343666114350381235e+01
4.325914729649898760e+01
4.379493732822218988e+01
3.620999419208219905e+01
1.603925546978863181e+01
4.328377696191491708e+01
4.384127293762248456e+01
4.339572568955326659e+01
-9.384869905924631439e+00
4.374823613738752925e+01
2.262900126461399353e+01
-2.941242511353088318e+01
-3.103004932575359121e+01
-6.555647357635685957e+00
2.814263799531231847e+00
3.195776395458639563e+00
-3.287519087151755226e+00
-5.268775902099177566e-01
-3.496778068980784582e+01
-3.351475340998871388e+01
4.380233204578976114e+01
-5.990647961761133899e+00
-2.337155331170050143e+00
3.096440777947164236e+01
-3.858322208393087749e+01
-3.818220974655555011e+01
3.237335636517440918e+01
2.611097181046509164e+01
-2.497064471176546618e+01
5.354638883731825061e+00
7.297106491095582292e+00
5.421805306671835467e+00
-2.626958480363953186e+01
-2.467516136537583193e+01
-2.655353201865017354e+01
-1.347912990518930698e+01
-5.246538745924258507e+00
-1.523540811325563027e+01
-2.963258865441177292e+01
-2.913472134536701574e+01
-1.223608350082655249e+01
2.761186167785129086e+01
-2.119953908325681979e+01
-1.418091410276511333e+01
-8.998278469670186297e+00
-8.137566998209566194e+00
9.147128845363754479e+00
4.206837238644028076e+01
4.279101073835000335e+01
-9.410757217947528730e+00
2.629945793116685948e+01
-6.259229459411834284e+00
-3.220433699623588808e+01
-4.347299247244660592e+01
2.037611665095717228e+00
4.259241271593581502e+01
4.243939028351231002e+01
-4.320909039412157426e+01
-4.349111106264930271e+01
-3.879489673707877273e+01
2.945808890771970923e+01
-1.708484047205425327e+01
6.651288965930742592e+00
3.558544138748655428e+01
3.475763472393381193e+01
3.283025391448926911e+01
3.236382017905168595e+01
-4.380354241937207860e+01
-4.164404233224819762e+01
-3.475840821730040719e-01
4.024226920522310280e+01
-4.261731644139751296e+01
-4.381385475156342579e+01
1.964742945714073130e+01
-4.380372100286624004e+01
-2.757097631374653446e+01
-2.925520739766649925e+01
4.101911315148439741e+01
4.088741206287944152e+01
-6.600795405876297428e-01
-1.257066113302987986e+01
4.513893565379762940e+00
-1.407480347750613481e+00
6.569249899665464909e+00
-2.950621494749292495e+01
-3.173979439470431529e+01
-3.177650863883814480e+01
8.557407672631709428e-01
1.295685335911860303e-01
-2.485850526323114540e+00
-2.478177638922995385e+01
-2.652887552538960492e+01
4.355664890696620262e+01
4.034954044261533568e+01
8.375801157244502804e+00
3.039485953111206840e+00
3.352698839544099485e+01
3.419360149869208954e+01
3.459680537707436088e+01
5.174546199821098647e+00
1.537269021012824055e+01
8.883963812543067551e-01
-2.539230024871472224e+01
-2.778594995707539894e+01
-3.223954696008861731e+01
-2.611525083054866414e+01
-2.712706233132714573e+01
7.688839431053386519e+00
1.670651629266796778e+00
-1.568386667350478980e+01
7.728560545642220170e-01
2.931220622951788002e+01
3.128495723902101489e+01
1.182514385851640881e+01
9.109347229104953314e+00
1.252811148411307052e+01
2.252868618499317854e+00
1.011886922655509657e+01
-2.091650792487751431e+01
5.484825391092582159e+00
2.181627774532053365e+01
-2.474831600524710407e+00
2.854762611431414854e+01
3.005424247018679296e+01
2.364987334916302864e+00
-2.688659942310164475e+00
-3.823251186894223252e+01
-1.460830563156461093e+00
-3.919036282376394098e+01
-4.002966824657043787e+01
-2.898852031359900394e+01
5.782979464602720832e+00
-1.047164820742334967e+01
-5.515682956806280401e+00
-7.005095917577381925e+00
-7.895446834944126469e-01
-3.996023521803336820e+01
6.566154440193374242e+00
-1.530967859589907576e+01
1.129574939943083756e+01
8.684365462140361203e+00
1.093059404552837144e+01
9.177537816622391986e+00
-9.572954431375817919e+00
3.162365420686865036e+01
3.275226093512129921e+01
5.517727697396947129e+00
3.759333592664954438e+01
-8.244243136813850015e+00
-9.799401288127429055e+00
-2.208418384286508829e+00
-3.024311610148307494e+01
3.467005323593821942e+01
3.502168120056099099e+01
-6.099096558035791205e+00
-7.332102131950541946e+00
-1.054321324911292912e+01
-9.630887263862286218e+00
2.670097471536127642e+01
2.475787741939750219e+01
2.667651781725891524e+01
-3.667270365902889750e+01
-3.681550936834283050e+01
-3.539889074667335933e+01
-3.298590470560476273e+00
-1.424016260620642171e+01
-5.486464394417114754e+00
1.375459990438191760e+01
8.088844191816015439e+00
1.202830200141401740e+01
1.194820485451651848e+01
3.154257636002703258e+00
4.074228668565923783e+01
1.009988772910469201e+01
7.503672966947046774e+00
8.510258024365370488e+00
3.005021552919367345e+00
6.401599790490369202e+00
-1.545554008703038207e+01
-2.952301901485012081e+01
-4.209546395188471735e+00
-7.020991086523266089e-01
8.768599474239639591e+00
-1.254665034424317582e+01
8.973207057303005385e+00
5.923800600367883362e-01
1.688430936994548048e+01
1.782051938419652970e+01
3.389257935906483965e+01
3.661390283804913537e+01
3.594184519614311313e+01
3.723964521392508686e+01
4.360575382639733277e+01
-3.871609499497267137e+01
-2.335448401424312692e+01
-2.304207701511562334e+01
-3.755636386333794974e+01
-1.993969215148637630e+01
-1.824519324862836633e+00
-1.490409784554044137e+01
-3.199210935073623219e+01
4.225130473189443236e+00
-1.211105658273082319e+01
-3.677122334904178302e+01
-1.788557889538709134e+01
-1.866234375548626545e+01
-1.910322919188679025e+00
1.258946268734550422e+01
4.153731874147460701e+01
4.088898009058983973e+01
5.614422780205613250e+00
-6.823998291520049220e-01
2.338063706151503141e+01
2.025597316261245240e+01
-2.412312860564161809e+01
-2.363671983805704357e+01
1.354514470284758865e+01
1.585420317284094160e+01
-1.769886735406270972e+01
1.330893492290353697e+00
2.865118884103729613e+00
-1.853088216234118946e+01
4.384696502388494821e+01
-1.353253489684798794e+01
-1.429121447846698700e+01
-4.388924401934153963e+01
-6.456039850844782491e-01
-3.361110283213914585e+01
-2.140221899205181089e+01
-2.011285358543367963e+01
-2.229204316680612763e+01
3.145642868312514295e+01
3.067079631009207930e+01
3.004179721083056265e+01
3.991616165139041073e+01
-5.210932880767745523e+00
1.090107710368972249e+01
2.540314203077521782e+01
2.655264835076529195e+01
3.114401049028449364e+01
2.911654907899761824e+01
1.424041311653156727e+00
3.569846557431495881e+01
3.729516331661129414e+01
3.717617377830603687e+01
4.302829074399541298e+01
-4.319274883731274883e+01
-4.314658238303319848e+01
-3.818896368111655448e+01
-3.914319483544726097e+01
-3.873594346847482939e+01
-3.923302951424969365e+01
-1.226458120532695872e+01
-9.371565562508655134e+00
-4.343641836957073821e+01
-4.326909212817510308e+01
3.653979227804900631e+01
-4.251363897513041934e+01
2.448570878808366658e+01
2.479391182705006713e+01
-4.070663502316337201e+01
-4.114822257172161812e+01
-4.017065120958299218e+01
-4.245886001704110413e+01
3.678628777970526187e+01
2.782177288807567805e+01
2.993119909028337133e+01
-1.443037654688742499e+01
-4.331626205836164978e+00
-2.613648553098029126e+01
-9.454290113661226513e+00
-3.355787655386256318e+01
-1.065968115593626386e+01
1.855517441680748281e+00
-3.789555090792888592e+01
-3.883450220620782289e+01
-3.143876569417101763e+01
1.835780039517022644e+01
9.122527886274642839e+00
1.340130876614079192e+01
9.695069661725362664e+00
-7.916188172481255947e+00
-3.250750117151402918e+01
2.185864545044259533e+00
-7.735048436554220253e+00
-3.926526634870269561e+01
-3.872105171475710250e+01
5.161833568395771676e-01
-2.936510475863391179e+01
-3.009004981976991644e+01
-2.832376232975018482e+01
1.547102525784117555e+00
-1.246957962369167561e+01
-8.798812589959648989e+00
-1.228132667705617642e+01
1.332511070896673999e+01
1.431749587742782204e+01
-1.385359243948004782e+01
-1.495578940312430838e+01
-3.754179225305533407e+01
-4.347057871792803496e+01
3.889357150587150613e+01
-3.804234348814708255e+01
-2.392881367587123265e+01
-8.206506391620507657e+00
-1.051599075170527087e+01
-3.541232509640406789e+01
-3.320623376769450630e+01
-4.392907742252944558e+01
2.955063307686923579e+01
-4.332023305957782355e+01
3.038538619167221810e+01
-9.796020972876238631e+00
1.216948467481119067e+01
1.240318266602436026e+01
3.140468039668016687e+01
-3.002057277393709711e+01
1.336490882103763322e+00
2.241583673907109997e+01
-4.395618827445051835e+01
2.103561681901505054e+01
1.733843020137673108e+01
1.643596311083479122e+01
1.373275227587130942e+01
1.383110083727849116e+01
-3.577962351294517873e+01
3.036680091917940061e+01
-2.361622022024571876e+01
-9.575331532425042980e+00
2.013804804746027344e+01
3.714838337847150029e+01
-1.015472893512037444e+01
-3.409920476690974311e+01
8.730604787661860655e+00
9.617867196849955391e+00
-7.552748420626448578e+00
3.300881765834864012e+01
3.200545961489098090e+01
3.226321087750752525e+01
2.241630060352852993e+01
-3.690061286309846622e+01
-3.659715232644285265e+01
-1.347699520419438635e+01
4.530548779050667108e+00
1.075691098349112806e+00
1.864253375021413195e+00
-4.323620189487446908e+01
-4.356890616302233354e+01
4.396560253988352684e+01
-1.519468213293827930e+01
3.113377809102805216e+01
-3.953903726037855648e+01
-3.854126138391387002e+01
-1.568369910251419519e+01
2.922023037528385103e+01
-4.084959265774644166e+01
1.697143177300688421e+01
-3.125136242846882340e+01
-3.124261772130388692e+01
-3.848322867933602964e+01
-3.871384373069647467e+01
-3.966752151819535754e+01
2.629700074399444176e+01
1.742218221596669281e+01
-2.041808725940742519e+01
-2.106069295056848034e+01
-2.037896427458991155e+01
-2.154329339773169139e+01
3.510220970076636604e+01
3.170093858245691720e+01
3.430586101261962995e+01
-1.155350660829341614e+01
1.716570022532506101e+01
4.065394554512718628e+01
3.850383766716142020e+01
4.107303175665816752e+01
4.072163198491344360e+01
-9.500185912270751487e+00
-1.031591415026102254e+01
-2.304060105465876163e+01
-2.369731826055102530e+01
-2.264114972017246785e+01
8.866760883529709147e+00
4.064233406669804083e+01
3.795072539813707380e+01
1.010469624829817192e+01
1.104479520442441398e+01
4.085465967446187818e+01
9.402489632959772692e+00
1.331436044800924101e+01
4.085757267021316608e+01
-3.527076959371088805e+01
-2.463278586220452127e+01
-2.325138886752528578e+01
5.276602188999896192e+00
2.654014326731134688e+01
2.703119784138835158e+01
3.888165480813127317e+01
3.888137171059273811e+01
-4.071526047613297550e+01
2.160295217875822615e+01
-5.298983958387709414e+00
2.909296579634415991e+01
2.770930647107040201e+01
-1.267252386807719944e+01
-1.919206597918883261e+00
2.423053713873942883e+01
2.741938461479960765e+01
7.262477753394627200e+00
3.266934669960031101e+01
3.283296521084258757e+01
-1.472859634742319068e+00
3.904900606150196296e+01
4.075561123378354011e+01
-4.026956524468788245e+01
-3.980744747737528400e+01
-1.909401679448780698e+01
1.256261598027656579e+00
4.018860183580464707e+01
3.991483976145039492e+01
1.086295811648050957e+01
9.592332913624122881e+00
-3.943538328255626624e+01
-4.467347181508498188e+00
-3.986620745392010434e+01
4.239642943108518125e+01
4.192722057812144953e+01
4.149071157587428615e+01
4.185122759471459375e+01
-4.365940346962059238e+01
3.995699346958492981e+01
4.013421603757160483e+01
4.067286326794535256e+01
-3.931270224471602859e+01
-3.961988167471449174e+01
-4.117393132539315559e+01
4.015254269676348287e+01
3.987027043202760979e+01
-1.141426249024672046e+01
-1.311624340017807455e+01
3.493794040579763305e+01
-3.224169804114619353e+01
-3.293934928189041500e+01
-4.272178463630428524e+00
3.057705049814100562e+01
4.165689590703554046e+01
3.142669426163687607e+00
4.181849888955331807e+01
4.104565649199020072e+01
2.978348151005814159e+01
4.130946103940614123e+00
6.602540221582684943e+00
-4.316661447681398300e+01
4.179351880251462603e+01
-4.211786895497440497e+01
-5.910659159502491988e+00
-4.265432617557303985e+01
9.891157513140647950e+00
4.336038019126409893e+01
1.507337223781045665e+01
-3.034686941212580535e+01
-2.069903107864723069e+01
-4.020893848777465962e+01
1.993555759836026553e+01
1.463840869132151745e+01
1.450905717013677787e+01
2.048475023763023373e+01
-6.293352810539839304e+00
3.380454083460006842e+01
3.549207529375887304e+01
3.629761880228946325e+01
8.084111491375164604e+00
-2.899344297977118501e+01
-1.863707907115075457e+01
-1.806833087126871717e+01
3.888512470580626967e+01
3.791892298562340358e+01
-1.592688024589115692e+01
-1.525566031818113899e+01
3.976256798594650377e+01
-3.268664429743881783e+01
-2.474475433897555376e+01
3.438887404732265907e+01
2.287833368261860123e+00
7.602728473786861396e-02
-9.844738171971188834e+00
-1.724352037778987068e+01
5.166758868992952003e+00
1.202702864521497800e-01
-4.338589247129601922e+00
3.687913534903121793e+00
-3.717602553799696352e+01
-4.316167675855479047e+01
2.360131851934288250e+01
3.579459539611172403e+01
-2.724099093827327778e+01
-4.116913753607685322e+01
3.577546060393300564e+01
3.810003474215832142e+01
-2.005240354804917757e+01
-2.010571703969098678e+01
2.626833134855424490e+01
2.249813623504266502e+01
-2.046625327957088203e+01
7.933929758906911545e+00
4.535330424931499849e+00
-4.221875664807262041e+01
-4.266624547140202850e+01
-4.302950245600685264e+01
-1.229273820041949783e+01
1.910097657502317858e+01
-1.784876529373357812e+01
-8.674875107109011552e+00
2.386495285662933341e+01
2.485085777527864792e+01
2.295450460519414904e+01
-1.636863842325055884e+01
-1.643179794609802613e+01
2.698806050820718028e+01
1.175638444957678352e+01
-4.230688911324776313e+01
-2.155984470033148526e+01
-4.037203411251218199e+01
-4.012458444993468731e+01
-3.891223795910702421e+01
-2.171208432880066397e+01
8.767008550451736326e+00
-4.365499841161177841e+01
6.575160913086912196e+00
-4.010056209111883874e+01
-2.621372052112254991e+01
-4.049303869532214151e+01
-4.078036008389468492e+01
-2.077289462797649033e+00
-8.398953397975304824e+00
-5.242032624643467642e+00
-1.517151758238035386e+00
4.223473125281034868e+01
1.851055594077136268e+00
-1.432854686887715667e+00
-1.186604285486831678e+01
-2.546087215667734327e+01
-2.431194531996299446e+01
1.243723647277730215e+01
9.485180092103229654e+00
-4.378281722719084001e+01
7.876202418225838997e+00
-2.272157030194793847e+01
-2.237169663878415449e+01
-2.437531939727106334e+01
-1.992074029938858359e+01
-2.252653999967549225e+01
3.495075063285714378e+01
3.545005233746393003e+01
3.356590461689892635e+01
-3.917399211250605617e+01
3.358234142855867788e+01
3.482572551834573460e+01
3.653898659014932093e+01
3.564078921804492950e+01
3.958424323435737335e+01
7.096645221254850533e+00
2.050381541255924844e+01
2.289155103925718393e+01
2.117095640761862541e+01
-3.753640558371654379e+01
4.000038950715500619e+01
-1.228043108850691389e+01
3.963255636466056586e+01
3.006137666118188534e+01
-2.720072004482117123e+01
-2.992172006295805176e+01
3.827109584375470064e+01
3.069664977951151386e+01
4.092789129730874009e+01
-9.065643518147911806e+00
-4.119631072462424726e+01
3.446930297573985769e+01
-3.685263524493810650e+01
2.125091006870805543e+01
2.261596613658687360e+01
3.937671616409586761e+01
3.875901599192585678e+01
-2.495729114908329294e+01
3.020021800344344598e+01
-3.509957665682616579e+01
-3.859827523459573229e+01
-1.316868187027698944e+01
-1.595603978932372868e+01
-1.306440881411950095e+01
-1.044570807743470908e+01
-3.785860229304559965e+01
1.100900216689877276e+01
8.636211259635187432e+00
-2.563603231893291312e+00
-3.390236897358237744e+00
3.384428545254921517e+01
1.128793411620636888e+01
-3.066672820851308323e+00
4.338082262909406239e+01
4.213653895216268808e+01
-4.917226381164936377e+00
-7.875318798743487392e+00
3.969326121149117625e+01
-1.243677433466074511e+01
-3.455934899390337023e+01
-3.315857219081839702e+01
-3.051067866099414516e+01
-1.212866685431871794e+01
-3.916333187642420910e+01
2.861236818367605395e+01
6.167928064477962380e+00
6.499452186928297515e+00
4.579156694878781408e+00
6.056445236660635167e+00
-1.279092688091117047e+01
-2.567062318885175998e+01
-5.427281194745114057e+00
7.469839803355494467e+00
-1.645301113269771065e+01
2.258305866752583668e+01
2.560801676834401164e+01
3.694991584748924396e+01
-1.974470594858609118e+01
3.832647222476695958e+01
-3.192623380235115604e+01
3.428876671497919659e+01
-2.716404302205384980e+01
-2.622885855688139500e+01
-2.133817795792602467e+01
-3.976959120616921695e+01
-6.828968566688045527e+00
2.132156385956636413e+01
-3.831914951205718722e+01
3.784941172917431373e+01
3.918659896124495390e+01
4.159963948706793957e+01
-1.468477039751665458e+01
4.173782320736625451e+01
-1.580567081745278024e+01
3.753263549765487994e+01
-1.912410353370029270e+01
1.624156291333887125e+01
-3.538223160913967291e+01
3.407138428931041574e+01
3.551309444213818978e+01
3.180202352724060333e+01
4.261992114260932851e+01
-4.145292534480149982e+01
-4.110524176253500173e+01
-4.088583846374098840e+01
3.367849537928792358e+01
3.449263267056969084e+01
-4.380849030266406174e+01
-3.296634759749928634e+01
1.722709020542787428e+01
-2.736706149216301398e+01
-3.833316526930081380e+01
3.963394029788779704e+01
-3.659890549499561985e+01
-1.957133858679434724e+01
5.752849155251718472e+00
-3.943972455788200193e+01
3.433365714916337197e+01
-2.862520676961820953e+01
-1.685762403957233246e+01
4.341971073493368083e-01
1.086061968923181631e+01
4.004631217285305667e+01
1.235427900439463222e+01
3.180470693732680765e+00
-3.782456165061769582e+01
-1.758539898863564943e+01
-2.172157607870225604e+01
-2.607444950840545062e+01
-2.406660746173876930e+01
-1.071297025691707283e+01
-4.235530490094709677e+01
-4.271281820757045722e+01
-4.229837536851299262e+01
-1.943261649034409544e+01
1.967170637481099149e+01
3.998469659875856763e+01
-3.556282647686066412e+01
-4.162711646248911990e+01
3.951265189105324538e+01
-9.650155076045006552e+00
-8.447057666072195659e+00
2.544284558899066440e+01
2.318569430075950777e+01
2.253587299793935372e+01
-3.668558281132017385e+01
-5.555092504792491503e+00
-3.559186282513967736e+00
-1.444170142795200995e+01
-3.868511783758481215e+01
-2.813801667872816736e+01
-9.679387681188888592e+00
-3.843251534258111946e+01
-2.121529074294485007e+00
-3.880647505172301948e+01
2.719477295783644877e+01
2.516462006286476694e+01
2.553345512982805232e+01
1.493369311786783449e+01
1.150284438955991284e+01
9.995957269819863100e+00
1.113922301107251300e+01
2.692152280861986569e+01
-2.262304210677195826e+01
-2.139943972828924501e+01
-2.211210463629427636e+01
4.058573099969574827e+01
4.150386208720529879e+01
4.037732291617466984e+01
1.857366145958670245e+01
4.063499225705279372e+01
-1.898497068691761314e+01
-1.623743967648949393e+01
3.982816733105710938e+01
-3.950191987791758663e+01
-3.957443686987192422e+01
-3.225657884246698615e+01
-3.026524688735863933e+01
-5.135124023280615901e+00
1.915509055343195399e+01
-2.195380694249573139e+01
2.161646850716685009e+01
1.567847790923417584e-01
1.538188667680595589e-01
2.071509025343832278e+01
2.482297198867613375e+01
2.194350886380951593e+01
-1.907128123066860681e+01
-1.750685312914049163e+01
-2.789979627677674756e+01
-2.693890375821055372e+01
-2.113421503692221393e+01
4.356360956241211113e+01
4.333759450355419318e+01
4.308248281180621575e+01
-1.297694811256068625e+01
-1.198546004623575101e+01
-1.821891764390101187e+01
1.947599155390699011e+01
-6.877407071399954219e+00
-4.046787539515185728e+01
-4.066163554233644106e+01
2.344221890615440174e+01
-1.020869753089718479e+01
-8.104900085350786654e+00
-3.253024718542919658e+01
-3.363759265900475981e+01
-3.212600712636641020e+01
-1.969632622673236000e+01
-2.029131999956691601e+01
2.716316161692461506e+01
-2.121211430013773835e+01
3.692090555261382434e+01
3.755041857730505228e+01
1.943403196287009083e+00
4.225725803639691236e+01
-3.429443915906598050e+01
2.313599357317789540e+01
1.496855830358858341e+01
2.088714813609808729e+01
1.591129281833272735e+01
1.843866875306647302e+01
2.652974067246562129e+01
4.255597284535956959e+01
2.510687491036178720e+00
3.321518323510309845e+00
1.019104453828028278e+00
-3.878626173395669952e+01
-4.093267957744401997e+01
-4.156870449526503819e+01
-3.949439367175997262e+01
4.288091469851784865e+01
-4.100792129079054149e+01
-2.645751794259188827e+01
-3.303594778750890271e+01
4.088451107726978506e+01
4.128731260215539578e+01
-4.393441880132404442e+00
2.417310716485674860e+01
1.951112021105564764e+01
-4.111610063647072622e+01
-3.478275481559695237e+01
1.009285549539277582e+01
-9.176868787546565542e+00
-3.371799800648093992e+01
-3.916002339352588990e+01
-4.208713251486678786e+01
-4.177078681908778890e+01
-1.349082841743667416e+01
4.206776073490889445e+01
2.944989219635347055e+01
-4.162517248564606831e+01
2.717363158525115452e+01
2.957159569962472201e+00
3.175680801852974966e+00
1.157602982156791249e+00
2.063080944090651059e+01
3.191659789462484653e+01
1.604222240860366133e+00
1.707221902132632085e-01
-1.596323698867341889e+01
-1.560321617262212968e+01
-1.685194770551527554e+01
4.722125938157491487e-01
2.192595903121961953e+01
3.246955833606416775e+01
-5.501518421295161332e+00
-3.515258543231458788e+01
4.187275504133487658e+01
-3.349953364278837853e+01
-1.353966704497279139e+01
-9.365938106547574193e+00
-3.517576373370562237e+01
1.064107663478003296e+01
-1.195757271358603546e+00
-1.552077881787949573e-02
9.795411721527853999e+00
-1.034956522662379896e+01
2.973048630505235224e+01
3.810295788643265524e+01
-3.772959806743919131e+01
-1.837901249171147811e+01
1.098064078655978371e+01
2.591497099362351264e+01
3.416620483141188203e+01
-3.505060754018028035e+01
-1.916886221902881715e+01
-1.799912908112959187e+01
-1.313203798668742728e+01
-4.051228833125905737e+01
-4.072451688447973339e+01
-1.606082645881117443e+01
-1.690330844721366432e+01
1.842731995392311717e+01
-1.268638545354551539e+01
-9.625030825865914963e+00
-3.128101658183721767e+01
-3.004306931985619400e+01
1.851363765396609296e+01
3.672103218180736661e+01
-2.465662445061970942e+01
-2.730315795232530007e+01
-1.807570478998350083e+01
-4.184285505949945616e+01
-4.249813748268633162e+01
-1.726199289272061677e+01
-1.928405866868272156e+01
-3.499830568209821280e+01
-2.757129714007937338e+01
2.251737461385875605e+00
2.784461315641923207e+01
2.662248231477877169e+01
1.421450904309916474e+01
-3.179252253798475536e+01
4.227344030775950756e+01
-3.132786422766946899e+01
3.894005302318677764e+01
-4.215449215302427888e+01
-3.750625266814961378e+01
3.835132365553175049e+01
1.636714342155868351e+01
-3.372850891870609757e+01
3.868278557196233436e+01
3.901137358373751596e+01
-5.751405750330991218e-01
3.857655721832009021e+01
-4.566644372464721435e+00
-3.900561059378865281e+01
-3.951219092049775838e+01
8.778684020388300979e+00
6.414503435694191680e+00
3.734580850395922624e+01
-4.208129347979433277e+01
-4.018218049233717437e+01
-2.202722144135654148e+01
-2.317345989094026137e+01
-1.522635486661626381e+01
-1.799905551689128558e+01
3.696473557043196223e+01
3.362837801055089670e+01
-3.740050478468977957e+01
2.129393282178438795e+01
-3.890828348225359434e+01
-3.835010972026619669e+01
1.326881192327394920e+01
3.559572204089334946e+01
3.656921897154809642e+01
4.338348780762196988e+00
3.529073632301475083e+00
-3.994693945367227172e+01
-4.086093909929317647e+01
-3.788632863712254562e+01
2.826369974126978590e+01
-4.243433177627888853e+01
-4.284490019083128942e+01
-4.077457910715943257e+01
7.293922502804544017e+00
-3.904844115443018637e+01
-1.481341115541571085e+01
-1.392084265696181511e+01
3.195626826246292040e+01
-4.412992798589992383e+00
-3.057566917980214516e+00
-3.045201932472999573e+01
-3.182384554142309696e+01
-2.944192345492361085e+00
-2.801746083035913326e+00
2.997543701852626530e+00
2.914793028762148808e+01
3.848654993627479115e+01
3.357063734000838906e+01
1.901312268695373930e+01
2.116123086765777472e+01
4.044121993892212608e+00
-3.726193811031505732e+01
1.371313070495611575e+00
4.295254187031819271e+01
-4.077726016357247829e+01
-3.979370722379476177e+01
-4.074316729724388608e+01
1.255150511091809129e+01
-3.787413008965768313e+01
-3.833349162087149864e+01
4.226061078771208912e+01
-3.243971374831513543e+01
2.621529833008138155e+01
2.809112934540344142e+01
2.570028674193579121e+01
4.305653530110906502e+01
-4.157674522575043596e+01
-1.208530452945034206e+01
-7.659850627129781486e+00
-9.114443678429031692e+00
3.380891251876116854e+01
2.302985641642589343e+01
2.688550024577061848e+01
1.753662566010729451e+00
5.262905056072462173e+00
-2.005552952836259806e+01
-2.150966496334357103e+01
7.695858940397171999e+00
1.476485177436088847e+01
-2.267952005283064665e+01
-3.974634929250384374e+01
1.674501135850608335e+01
2.491612565039605443e+01
2.286696334747110626e+01
3.848551165106684380e+01
3.700610089192857544e+01
6.925275211359872785e+00
3.844731979759450979e+01
1.387570864767246448e+01
2.487158628374400493e+01
1.998179962360612905e+01
-3.320785306709875329e+01
3.921994535841092500e+01
3.870938180503483039e+01
-3.150658400794533875e+01
4.106381261341498146e+01
4.115244493373385382e+01
5.622756775136934060e+00
-1.418874573630100677e+01
-8.927216719125341982e+00
-3.216789002149265286e+01
-3.262249051807246758e+01
4.395297407314051696e+01
4.393054957668248051e+01
4.385174265825493478e+01
-4.393567200401739115e+01
-4.398046619413209868e+01
-4.382879653438663325e+01
-4.391061248193356903e+01
-4.394285590353808857e+01
4.398749622490863231e+01
4.389331956087130493e+01
4.375457536087154864e+01
4.398303016404022969e+01
4.398623509069755499e+01
4.390063380756178191e+01
